# Created by Octave 6.2.0, Mon Aug 30 03:14:08 2021 -03 <kuroneko@kuroneko-VirtualBox>
# name: erro
# type: matrix
# rows: 4
# columns: 1
 0.426552732401627
 0.62084241853121058
 0.68510326256034271
 0.70158775303048704


# name: hh
# type: matrix
# rows: 4
# columns: 1
 0.25
 0.0625
 0.015625
 0.00390625


