# Created by Octave 6.2.0, Mon Aug 30 16:13:32 2021 -03 <kuroneko@kuroneko-VirtualBox>
# name: erro
# type: matrix
# rows: 4
# columns: 1
 0
 0
 0
 0


# name: hh
# type: matrix
# rows: 4
# columns: 1
 0
 0
 0
 0


