# Created by Octave 6.2.0, Mon Aug 30 23:46:59 2021 -03 <kuroneko@kuroneko-VirtualBox>
# name: alfa
# type: scalar
0


# name: beta
# type: scalar
160


# name: h
# type: scalar
0.0625


# name: xlU1
# type: matrix
# rows: 16
# columns: 1
 0
 0.0625
 0.125
 0.1875
 0.25
 0.3125
 0.375
 0.4375
 0.5
 0.5625
 0.625
 0.6875
 0.75
 0.8125
 0.875
 0.9375


# name: xlU2
# type: matrix
# rows: 16
# columns: 1
 0.0625
 0.125
 0.1875
 0.25
 0.3125
 0.375
 0.4375
 0.5
 0.5625
 0.625
 0.6875
 0.75
 0.8125
 0.875
 0.9375
 1


# name: U
# type: matrix
# rows: 16
# columns: 2
 -0.0001258949413754257 0.00025138506569554229
 -0.00049833687645203263 0.00061900448567019963
 -0.00085162800483712777 0.00096283591040226605
 -0.0011721915465948197 0.0012696660910621726
 -0.0014477084245894654 0.001527703715879507
 -0.0016675906797113762 0.0017270325436417062
 -0.0018233883602076055 0.0018599924792827634
 -0.00190911424858903 0.0019214739470407834
 -0.0019214739470407836 0.0019091142485890304
 -0.0018599924792827634 0.0018233883602076059
 -0.0017270325436417062 0.0016675906797113762
 -0.0015277037158795072 0.0014477084245894658
 -0.0012696660910621735 0.0011721915465948206
 -0.00096283591040226637 0.00085162800483712842
 -0.00061900448567020006 0.00049833687645203285
 -0.0002513850656955424 0.00012589494137554805


# name: x
# type: range
# base, limit, increment
0 1 0.0625


# name: exata
# type: matrix
# rows: 17
# columns: 1
 0
 0.19509032201612825
 0.38268343236508978
 0.55557023301960218
 0.70710678118654746
 0.83146961230254524
 0.92387953251128674
 0.98078528040323043
 1
 0.98078528040323043
 0.92387953251128674
 0.83146961230254546
 0.70710678118654757
 0.55557023301960218
 0.38268343236508989
 0.19509032201612861
 1.2246467991473532e-16


