# Created by Octave 6.2.0, Mon Aug 30 03:14:06 2021 -03 <kuroneko@kuroneko-VirtualBox>
# name: alfa
# type: scalar
-1


# name: beta
# type: scalar
160


# name: h
# type: scalar
0.0625


# name: xlU1
# type: matrix
# rows: 16
# columns: 1
 0
 0.0625
 0.125
 0.1875
 0.25
 0.3125
 0.375
 0.4375
 0.5
 0.5625
 0.625
 0.6875
 0.75
 0.8125
 0.875
 0.9375


# name: xlU2
# type: matrix
# rows: 16
# columns: 1
 0.0625
 0.125
 0.1875
 0.25
 0.3125
 0.375
 0.4375
 0.5
 0.5625
 0.625
 0.6875
 0.75
 0.8125
 0.875
 0.9375
 1


# name: U
# type: matrix
# rows: 16
# columns: 2
 0.098105203112779857 0.097148999912940306
 0.096473284106297866 0.091501423047011227
 0.0901005028118156 0.083223310450234289
 0.08115102236547897 0.071008795503142097
 0.068344776437771648 0.056655994128561815
 0.053502620841259348 0.039683028351538689
 0.036161483209303111 0.021480336930217774
 0.017725950937959926 0.0023045327666037542
 -0.0015384151274778124 -0.016959833298833965
 -0.020743660762319704 -0.035424807041405007
 -0.039004103706868049 -0.052823696196588721
 -0.056060911700468008 -0.067749694009677827
 -0.07052042397561066 -0.080662650837947533
 -0.082860417667186381 -0.08973761002876765
 -0.091277954774586695 -0.096249815833873348
 -0.097073543911526061 -0.098029747111365625


# name: x
# type: range
# base, limit, increment
0 1 0.0625


# name: exata
# type: matrix
# rows: 17
# columns: 1
 0
 0.19509032201612825
 0.38268343236508978
 0.55557023301960218
 0.70710678118654746
 0.83146961230254524
 0.92387953251128674
 0.98078528040323043
 1
 0.98078528040323043
 0.92387953251128674
 0.83146961230254546
 0.70710678118654757
 0.55557023301960218
 0.38268343236508989
 0.19509032201612861
 1.2246467991473532e-16


