# Created by Octave 6.3.0, Mon Sep 13 00:40:05 2021 -03 <kuroneko@kuroneko-VirtualBox>
# name: alfa
# type: scalar
1


# name: beta
# type: scalar
160


# name: Lambda
# type: matrix
# rows: 9
# columns: 1
 0
 0.15254829407878159
 -0.007774732343312646
 0.0077747323433126451
 0.007774732343312587
 -0.0077747323433125862
 0.018769864267046049
 -0.018769864267046046
 1.2246467991473532e-16


# name: h
# type: scalar
0.25


# name: xl
# type: matrix
# rows: 9
# columns: 1
 0
 0.125
 0.25
 0.375
 0.5
 0.625
 0.75
 0.875
 1


# name: U
# type: matrix
# rows: 3
# columns: 4
 0.0010712329482433238 0.1529920132944049 -0.0082184515589359443 0.0067034993950693218
 0.10735505570435296 0.14276519753998601 0.068449202691280658 0.034198106450695161
 0.1533400749535701 -0.0074467659665475991 0.0074467659665475947 0.0069829514685240427


# name: x
# type: range
# base, limit, increment
0 1 0.125


# name: exata
# type: matrix
# rows: 9
# columns: 1
 0
 0.38268343236508978
 0.70710678118654746
 0.92387953251128674
 1
 0.92387953251128674
 0.70710678118654757
 0.38268343236508989
 1.2246467991473532e-16


