# Created by Octave 6.2.0, Mon Aug 30 02:58:18 2021 -03 <kuroneko@kuroneko-VirtualBox>
# name: alfa
# type: scalar
-1


# name: beta
# type: scalar
640


# name: h
# type: scalar
0.015625


# name: xlU1
# type: matrix
# rows: 64
# columns: 1
 0
 0.015625
 0.03125
 0.046875
 0.0625
 0.078125
 0.09375
 0.109375
 0.125
 0.140625
 0.15625
 0.171875
 0.1875
 0.203125
 0.21875
 0.234375
 0.25
 0.265625
 0.28125
 0.296875
 0.3125
 0.328125
 0.34375
 0.359375
 0.375
 0.390625
 0.40625
 0.421875
 0.4375
 0.453125
 0.46875
 0.484375
 0.5
 0.515625
 0.53125
 0.546875
 0.5625
 0.578125
 0.59375
 0.609375
 0.625
 0.640625
 0.65625
 0.671875
 0.6875
 0.703125
 0.71875
 0.734375
 0.75
 0.765625
 0.78125
 0.796875
 0.8125
 0.828125
 0.84375
 0.859375
 0.875
 0.890625
 0.90625
 0.921875
 0.9375
 0.953125
 0.96875
 0.984375


# name: xlU2
# type: matrix
# rows: 64
# columns: 1
 0.015625
 0.03125
 0.046875
 0.0625
 0.078125
 0.09375
 0.109375
 0.125
 0.140625
 0.15625
 0.171875
 0.1875
 0.203125
 0.21875
 0.234375
 0.25
 0.265625
 0.28125
 0.296875
 0.3125
 0.328125
 0.34375
 0.359375
 0.375
 0.390625
 0.40625
 0.421875
 0.4375
 0.453125
 0.46875
 0.484375
 0.5
 0.515625
 0.53125
 0.546875
 0.5625
 0.578125
 0.59375
 0.609375
 0.625
 0.640625
 0.65625
 0.671875
 0.6875
 0.703125
 0.71875
 0.734375
 0.75
 0.765625
 0.78125
 0.796875
 0.8125
 0.828125
 0.84375
 0.859375
 0.875
 0.890625
 0.90625
 0.921875
 0.9375
 0.953125
 0.96875
 0.984375
 1


# name: U
# type: matrix
# rows: 64
# columns: 2
 -120678489.92484206 -120678489.92485617
 -120678489.92486681 -120678489.92494687
 -120678489.9249693 -120678489.92507854
 -120678489.92511274 -120678489.92528592
 -120678489.92533177 -120678489.92553504
 -120678489.92559244 -120678489.92585699
 -120678489.92592579 -120678489.9262204
 -120678489.92630047 -120678489.9266555
 -120678489.92674662 -120678489.92713068
 -120678489.92723261 -120678489.92767102
 -120678489.92778355 -120678489.9282531
 -120678489.92837591 -120678489.92889783
 -120678489.92903072 -120678489.92957985
 -120678489.92972241 -120678489.93032119
 -120678489.9304731 -120678489.93109816
 -120678489.93125907 -120678489.93192732
 -120678489.93209687 -120678489.9327922
 -120678489.93296994 -120678489.93370169
 -120678489.93388718 -120678489.93464531
 -120678489.93483812 -120678489.93562809
 -120678489.93582775 -120678489.9366429
 -120678489.93684894 -120678489.93768428
 -120678489.93789621 -120678489.93875638
 -120678489.93897368 -120678489.93985991
 -120678489.94008203 -120678489.94097635
 -120678489.94120279 -120678489.94212335
 -120678489.94235358 -120678489.94328
 -120678489.94351344 -120678489.94445385
 -120678489.9446899 -120678489.94563772
 -120678489.94587584 -120678489.94683656
 -120678489.94707623 -120678489.94803806
 -120678489.94827862 -120678489.94923732
 -120678489.94947821 -120678489.95044519
 -120678489.95068587 -120678489.95164585
 -120678489.95188572 -120678489.95284666
 -120678489.95308514 -120678489.95402785
 -120678489.95426439 -120678489.95521238
 -120678489.95544635 -120678489.95636752
 -120678489.95659843 -120678489.95752069
 -120678489.95774795 -120678489.9586412
 -120678489.95886421 -120678489.95975213
 -120678489.95997043 -120678489.96082421
 -120678489.96103725 -120678489.9618815
 -120678489.96208876 -120678489.96289931
 -120678489.96310033 -120678489.9638938
 -120678489.96408805 -120678489.96484116
 -120678489.96502814 -120678489.96576469
 -120678489.96594401 -120678489.9666357
 -120678489.96680689 -120678489.96747693
 -120678489.96763963 -120678489.968265
 -120678489.96841873 -120678489.96901643
 -120678489.96916088 -120678489.96971098
 -120678489.96984579 -120678489.97036698
 -120678489.97049187 -120678489.9709609
 -120678489.97107552 -120678489.97151622
 -120678489.97162031 -120678489.97200252
 -120678489.97209582 -120678489.97244984
 -120678489.97253209 -120678489.9728287
 -120678489.97289976 -120678489.97316505
 -120678489.97322473 -120678489.97342531
 -120678489.9734735 -120678489.97364612
 -120678489.97368266 -120678489.97379558
 -120678489.97382039 -120678489.97389835
 -120678489.97391133 -120678489.97392592


# name: x
# type: range
# base, limit, increment
0 1 0.015625


# name: exata
# type: matrix
# rows: 65
# columns: 1
 0
 0.049067674327418015
 0.098017140329560604
 0.14673047445536175
 0.19509032201612825
 0.24298017990326387
 0.29028467725446233
 0.33688985339222005
 0.38268343236508978
 0.42755509343028208
 0.47139673682599764
 0.51410274419322166
 0.55557023301960218
 0.59569930449243336
 0.63439328416364549
 0.67155895484701833
 0.70710678118654746
 0.74095112535495911
 0.77301045336273699
 0.80320753148064483
 0.83146961230254524
 0.85772861000027212
 0.88192126434835494
 0.90398929312344334
 0.92387953251128674
 0.94154406518302081
 0.95694033573220894
 0.97003125319454397
 0.98078528040323043
 0.98917650996478101
 0.99518472667219682
 0.99879545620517241
 1
 0.99879545620517241
 0.99518472667219693
 0.98917650996478101
 0.98078528040323043
 0.97003125319454397
 0.95694033573220894
 0.94154406518302081
 0.92387953251128674
 0.90398929312344345
 0.88192126434835505
 0.85772861000027212
 0.83146961230254546
 0.80320753148064494
 0.7730104533627371
 0.74095112535495899
 0.70710678118654757
 0.67155895484701855
 0.63439328416364549
 0.59569930449243347
 0.55557023301960218
 0.51410274419322177
 0.47139673682599786
 0.42755509343028203
 0.38268343236508989
 0.33688985339222033
 0.29028467725446239
 0.24298017990326407
 0.19509032201612861
 0.1467304744553618
 0.098017140329560826
 0.049067674327417966
 1.2246467991473532e-16


