# Created by Octave 6.2.0, Thu Sep 02 17:40:13 2021 -03 <kuroneko@kuroneko-VirtualBox>
# name: alfa
# type: scalar
-1


# name: beta
# type: scalar
640


# name: Lambda
# type: matrix
# rows: 33
# columns: 1
 0
 0.0025138506569554043
 1502106908089.3557
 1502106908089.3511
 2439289257477.4238
 2439289257477.416
 3282731088669.8101
 3282731088669.7988
 4000019405101.4199
 4000019405101.4062
 4563589219031.707
 4563589219031.6924
 4951782858564.9258
 4951782858564.9092
 5149682259835.3145
 5149682259835.2969
 5149682259835.3154
 5149682259835.2979
 4951782858564.9277
 4951782858564.9102
 4563589219031.709
 4563589219031.6934
 4000019405101.4204
 4000019405101.4062
 3282731088669.8125
 3282731088669.8003
 2439289257477.4238
 2439289257477.415
 1502106908089.3579
 1502106908089.3521
 507199432614.67383
 507199432614.67139
 1.2246467991473532e-16


# name: h
# type: scalar
0.0625


# name: xlU1
# type: matrix
# rows: 32
# columns: 1
 0
 0.03125
 0.0625
 0.09375
 0.125
 0.15625
 0.1875
 0.21875
 0.25
 0.28125
 0.3125
 0.34375
 0.375
 0.40625
 0.4375
 0.46875
 0.5
 0.53125
 0.5625
 0.59375
 0.625
 0.65625
 0.6875
 0.71875
 0.75
 0.78125
 0.8125
 0.84375
 0.875
 0.90625
 0.9375
 0.96875


# name: xlU2
# type: matrix
# rows: 32
# columns: 1
 0.03125
 0.0625
 0.09375
 0.125
 0.15625
 0.1875
 0.21875
 0.25
 0.28125
 0.3125
 0.34375
 0.375
 0.40625
 0.4375
 0.46875
 0.5
 0.53125
 0.5625
 0.59375
 0.625
 0.65625
 0.6875
 0.71875
 0.75
 0.78125
 0.8125
 0.84375
 0.875
 0.90625
 0.9375
 0.96875
 1


# name: U
# type: matrix
# rows: 16
# columns: 3
 1.3434081318904192e-05 0.0017206229365405857 0.0025320261787398039
 0.0025439080391221375 751053454044.68042 1502106908089.3555
 1502106908089.3557 1502106908089.3555 1502106908089.3508
 1502106908089.3513 1970698082783.3899 2439289257477.4238
 2439289257477.4243 2439289257477.4229 2439289257477.4155
 2439289257477.4165 2861010173073.6172 3282731088669.8096
 3282731088669.8101 3282731088669.8086 3282731088669.7983
 3282731088669.7993 3641375246885.6133 4000019405101.4199
 4000019405101.4209 4000019405101.4175 4000019405101.4062
 4000019405101.4072 4281804312066.5601 4563589219031.707
 4563589219031.707 4563589219031.7031 4563589219031.6914
 4563589219031.6924 4757686038798.3115 4951782858564.9258
 4951782858564.9258 4951782858564.9199 4951782858564.9092
 4951782858564.9102 5050732559200.1133 5149682259835.3145
 5149682259835.3145 5149682259835.3066 5149682259835.2969
 5149682259835.2979 5149682259835.3057 5149682259835.3154


# name: x
# type: range
# base, limit, increment
0 1 0.03125


# name: exata
# type: matrix
# rows: 33
# columns: 1
 0
 0.098017140329560604
 0.19509032201612825
 0.29028467725446233
 0.38268343236508978
 0.47139673682599764
 0.55557023301960218
 0.63439328416364549
 0.70710678118654746
 0.77301045336273699
 0.83146961230254524
 0.88192126434835494
 0.92387953251128674
 0.95694033573220894
 0.98078528040323043
 0.99518472667219682
 1
 0.99518472667219693
 0.98078528040323043
 0.95694033573220894
 0.92387953251128674
 0.88192126434835505
 0.83146961230254546
 0.7730104533627371
 0.70710678118654757
 0.63439328416364549
 0.55557023301960218
 0.47139673682599786
 0.38268343236508989
 0.29028467725446239
 0.19509032201612861
 0.098017140329560826
 1.2246467991473532e-16


