# Created by Octave 6.2.0, Mon Aug 30 23:46:53 2021 -03 <kuroneko@kuroneko-VirtualBox>
# name: alfa
# type: scalar
-1


# name: beta
# type: scalar
640


# name: h
# type: scalar
0.015625


# name: xlU1
# type: matrix
# rows: 64
# columns: 1
 0
 0.015625
 0.03125
 0.046875
 0.0625
 0.078125
 0.09375
 0.109375
 0.125
 0.140625
 0.15625
 0.171875
 0.1875
 0.203125
 0.21875
 0.234375
 0.25
 0.265625
 0.28125
 0.296875
 0.3125
 0.328125
 0.34375
 0.359375
 0.375
 0.390625
 0.40625
 0.421875
 0.4375
 0.453125
 0.46875
 0.484375
 0.5
 0.515625
 0.53125
 0.546875
 0.5625
 0.578125
 0.59375
 0.609375
 0.625
 0.640625
 0.65625
 0.671875
 0.6875
 0.703125
 0.71875
 0.734375
 0.75
 0.765625
 0.78125
 0.796875
 0.8125
 0.828125
 0.84375
 0.859375
 0.875
 0.890625
 0.90625
 0.921875
 0.9375
 0.953125
 0.96875
 0.984375


# name: xlU2
# type: matrix
# rows: 64
# columns: 1
 0.015625
 0.03125
 0.046875
 0.0625
 0.078125
 0.09375
 0.109375
 0.125
 0.140625
 0.15625
 0.171875
 0.1875
 0.203125
 0.21875
 0.234375
 0.25
 0.265625
 0.28125
 0.296875
 0.3125
 0.328125
 0.34375
 0.359375
 0.375
 0.390625
 0.40625
 0.421875
 0.4375
 0.453125
 0.46875
 0.484375
 0.5
 0.515625
 0.53125
 0.546875
 0.5625
 0.578125
 0.59375
 0.609375
 0.625
 0.640625
 0.65625
 0.671875
 0.6875
 0.703125
 0.71875
 0.734375
 0.75
 0.765625
 0.78125
 0.796875
 0.8125
 0.828125
 0.84375
 0.859375
 0.875
 0.890625
 0.90625
 0.921875
 0.9375
 0.953125
 0.96875
 0.984375
 1


# name: U
# type: matrix
# rows: 64
# columns: 2
 -1.3797830561775657e-06 0.049072207532709071
 0.049061567833794492 0.098028758160413912
 0.09800632183644771 0.14674914892340524
 0.14671497002545705 0.19511600813293273
 0.19507016900096141 0.24301281578872411
 0.24295542685321359 0.29032418428587159
 0.29025538380179428 0.33693613639367931
 0.33685609010742751 0.38273637983679476
 0.38264528058688324 0.42761457781713585
 0.42751264506963693 0.47146261482490187
 0.47135009414473272 0.5141748570983069
 0.51405201955764168 0.55564840710456376
 0.55551554862979702 0.59578335142905303
 0.59564079208788767 0.6344830014754913
 0.63433108470586708 0.67165412639722766
 0.67149321817994867 0.70720717769852015
 0.70703766567557569 0.74105650496470366
 0.74087879750540475 0.77312056220154368
 0.77293508741872496 0.80332210428667672
 0.80312930900533563 0.83158837305987721
 0.83138872174073331 0.8578512726038372
 0.85764524622440597 0.88204753329319763
 0.8818356281890728 0.90411886421661525
 0.90390159088575328 0.92401209360467562
 0.92378997547756125 0.94167929692534169
 0.94145286910399872 0.95707791233834982
 0.95684772030723242 0.97017084323041058
 0.96993744154228423 0.98092654758419962
 0.98069049852417445 0.98931911396584027
 0.98908098619677742 0.99532832394781701
 0.99508869114036991 0.99893970081693861
 0.99869914026752971 1.0001445444500086
 0.99990363569007135 0.99893995227318189
 0.99869927567302108 0.99532882625452368
 0.99508896162514937 0.98931986591290932
 0.98908139110922344 0.98092754736012522
 0.98069103688881754 0.97017208842664449
 0.96993811206215663 0.95707939995510549
 0.95684852136699305 0.94168102337881965
 0.94145379877382429 0.92401405473569809
 0.92379103151779562 0.9041210553006459
 0.90390277075230296 0.88204994905172285
 0.88183692903953559 0.8578539072170831
 0.85764666492491937 0.83159122018082987
 0.83139025487352358 0.80332515705637253
 0.80313095287695191 0.7731238132655931
 0.77293683806893609 0.74105994649100837
 0.74088065071674125 0.70721080139614156
 0.70703961698348872 0.67165792353636133
 0.67149526288356687 0.63448696290849582
 0.63433321787931995 0.59578746761248969
 0.59564300859217389 0.55565266812218617
 0.55551784312516361 0.51417925268495068
 0.51405438651644841 0.47146713439121357
 0.47135252786476856 0.42761921047508428
 0.42751513968785698 0.38274111442590131
 0.38264783009353387 0.3369409615079042
 0.33685868836052391 0.29032908830109183
 0.29025802454191707 0.24301778689073744
 0.24295810371858845 0.19512103434591913
 0.19507287554278527 0.14675421813877734
 0.14671769972343354 0.098033858165987836
 0.098009068114495335 0.049077326042124683
 0.04906432407588885 2.562341159945691e-06


# name: x
# type: range
# base, limit, increment
0 1 0.015625


# name: exata
# type: matrix
# rows: 65
# columns: 1
 0
 0.049067674327418015
 0.098017140329560604
 0.14673047445536175
 0.19509032201612825
 0.24298017990326387
 0.29028467725446233
 0.33688985339222005
 0.38268343236508978
 0.42755509343028208
 0.47139673682599764
 0.51410274419322166
 0.55557023301960218
 0.59569930449243336
 0.63439328416364549
 0.67155895484701833
 0.70710678118654746
 0.74095112535495911
 0.77301045336273699
 0.80320753148064483
 0.83146961230254524
 0.85772861000027212
 0.88192126434835494
 0.90398929312344334
 0.92387953251128674
 0.94154406518302081
 0.95694033573220894
 0.97003125319454397
 0.98078528040323043
 0.98917650996478101
 0.99518472667219682
 0.99879545620517241
 1
 0.99879545620517241
 0.99518472667219693
 0.98917650996478101
 0.98078528040323043
 0.97003125319454397
 0.95694033573220894
 0.94154406518302081
 0.92387953251128674
 0.90398929312344345
 0.88192126434835505
 0.85772861000027212
 0.83146961230254546
 0.80320753148064494
 0.7730104533627371
 0.74095112535495899
 0.70710678118654757
 0.67155895484701855
 0.63439328416364549
 0.59569930449243347
 0.55557023301960218
 0.51410274419322177
 0.47139673682599786
 0.42755509343028203
 0.38268343236508989
 0.33688985339222033
 0.29028467725446239
 0.24298017990326407
 0.19509032201612861
 0.1467304744553618
 0.098017140329560826
 0.049067674327417966
 1.2246467991473532e-16


