# Created by Octave 6.2.0, Mon Aug 30 21:49:47 2021 -03 <kuroneko@kuroneko-VirtualBox>
# name: alfa
# type: scalar
1


# name: beta
# type: scalar
160


# name: h
# type: scalar
0.0625


# name: xlU1
# type: matrix
# rows: 16
# columns: 1
 0
 0.0625
 0.125
 0.1875
 0.25
 0.3125
 0.375
 0.4375
 0.5
 0.5625
 0.625
 0.6875
 0.75
 0.8125
 0.875
 0.9375


# name: xlU2
# type: matrix
# rows: 16
# columns: 1
 0.0625
 0.125
 0.1875
 0.25
 0.3125
 0.375
 0.4375
 0.5
 0.5625
 0.625
 0.6875
 0.75
 0.8125
 0.875
 0.9375
 1


# name: U
# type: matrix
# rows: 16
# columns: 2
 -0.00016362294208252217 -0.19487686673157797
 -0.19570059480923069 -0.38217655782219895
 -0.38371690256801805 -0.55478941812279581
 -0.55698718495203459 -0.70608203221442378
 -0.70885276218035664 -0.83024030978341679
 -0.83347752528729613 -0.92249291785156307
 -0.92607221451702615 -0.97929464042666248
 -0.98307846789014819 -0.99846261916492651
 -1.0023055670590082 -0.97926023939297013
 -0.98301462538522777 -0.92242543779661124
 -0.9259469829388467 -0.83014234392787367
 -0.83329571721517592 -0.7059573453311776
 -0.7086213643965481 -0.55464280185884496
 -0.55671508994360019 -0.38201364655834386
 -0.38341456679353952 -0.19470392105632658
 -0.19537963686296902 8.8166940668450993e-05


# name: x
# type: range
# base, limit, increment
0 1 0.0625


# name: exata
# type: matrix
# rows: 17
# columns: 1
 0
 0.19509032201612825
 0.38268343236508978
 0.55557023301960218
 0.70710678118654746
 0.83146961230254524
 0.92387953251128674
 0.98078528040323043
 1
 0.98078528040323043
 0.92387953251128674
 0.83146961230254546
 0.70710678118654757
 0.55557023301960218
 0.38268343236508989
 0.19509032201612861
 1.2246467991473532e-16


