# Created by Octave 6.2.0, Mon Aug 30 03:14:06 2021 -03 <kuroneko@kuroneko-VirtualBox>
# name: alfa
# type: scalar
-1


# name: beta
# type: scalar
640


# name: h
# type: scalar
0.015625


# name: xlU1
# type: matrix
# rows: 64
# columns: 1
 0
 0.015625
 0.03125
 0.046875
 0.0625
 0.078125
 0.09375
 0.109375
 0.125
 0.140625
 0.15625
 0.171875
 0.1875
 0.203125
 0.21875
 0.234375
 0.25
 0.265625
 0.28125
 0.296875
 0.3125
 0.328125
 0.34375
 0.359375
 0.375
 0.390625
 0.40625
 0.421875
 0.4375
 0.453125
 0.46875
 0.484375
 0.5
 0.515625
 0.53125
 0.546875
 0.5625
 0.578125
 0.59375
 0.609375
 0.625
 0.640625
 0.65625
 0.671875
 0.6875
 0.703125
 0.71875
 0.734375
 0.75
 0.765625
 0.78125
 0.796875
 0.8125
 0.828125
 0.84375
 0.859375
 0.875
 0.890625
 0.90625
 0.921875
 0.9375
 0.953125
 0.96875
 0.984375


# name: xlU2
# type: matrix
# rows: 64
# columns: 1
 0.015625
 0.03125
 0.046875
 0.0625
 0.078125
 0.09375
 0.109375
 0.125
 0.140625
 0.15625
 0.171875
 0.1875
 0.203125
 0.21875
 0.234375
 0.25
 0.265625
 0.28125
 0.296875
 0.3125
 0.328125
 0.34375
 0.359375
 0.375
 0.390625
 0.40625
 0.421875
 0.4375
 0.453125
 0.46875
 0.484375
 0.5
 0.515625
 0.53125
 0.546875
 0.5625
 0.578125
 0.59375
 0.609375
 0.625
 0.640625
 0.65625
 0.671875
 0.6875
 0.703125
 0.71875
 0.734375
 0.75
 0.765625
 0.78125
 0.796875
 0.8125
 0.828125
 0.84375
 0.859375
 0.875
 0.890625
 0.90625
 0.921875
 0.9375
 0.953125
 0.96875
 0.984375
 1


# name: U
# type: matrix
# rows: 64
# columns: 2
 166862082.96038035 166862082.96036533
 166862082.96035472 166862082.96027648
 166862082.96025407 166862082.96014273
 166862082.96010855 166862082.95993778
 166862082.95989195 166862082.95968652
 166862082.95962915 166862082.95936602
 166862082.95929727 166862082.95900264
 166862082.95892262 166862082.95856643
 166862082.95847538 166862082.95809042
 166862082.95798853 166862082.95755279
 166862082.95744026 166862082.95696846
 166862082.95684564 166862082.95632538
 166862082.95619252 166862082.95563948
 166862082.955497 166862082.95490429
 166862082.95475239 166862082.95412594
 166862082.95396501 166862082.95329362
 166862082.95312411 166862082.95243049
 166862082.95225278 166862082.95152017
 166862082.95133471 166862082.95057932
 166862082.95038652 166862082.94959208
 166862082.94939244 166862082.94858295
 166862082.94837692 166862082.94753471
 166862082.94732279 166862082.94646531
 166862082.94624802 166862082.94536322
 166862082.94514111 166862082.94424558
 166862082.94401914 166862082.94309962
 166862082.94286942 166862082.94194341
 166862082.94171003 166862082.94076759
 166862082.94053155 166862082.9395833
 166862082.93934518 166862082.93838716
 166862082.93814752 166862082.93718773
 166862082.93694723 166862082.93598151
 166862082.93574059 166862082.93478024
 166862082.93453959 166862082.93357369
 166862082.93333384 166862082.93237606
 166862082.93213761 166862082.93119434
 166862082.93095782 166862082.93001527
 166862082.92978132 166862082.92884985
 166862082.92861897 166862082.92770171
 166862082.9274745 166862082.92658111
 166862082.9263581 166862082.9254733
 166862082.92525503 166862082.92439499
 166862082.92418197 166862082.92333776
 166862082.92313054 166862082.9223263
 166862082.92212531 166862082.92132935
 166862082.92113519 166862082.92038059
 166862082.92019364 166862082.91945651
 166862082.91927722 166862082.91858807
 166862082.91841695 166862082.91774532
 166862082.91758269 166862082.91695762
 166862082.91680387 166862082.91620505
 166862082.91606063 166862082.9155125
 166862082.91537768 166862082.91485468
 166862082.91472983 166862082.91426212
 166862082.9141475 166862082.91370711
 166862082.91360304 166862082.91321892
 166862082.91312563 166862082.91277084
 166862082.91268861 166862082.91239536
 166862082.91232431 166862082.91205934
 166862082.91199967 166862082.91179502
 166862082.91174686 166862082.9115738
 166862082.91153726 166862082.91142908
 166862082.91140431 166862082.91132388
 166862082.91131091 166862082.91129634


# name: x
# type: range
# base, limit, increment
0 1 0.015625


# name: exata
# type: matrix
# rows: 65
# columns: 1
 0
 0.049067674327418015
 0.098017140329560604
 0.14673047445536175
 0.19509032201612825
 0.24298017990326387
 0.29028467725446233
 0.33688985339222005
 0.38268343236508978
 0.42755509343028208
 0.47139673682599764
 0.51410274419322166
 0.55557023301960218
 0.59569930449243336
 0.63439328416364549
 0.67155895484701833
 0.70710678118654746
 0.74095112535495911
 0.77301045336273699
 0.80320753148064483
 0.83146961230254524
 0.85772861000027212
 0.88192126434835494
 0.90398929312344334
 0.92387953251128674
 0.94154406518302081
 0.95694033573220894
 0.97003125319454397
 0.98078528040323043
 0.98917650996478101
 0.99518472667219682
 0.99879545620517241
 1
 0.99879545620517241
 0.99518472667219693
 0.98917650996478101
 0.98078528040323043
 0.97003125319454397
 0.95694033573220894
 0.94154406518302081
 0.92387953251128674
 0.90398929312344345
 0.88192126434835505
 0.85772861000027212
 0.83146961230254546
 0.80320753148064494
 0.7730104533627371
 0.74095112535495899
 0.70710678118654757
 0.67155895484701855
 0.63439328416364549
 0.59569930449243347
 0.55557023301960218
 0.51410274419322177
 0.47139673682599786
 0.42755509343028203
 0.38268343236508989
 0.33688985339222033
 0.29028467725446239
 0.24298017990326407
 0.19509032201612861
 0.1467304744553618
 0.098017140329560826
 0.049067674327417966
 1.2246467991473532e-16


