# Created by Octave 6.3.0, Mon Sep 13 00:39:52 2021 -03 <kuroneko@kuroneko-VirtualBox>
# name: alfa
# type: scalar
0


# name: beta
# type: scalar
160


# name: Lambda
# type: matrix
# rows: 9
# columns: 1
 0
 0.15198938993187208
 -0.0076589795044543956
 0.0076589795044543938
 0.0076589795044543166
 -0.0076589795044543158
 0.018490412193591283
 -0.01849041219359128
 1.2246467991473532e-16


# name: h
# type: scalar
0.25


# name: xl
# type: matrix
# rows: 9
# columns: 1
 0
 0.125
 0.25
 0.375
 0.5
 0.625
 0.75
 0.875
 1


# name: U
# type: matrix
# rows: 3
# columns: 4
 0.00092452060967956635 0.15237233890709478 -0.0080419284796771108 0.0067344588947748302
 0.10567135696178798 0.14196196387069765 0.069030860706543379 0.035486600280947175
 0.15291391054155165 -0.0072760305292316795 0.0072760305292316751 0.0067344588947747504


# name: x
# type: range
# base, limit, increment
0 1 0.125


# name: exata
# type: matrix
# rows: 9
# columns: 1
 0
 0.38268343236508978
 0.70710678118654746
 0.92387953251128674
 1
 0.92387953251128674
 0.70710678118654757
 0.38268343236508989
 1.2246467991473532e-16


