# Created by Octave 6.2.0, Mon Aug 30 21:49:54 2021 -03 <kuroneko@kuroneko-VirtualBox>
# name: alfa
# type: scalar
0


# name: beta
# type: scalar
640


# name: h
# type: scalar
0.015625


# name: xlU1
# type: matrix
# rows: 64
# columns: 1
 0
 0.015625
 0.03125
 0.046875
 0.0625
 0.078125
 0.09375
 0.109375
 0.125
 0.140625
 0.15625
 0.171875
 0.1875
 0.203125
 0.21875
 0.234375
 0.25
 0.265625
 0.28125
 0.296875
 0.3125
 0.328125
 0.34375
 0.359375
 0.375
 0.390625
 0.40625
 0.421875
 0.4375
 0.453125
 0.46875
 0.484375
 0.5
 0.515625
 0.53125
 0.546875
 0.5625
 0.578125
 0.59375
 0.609375
 0.625
 0.640625
 0.65625
 0.671875
 0.6875
 0.703125
 0.71875
 0.734375
 0.75
 0.765625
 0.78125
 0.796875
 0.8125
 0.828125
 0.84375
 0.859375
 0.875
 0.890625
 0.90625
 0.921875
 0.9375
 0.953125
 0.96875
 0.984375


# name: xlU2
# type: matrix
# rows: 64
# columns: 1
 0.015625
 0.03125
 0.046875
 0.0625
 0.078125
 0.09375
 0.109375
 0.125
 0.140625
 0.15625
 0.171875
 0.1875
 0.203125
 0.21875
 0.234375
 0.25
 0.265625
 0.28125
 0.296875
 0.3125
 0.328125
 0.34375
 0.359375
 0.375
 0.390625
 0.40625
 0.421875
 0.4375
 0.453125
 0.46875
 0.484375
 0.5
 0.515625
 0.53125
 0.546875
 0.5625
 0.578125
 0.59375
 0.609375
 0.625
 0.640625
 0.65625
 0.671875
 0.6875
 0.703125
 0.71875
 0.734375
 0.75
 0.765625
 0.78125
 0.796875
 0.8125
 0.828125
 0.84375
 0.859375
 0.875
 0.890625
 0.90625
 0.921875
 0.9375
 0.953125
 0.96875
 0.984375
 1


# name: U
# type: matrix
# rows: 64
# columns: 2
 -1.9710621080002611e-06 3.9417284102361251e-06
 -7.8791041649738236e-06 9.8450229594776196e-06
 -1.3768164769885947e-05 1.5724599986087567e-05
 -1.9624056659918613e-05 2.156629507401874e-05
 -2.5432672478593173e-05 2.735603506813225e-05
 -3.1180018761627786e-05 3.3079871977660941e-05
 -3.6852249648418554e-05 3.8724016578140875e-05
 -4.2435700237930434e-05 4.4274871630860814e-05
 -4.7916919508640792e-05 4.9719064639801259e-05
 -5.3282702723228378e-05 5.5043480067148687e-05
 -5.8520123239942152e-05 6.0235290929774936e-05
 -6.3616563654013487e-05 6.5281989700562973e-05
 -6.8559746194089393e-05 7.0171418440135382e-05
 -7.3337762300459226e-05 7.4891798086395173e-05
 -7.7939101313817958e-05 7.9431756831318067e-05
 -8.2352678205452681e-05 8.378035751663411e-05
 -8.6567860282047774e-05 8.7927123982399949e-05
 -9.0574492800774367e-05 9.1862066304985708e-05
 -9.4362923432955335e-05 9.5575704863676072e-05
 -9.7924025517370355e-05 9.9059093177906798e-05
 -0.00010124922004718241 0.0001023038394601201
 -0.00010433049633751652 0.00010530212683231596
 -0.00010716043132390134 0.00010804673215759578
 -0.00010973220744508166 0.00011053104344133196
 -0.00011203962906712058 0.00011274907576004196
 -0.00011407713740922432 0.00011469548567959337
 -0.00011583982393533208 0.00011636558412800459
 -0.00011732344217920939 0.00011775534769183005
 -0.00011852441797455715 0.00011886142830891557
 -0.00011943985806549131 0.00011968116133417341
 -0.0001200675570766497 0.00012021257195894554
 -0.00012040600282613449 0.00012045437996849088
 -0.00012045437996849088 0.00012040600282613452
 -0.00012021257195894554 0.0001200675570766497
 -0.00011968116133417341 0.00011943985806549131
 -0.00011886142830891558 0.00011852441797455715
 -0.00011775534769183005 0.00011732344217920939
 -0.00011636558412800459 0.00011583982393533208
 -0.00011469548567959337 0.00011407713740922432
 -0.00011274907576004196 0.00011203962906712058
 -0.00011053104344133196 0.00010973220744508166
 -0.00010804673215759578 0.00010716043132390134
 -0.00010530212683231596 0.00010433049633751652
 -0.00010230383946012007 0.00010124922004718241
 -9.9059093177906798e-05 9.7924025517370382e-05
 -9.5575704863676072e-05 9.4362923432955335e-05
 -9.1862066304985708e-05 9.057449280077438e-05
 -8.7927123982399949e-05 8.6567860282047801e-05
 -8.378035751663411e-05 8.2352678205452681e-05
 -7.9431756831318067e-05 7.7939101313817972e-05
 -7.4891798086395173e-05 7.333776230045924e-05
 -7.0171418440135382e-05 6.8559746194089407e-05
 -6.5281989700562986e-05 6.3616563654013487e-05
 -6.0235290929774942e-05 5.8520123239942159e-05
 -5.5043480067148694e-05 5.3282702723228399e-05
 -4.9719064639801286e-05 4.7916919508640832e-05
 -4.4274871630860794e-05 4.2435700237930448e-05
 -3.872401657814093e-05 3.6852249648418595e-05
 -3.3079871977660961e-05 3.11800187616278e-05
 -2.7356035068132243e-05 2.5432672478593183e-05
 -2.1566295074018754e-05 1.962405665991865e-05
 -1.5724599986087591e-05 1.376816476988596e-05
 -9.8450229594776213e-06 7.8791041649738456e-06
 -3.9417284102361471e-06 1.9710621081227671e-06


# name: x
# type: range
# base, limit, increment
0 1 0.015625


# name: exata
# type: matrix
# rows: 65
# columns: 1
 0
 0.049067674327418015
 0.098017140329560604
 0.14673047445536175
 0.19509032201612825
 0.24298017990326387
 0.29028467725446233
 0.33688985339222005
 0.38268343236508978
 0.42755509343028208
 0.47139673682599764
 0.51410274419322166
 0.55557023301960218
 0.59569930449243336
 0.63439328416364549
 0.67155895484701833
 0.70710678118654746
 0.74095112535495911
 0.77301045336273699
 0.80320753148064483
 0.83146961230254524
 0.85772861000027212
 0.88192126434835494
 0.90398929312344334
 0.92387953251128674
 0.94154406518302081
 0.95694033573220894
 0.97003125319454397
 0.98078528040323043
 0.98917650996478101
 0.99518472667219682
 0.99879545620517241
 1
 0.99879545620517241
 0.99518472667219693
 0.98917650996478101
 0.98078528040323043
 0.97003125319454397
 0.95694033573220894
 0.94154406518302081
 0.92387953251128674
 0.90398929312344345
 0.88192126434835505
 0.85772861000027212
 0.83146961230254546
 0.80320753148064494
 0.7730104533627371
 0.74095112535495899
 0.70710678118654757
 0.67155895484701855
 0.63439328416364549
 0.59569930449243347
 0.55557023301960218
 0.51410274419322177
 0.47139673682599786
 0.42755509343028203
 0.38268343236508989
 0.33688985339222033
 0.29028467725446239
 0.24298017990326407
 0.19509032201612861
 0.1467304744553618
 0.098017140329560826
 0.049067674327417966
 1.2246467991473532e-16


