# Created by Octave 6.2.0, Mon Aug 30 03:14:06 2021 -03 <kuroneko@kuroneko-VirtualBox>
# name: alfa
# type: scalar
0


# name: beta
# type: scalar
40


# name: h
# type: scalar
0.25


# name: xlU1
# type: matrix
# rows: 4
# columns: 1
 0
 0.25
 0.5
 0.75


# name: xlU2
# type: matrix
# rows: 4
# columns: 1
 0.25
 0.5
 0.75
 1


# name: U
# type: matrix
# rows: 4
# columns: 2
 -0.0078027741157506887 0.015198938993187208
 -0.026233727971815557 0.02929731977359731
 -0.029297319773597313 0.026233727971815571
 -0.015198938993187208 0.0078027741157506922


# name: x
# type: range
# base, limit, increment
0 1 0.25


# name: exata
# type: matrix
# rows: 5
# columns: 1
 0
 0.70710678118654746
 1
 0.70710678118654757
 1.2246467991473532e-16


