# Created by Octave 6.2.0, Thu Sep 02 17:40:13 2021 -03 <kuroneko@kuroneko-VirtualBox>
# name: alfa
# type: scalar
-1


# name: beta
# type: scalar
2560


# name: Lambda
# type: matrix
# rows: 129
# columns: 1
 0
 3.9417284102360959e-05
 23827573824.820015
 23827573824.819939
 39648837123.91893
 39648837123.918808
 55374582901.55835
 55374582901.558167
 70966926458.747299
 70966926458.747055
 86388304474.128494
 86388304474.128204
 101601565497.30972
 101601565497.30939
 116570059449.96182
 116570059449.96143
 131257725919.06766
 131257725919.0672
 145629181029.61554
 145629181029.61502
 159649802687.45322
 159649802687.45267
 173285813986.94577
 173285813986.94519
 186504364582.49899
 186504364582.49835
 199273609827.92004
 199273609827.91937
 211562787492.9588
 211562787492.95807
 223342291872.21542
 223342291872.21466
 234583745107.87756
 234583745107.87677
 245260065554.46545
 245260065554.4646
 255345533020.88806
 255345533020.88715
 264815850732.63617
 264815850732.63525
 273648203864.84024
 273648203864.83929
 281821314505.18213
 281821314505.18115
 289315492914.24927
 289315492914.24823
 296112684959.84167
 296112684959.84064
 302196515610.95789
 302196515610.95679
 307552328386.67865
 307552328386.67761
 312167220664.91357
 312167220664.91248
 316030074765.94739
 316030074765.94629
 319131584735.90479
 319131584735.90369
 321464278765.60791
 321464278765.60675
 323022537190.81934
 323022537190.81824
 323802606030.50549
 323802606030.50439
 323802606030.50549
 323802606030.50439
 323022537190.81934
 323022537190.81824
 321464278765.60791
 321464278765.60681
 319131584735.90485
 319131584735.90369
 316030074765.94739
 316030074765.94629
 312167220664.91351
 312167220664.91241
 307552328386.67871
 307552328386.67761
 302196515610.95789
 302196515610.95679
 296112684959.84167
 296112684959.84058
 289315492914.24927
 289315492914.24829
 281821314505.18213
 281821314505.18115
 273648203864.84027
 273648203864.83929
 264815850732.6362
 264815850732.63525
 255345533020.88812
 255345533020.88721
 245260065554.46548
 245260065554.4646
 234583745107.87769
 234583745107.87683
 223342291872.21539
 223342291872.2146
 211562787492.95874
 211562787492.95798
 199273609827.91998
 199273609827.91928
 186504364582.49902
 186504364582.49835
 173285813986.94574
 173285813986.94513
 159649802687.45331
 159649802687.45276
 145629181029.61563
 145629181029.61511
 131257725919.06775
 131257725919.06729
 116570059449.9619
 116570059449.96149
 101601565497.30991
 101601565497.30954
 86388304474.12854
 86388304474.128235
 70966926458.747253
 70966926458.747009
 55374582901.558441
 55374582901.558235
 39648837123.918922
 39648837123.918777
 23827573824.820065
 23827573824.819973
 7948907813.32831
 7948907813.3282719
 1.2246467991473532e-16


# name: h
# type: scalar
0.015625


# name: xlU1
# type: matrix
# rows: 128
# columns: 1
 0
 0.0078125
 0.015625
 0.0234375
 0.03125
 0.0390625
 0.046875
 0.0546875
 0.0625
 0.0703125
 0.078125
 0.0859375
 0.09375
 0.1015625
 0.109375
 0.1171875
 0.125
 0.1328125
 0.140625
 0.1484375
 0.15625
 0.1640625
 0.171875
 0.1796875
 0.1875
 0.1953125
 0.203125
 0.2109375
 0.21875
 0.2265625
 0.234375
 0.2421875
 0.25
 0.2578125
 0.265625
 0.2734375
 0.28125
 0.2890625
 0.296875
 0.3046875
 0.3125
 0.3203125
 0.328125
 0.3359375
 0.34375
 0.3515625
 0.359375
 0.3671875
 0.375
 0.3828125
 0.390625
 0.3984375
 0.40625
 0.4140625
 0.421875
 0.4296875
 0.4375
 0.4453125
 0.453125
 0.4609375
 0.46875
 0.4765625
 0.484375
 0.4921875
 0.5
 0.5078125
 0.515625
 0.5234375
 0.53125
 0.5390625
 0.546875
 0.5546875
 0.5625
 0.5703125
 0.578125
 0.5859375
 0.59375
 0.6015625
 0.609375
 0.6171875
 0.625
 0.6328125
 0.640625
 0.6484375
 0.65625
 0.6640625
 0.671875
 0.6796875
 0.6875
 0.6953125
 0.703125
 0.7109375
 0.71875
 0.7265625
 0.734375
 0.7421875
 0.75
 0.7578125
 0.765625
 0.7734375
 0.78125
 0.7890625
 0.796875
 0.8046875
 0.8125
 0.8203125
 0.828125
 0.8359375
 0.84375
 0.8515625
 0.859375
 0.8671875
 0.875
 0.8828125
 0.890625
 0.8984375
 0.90625
 0.9140625
 0.921875
 0.9296875
 0.9375
 0.9453125
 0.953125
 0.9609375
 0.96875
 0.9765625
 0.984375
 0.9921875


# name: xlU2
# type: matrix
# rows: 128
# columns: 1
 0.0078125
 0.015625
 0.0234375
 0.03125
 0.0390625
 0.046875
 0.0546875
 0.0625
 0.0703125
 0.078125
 0.0859375
 0.09375
 0.1015625
 0.109375
 0.1171875
 0.125
 0.1328125
 0.140625
 0.1484375
 0.15625
 0.1640625
 0.171875
 0.1796875
 0.1875
 0.1953125
 0.203125
 0.2109375
 0.21875
 0.2265625
 0.234375
 0.2421875
 0.25
 0.2578125
 0.265625
 0.2734375
 0.28125
 0.2890625
 0.296875
 0.3046875
 0.3125
 0.3203125
 0.328125
 0.3359375
 0.34375
 0.3515625
 0.359375
 0.3671875
 0.375
 0.3828125
 0.390625
 0.3984375
 0.40625
 0.4140625
 0.421875
 0.4296875
 0.4375
 0.4453125
 0.453125
 0.4609375
 0.46875
 0.4765625
 0.484375
 0.4921875
 0.5
 0.5078125
 0.515625
 0.5234375
 0.53125
 0.5390625
 0.546875
 0.5546875
 0.5625
 0.5703125
 0.578125
 0.5859375
 0.59375
 0.6015625
 0.609375
 0.6171875
 0.625
 0.6328125
 0.640625
 0.6484375
 0.65625
 0.6640625
 0.671875
 0.6796875
 0.6875
 0.6953125
 0.703125
 0.7109375
 0.71875
 0.7265625
 0.734375
 0.7421875
 0.75
 0.7578125
 0.765625
 0.7734375
 0.78125
 0.7890625
 0.796875
 0.8046875
 0.8125
 0.8203125
 0.828125
 0.8359375
 0.84375
 0.8515625
 0.859375
 0.8671875
 0.875
 0.8828125
 0.890625
 0.8984375
 0.90625
 0.9140625
 0.921875
 0.9296875
 0.9375
 0.9453125
 0.953125
 0.9609375
 0.96875
 0.9765625
 0.984375
 0.9921875
 1


