# Created by Octave 6.2.0, Mon Aug 30 21:49:47 2021 -03 <kuroneko@kuroneko-VirtualBox>
# name: alfa
# type: scalar
1


# name: beta
# type: scalar
40


# name: h
# type: scalar
0.25


# name: xlU1
# type: matrix
# rows: 4
# columns: 1
 0
 0.25
 0.5
 0.75


# name: xlU2
# type: matrix
# rows: 4
# columns: 1
 0.25
 0.5
 0.75
 1


# name: U
# type: matrix
# rows: 4
# columns: 2
 -0.010102945426644472 -0.69440109970370767
 -0.739086700132358 -0.97652885012291835
 -1.0351234896701129 -0.68661924418872677
 -0.72479897769008206 0.0055026028048570244


# name: x
# type: range
# base, limit, increment
0 1 0.25


# name: exata
# type: matrix
# rows: 5
# columns: 1
 0
 0.70710678118654746
 1
 0.70710678118654757
 1.2246467991473532e-16


