# Created by Octave 6.2.0, Mon Aug 30 03:14:08 2021 -03 <kuroneko@kuroneko-VirtualBox>
# name: alfa
# type: scalar
1


# name: beta
# type: scalar
160


# name: h
# type: scalar
0.0625


# name: xlU1
# type: matrix
# rows: 16
# columns: 1
 0
 0.0625
 0.125
 0.1875
 0.25
 0.3125
 0.375
 0.4375
 0.5
 0.5625
 0.625
 0.6875
 0.75
 0.8125
 0.875
 0.9375


# name: xlU2
# type: matrix
# rows: 16
# columns: 1
 0.0625
 0.125
 0.1875
 0.25
 0.3125
 0.375
 0.4375
 0.5
 0.5625
 0.625
 0.6875
 0.75
 0.8125
 0.875
 0.9375
 1


# name: U
# type: matrix
# rows: 16
# columns: 2
 -0.098356992995530607 -0.096646229781549103
 -0.097469957859201817 -0.090263414075670678
 -0.091803758821489709 -0.081297638629429597
 -0.083495405458668459 -0.068469463321017568
 -0.071240193286950415 -0.0536005866968026
 -0.056837802200681874 -0.036228963264255024
 -0.039808259929718065 -0.017760351971652086
 -0.021544179435137825 0.0015384151274779752
 -0.0023045327666035911 0.020778061796012159
 0.017023675803754312 0.039071583761820343
 0.035550038619584765 0.056158877556011629
 0.053005504268709161 0.070645110858856899
 0.067981091793486451 0.0830070339311373
 0.080934745846381953 0.091440866038442009
 0.090039945803246396 0.097246489586777535
 0.09657077378013508 0.09828153699411657


# name: x
# type: range
# base, limit, increment
0 1 0.0625


# name: exata
# type: matrix
# rows: 17
# columns: 1
 0
 0.19509032201612825
 0.38268343236508978
 0.55557023301960218
 0.70710678118654746
 0.83146961230254524
 0.92387953251128674
 0.98078528040323043
 1
 0.98078528040323043
 0.92387953251128674
 0.83146961230254546
 0.70710678118654757
 0.55557023301960218
 0.38268343236508989
 0.19509032201612861
 1.2246467991473532e-16


