# Created by Octave 6.2.0, Mon Aug 30 02:58:18 2021 -03 <kuroneko@kuroneko-VirtualBox>
# name: alfa
# type: scalar
-1


# name: beta
# type: scalar
160


# name: h
# type: scalar
0.0625


# name: xlU1
# type: matrix
# rows: 16
# columns: 1
 0
 0.0625
 0.125
 0.1875
 0.25
 0.3125
 0.375
 0.4375
 0.5
 0.5625
 0.625
 0.6875
 0.75
 0.8125
 0.875
 0.9375


# name: xlU2
# type: matrix
# rows: 16
# columns: 1
 0.0625
 0.125
 0.1875
 0.25
 0.3125
 0.375
 0.4375
 0.5
 0.5625
 0.625
 0.6875
 0.75
 0.8125
 0.875
 0.9375
 1


# name: U
# type: matrix
# rows: 16
# columns: 2
 0.098105203112779801 0.097148999912940209
 0.096473284106297796 0.091501423047011143
 0.09010050281181553 0.083223310450234234
 0.0811510223654789 0.071008795503142028
 0.068344776437771593 0.056655994128561774
 0.053502620841259313 0.039683028351538654
 0.036161483209303076 0.02148033693021776
 0.017725950937959915 0.0023045327666037715
 -0.0015384151274777948 -0.016959833298833948
 -0.020743660762319691 -0.035424807041404965
 -0.039004103706868007 -0.052823696196588672
 -0.056060911700467959 -0.067749694009677772
 -0.070520423975610619 -0.080662650837947478
 -0.08286041766718634 -0.089737610028767595
 -0.091277954774586653 -0.096249815833873306
 -0.09707354391152602 -0.098029747111365598


# name: x
# type: range
# base, limit, increment
0 1 0.0625


# name: exata
# type: matrix
# rows: 17
# columns: 1
 0
 0.19509032201612825
 0.38268343236508978
 0.55557023301960218
 0.70710678118654746
 0.83146961230254524
 0.92387953251128674
 0.98078528040323043
 1
 0.98078528040323043
 0.92387953251128674
 0.83146961230254546
 0.70710678118654757
 0.55557023301960218
 0.38268343236508989
 0.19509032201612861
 1.2246467991473532e-16


