# Created by Octave 6.2.0, Thu Sep 02 17:40:13 2021 -03 <kuroneko@kuroneko-VirtualBox>
# name: alfa
# type: scalar
-1


# name: beta
# type: scalar
160


# name: Lambda
# type: matrix
# rows: 9
# columns: 1
 0
 0.15198938993187094
 74653613711562.812
 74653613711562.562
 74653613711562.844
 74653613711562.562
 30922539279491.422
 30922539279491.273
 1.2246467991473532e-16


# name: h
# type: scalar
0.25


# name: xlU1
# type: matrix
# rows: 8
# columns: 1
 0
 0.125
 0.25
 0.375
 0.5
 0.625
 0.75
 0.875


# name: xlU2
# type: matrix
# rows: 8
# columns: 1
 0.125
 0.25
 0.375
 0.5
 0.625
 0.75
 0.875
 1


# name: U
# type: matrix
# rows: 4
# columns: 3
 0.00079178087478854527 0.10428108289634987 0.15306062288011427
 0.1526121183206107 37326806855781.555 74653613711562.812
 74653613711562.812 74653613711562.734 74653613711562.547
 74653613711562.562 74653613711562.703 74653613711562.859


# name: x
# type: range
# base, limit, increment
0 1 0.125


# name: exata
# type: matrix
# rows: 9
# columns: 1
 0
 0.38268343236508978
 0.70710678118654746
 0.92387953251128674
 1
 0.92387953251128674
 0.70710678118654757
 0.38268343236508989
 1.2246467991473532e-16


