# Created by Octave 6.3.0, Mon Sep 13 00:39:52 2021 -03 <kuroneko@kuroneko-VirtualBox>
# name: alfa
# type: scalar
0


# name: beta
# type: scalar
640


# name: Lambda
# type: matrix
# rows: 33
# columns: 1
 0
 0.002513850656955423
 -0.0003016690230454184
 0.00030166902304541834
 2458811581721.9316
 2458811581721.9409
 3309003717274.2642
 3309003717274.2754
 4032032695682.4106
 4032032695682.4248
 4600112918785.4688
 4600112918785.4844
 4991413382192.6455
 4991413382192.6631
 5190896628539.0332
 5190896628539.0518
 5190896628539.0332
 5190896628539.0518
 4991413382192.6455
 4991413382192.6631
 4600112918785.4688
 4600112918785.4844
 4032032695682.4087
 4032032695682.4233
 3309003717274.2642
 3309003717274.2759
 2458811581721.9312
 2458811581721.9385
 1514128696001.448
 1514128696001.4526
 0.00031372531080029169
 -0.00031372531080029164
 1.2246467991473532e-16


# name: h
# type: scalar
0.0625


# name: xl
# type: matrix
# rows: 33
# columns: 1
 0
 0.03125
 0.0625
 0.09375
 0.125
 0.15625
 0.1875
 0.21875
 0.25
 0.28125
 0.3125
 0.34375
 0.375
 0.40625
 0.4375
 0.46875
 0.5
 0.53125
 0.5625
 0.59375
 0.625
 0.65625
 0.6875
 0.71875
 0.75
 0.78125
 0.8125
 0.84375
 0.875
 0.90625
 0.9375
 0.96875
 1


# name: U
# type: matrix
# rows: 3
# columns: 16
 1.568626554001459e-05 0.0025289341081076938 -0.0002877680348497761 0.00031818327356557377 2458811581721.9321 2458811581721.9414 3309003717274.2646 3309003717274.2759 4032032695682.4106 4032032695682.4253 4600112918785.4688 4600112918785.4854 4991413382192.6455 4991413382192.6641 5190896628539.0332 5190896628539.0518
 0.0017442116028564358 0.0025178509707600633 0.0022819808822448851 1229405790860.9688 2458811581721.9399 2883907649498.106 3309003717274.2739 3670518206478.3472 4032032695682.4224 4316072807233.9507 4600112918785.4805 4795763150489.0684 4991413382192.6562 5091155005365.8496 5190896628539.0439 5190896628539.042
 0.0025295369224954374 -0.00028658557189314754 0.00031557001124106048 2458811581721.9316 2458811581721.9409 3309003717274.2637 3309003717274.2754 4032032695682.4111 4032032695682.4248 4600112918785.4678 4600112918785.4844 4991413382192.6455 4991413382192.6631 5190896628539.0332 5190896628539.0518 5190896628539.0332


# name: x
# type: range
# base, limit, increment
0 1 0.03125


# name: exata
# type: matrix
# rows: 33
# columns: 1
 0
 0.098017140329560604
 0.19509032201612825
 0.29028467725446233
 0.38268343236508978
 0.47139673682599764
 0.55557023301960218
 0.63439328416364549
 0.70710678118654746
 0.77301045336273699
 0.83146961230254524
 0.88192126434835494
 0.92387953251128674
 0.95694033573220894
 0.98078528040323043
 0.99518472667219682
 1
 0.99518472667219693
 0.98078528040323043
 0.95694033573220894
 0.92387953251128674
 0.88192126434835505
 0.83146961230254546
 0.7730104533627371
 0.70710678118654757
 0.63439328416364549
 0.55557023301960218
 0.47139673682599786
 0.38268343236508989
 0.29028467725446239
 0.19509032201612861
 0.098017140329560826
 1.2246467991473532e-16


