# Created by Octave 6.3.0, Mon Sep 13 18:25:59 2021 -03 <kuroneko@kuroneko-VirtualBox>
# name: alfa
# type: scalar
-1


# name: beta
# type: scalar
360


# name: Lambda
# type: matrix
# rows: 5
# columns: 1
 NaN
 NaN
 NaN
 NaN
 NaN


# name: nen
# type: scalar
4


# name: nel
# type: scalar
4


# name: h
# type: scalar
0.25


# name: xl
# type: matrix
# rows: 13
# columns: 1
 0
 0.083333333333333329
 0.16666666666666666
 0.25
 0.33333333333333331
 0.41666666666666663
 0.49999999999999994
 0.58333333333333326
 0.66666666666666663
 0.75
 0.83333333333333337
 0.91666666666666674
 1


# name: U
# type: matrix
# rows: 4
# columns: 4
 NaN NaN NaN NaN
 NaN NaN NaN NaN
 NaN NaN NaN NaN
 NaN NaN NaN NaN


# name: x
# type: range
# base, limit, increment
0 1 0.083333333333333329


# name: exata
# type: matrix
# rows: 13
# columns: 1
 0
 0.25881904510252074
 0.49999999999999994
 0.70710678118654746
 0.8660254037844386
 0.9659258262890682
 1
 0.96592582628906842
 0.86602540378443871
 0.70710678118654757
 0.49999999999999994
 0.25881904510252057
 1.2246467991473532e-16


