# Created by Octave 6.2.0, Mon Aug 30 03:14:08 2021 -03 <kuroneko@kuroneko-VirtualBox>
# name: alfa
# type: scalar
1


# name: beta
# type: scalar
40


# name: h
# type: scalar
0.25


# name: xlU1
# type: matrix
# rows: 4
# columns: 1
 0
 0.25
 0.5
 0.75


# name: xlU2
# type: matrix
# rows: 4
# columns: 1
 0.25
 0.5
 0.75
 1


# name: U
# type: matrix
# rows: 4
# columns: 2
 -0.40709932277405286 -0.28873957620498897
 -0.33342517663363919 0.023744214999056216
 -0.034850424548138408 0.3223189670845571
 0.28413923358320181 0.4024989801522656


# name: x
# type: range
# base, limit, increment
0 1 0.25


# name: exata
# type: matrix
# rows: 5
# columns: 1
 0
 0.70710678118654746
 1
 0.70710678118654757
 1.2246467991473532e-16


