# Created by Octave 6.3.0, Mon Sep 13 00:39:50 2021 -03 <kuroneko@kuroneko-VirtualBox>
# name: alfa
# type: scalar
-1


# name: beta
# type: scalar
640


# name: Lambda
# type: matrix
# rows: 33
# columns: 1
 0
 0.0025138506569554221
 1617364743456.1021
 1617364743456.0964
 2626457825930.2637
 2626457825930.2544
 3534617607088.4438
 3534617607088.4307
 4306944015842.6055
 4306944015842.5894
 4913756981429.9668
 4913756981429.9473
 5331737021887.6367
 5331737021887.6162
 5544821398666.7344
 5544821398666.7139
 5544821398666.7344
 5544821398666.7139
 5331737021887.6367
 5331737021887.6172
 4913756981429.9668
 4913756981429.9482
 4306944015842.6055
 4306944015842.5889
 3534617607088.4453
 3534617607088.4316
 2626457825930.2637
 2626457825930.2534
 0.00030166902304541748
 -0.00030166902304541742
 0.00031372531080029197
 -0.00031372531080029191
 1.2246467991473532e-16


# name: h
# type: scalar
0.0625


# name: xl
# type: matrix
# rows: 33
# columns: 1
 0
 0.03125
 0.0625
 0.09375
 0.125
 0.15625
 0.1875
 0.21875
 0.25
 0.28125
 0.3125
 0.34375
 0.375
 0.40625
 0.4375
 0.46875
 0.5
 0.53125
 0.5625
 0.59375
 0.625
 0.65625
 0.6875
 0.71875
 0.75
 0.78125
 0.8125
 0.84375
 0.875
 0.90625
 0.9375
 0.96875
 1


# name: U
# type: matrix
# rows: 3
# columns: 16
 1.3434081318904202e-05 0.0025522945491412213 1617364743456.1021 1617364743456.0967 2626457825930.2642 2626457825930.2544 3534617607088.4443 3534617607088.4307 4306944015842.606 4306944015842.5903 4913756981429.9678 4913756981429.9473 5331737021887.6377 5331737021887.6172 5544821398666.7354 5544821398666.7148
 0.0017206229365405949 808682371728.05359 1617364743456.1011 2121911284693.1829 2626457825930.2617 3080537716509.353 3534617607088.4419 3920780811465.5234 4306944015842.6025 4610350498636.2822 4913756981429.9609 5122747001658.7959 5331737021887.6299 5438279210277.1777 5544821398666.7256 5544821398666.7236
 0.0025320261787398213 1617364743456.1016 1617364743456.0962 2626457825930.2632 2626457825930.2539 3534617607088.4429 3534617607088.4297 4306944015842.6045 4306944015842.5889 4913756981429.9658 4913756981429.9463 5331737021887.6357 5331737021887.6162 5544821398666.7334 5544821398666.7139 5544821398666.7344


# name: x
# type: range
# base, limit, increment
0 1 0.03125


# name: exata
# type: matrix
# rows: 33
# columns: 1
 0
 0.098017140329560604
 0.19509032201612825
 0.29028467725446233
 0.38268343236508978
 0.47139673682599764
 0.55557023301960218
 0.63439328416364549
 0.70710678118654746
 0.77301045336273699
 0.83146961230254524
 0.88192126434835494
 0.92387953251128674
 0.95694033573220894
 0.98078528040323043
 0.99518472667219682
 1
 0.99518472667219693
 0.98078528040323043
 0.95694033573220894
 0.92387953251128674
 0.88192126434835505
 0.83146961230254546
 0.7730104533627371
 0.70710678118654757
 0.63439328416364549
 0.55557023301960218
 0.47139673682599786
 0.38268343236508989
 0.29028467725446239
 0.19509032201612861
 0.098017140329560826
 1.2246467991473532e-16


