# Created by Octave 6.3.0, Mon Sep 13 00:40:05 2021 -03 <kuroneko@kuroneko-VirtualBox>
# name: alfa
# type: scalar
1


# name: beta
# type: scalar
640


# name: Lambda
# type: matrix
# rows: 33
# columns: 1
 0
 0.0025233335378864134
 -0.00030622825261285487
 0.00030622825261285481
 -0.00028222157394679296
 0.0002822215739467929
 -0.00024736927846563916
 0.00024736927846563911
 -0.00020301072033933955
 0.00020301072033933952
 -0.00015085057408012288
 0.00015085057408012286
 -9.2893324856982941e-05
 9.2893324856982914e-05
 -3.1366237254766076e-05
 3.136623725476607e-05
 3.1366237254761333e-05
 -3.1366237254761326e-05
 9.2893324856980678e-05
 -9.2893324856980664e-05
 0.00015085057408011825
 -0.00015085057408011822
 0.00020301072033933622
 -0.00020301072033933622
 0.00024736927846563602
 -0.00024736927846563596
 0.00028222157394678998
 -0.00028222157394678992
 0.00030622825261285421
 -0.00030622825261285416
 0.00031846675126578759
 -0.00031846675126578753
 1.2246467991473532e-16


# name: h
# type: scalar
0.0625


# name: xl
# type: matrix
# rows: 33
# columns: 1
 0
 0.03125
 0.0625
 0.09375
 0.125
 0.15625
 0.1875
 0.21875
 0.25
 0.28125
 0.3125
 0.34375
 0.375
 0.40625
 0.4375
 0.46875
 0.5
 0.53125
 0.5625
 0.59375
 0.625
 0.65625
 0.6875
 0.71875
 0.75
 0.78125
 0.8125
 0.84375
 0.875
 0.90625
 0.9375
 0.96875
 1


# name: U
# type: matrix
# rows: 3
# columns: 16
 1.8175521784399729e-05 0.0025408105845615889 -0.00029012131414939021 0.00032034610225233296 -0.00027063535417556515 0.00029083091192158897 -0.00024206767431747387 0.00024915941111293345 -0.00020480085298663368 0.00019770911619117445 -0.00015945991205491879 0.00013926435430889529 -0.00010701117449646096 7.6786386393518411e-05 -4.88432839299414e-05 1.3190715470366296e-05
 0.0017727787816610454 0.0025432229250182113 0.0023030949776654697 0.003095016363881398 0.0037444526098714941 0.0042794211290510514 0.0046157512757720167 0.0048143061163119262 0.0047843436518257582 0.0046187808960835167 0.0042245630770722312 0.0037230563659125088 0.0030216310695941155 0.0022638283542341228 0.0013586831229241494 0.00046345424221434371
 0.0025367676192053169 -0.00029331043550511658 0.00031813338104237198 -0.00027178664160457014 0.00029078530160378719 -0.0002410058547451379 0.00025128785544471766 -0.00020168757881742648 0.00020168757881742624 -0.00015476915105920165 0.0001444871503596214 -0.00010145705251397745 8.2458392514759887e-05 -4.3271365684283398e-05 1.8448420147027727e-05 1.793215593585713e-05


# name: x
# type: range
# base, limit, increment
0 1 0.03125


# name: exata
# type: matrix
# rows: 33
# columns: 1
 0
 0.098017140329560604
 0.19509032201612825
 0.29028467725446233
 0.38268343236508978
 0.47139673682599764
 0.55557023301960218
 0.63439328416364549
 0.70710678118654746
 0.77301045336273699
 0.83146961230254524
 0.88192126434835494
 0.92387953251128674
 0.95694033573220894
 0.98078528040323043
 0.99518472667219682
 1
 0.99518472667219693
 0.98078528040323043
 0.95694033573220894
 0.92387953251128674
 0.88192126434835505
 0.83146961230254546
 0.7730104533627371
 0.70710678118654757
 0.63439328416364549
 0.55557023301960218
 0.47139673682599786
 0.38268343236508989
 0.29028467725446239
 0.19509032201612861
 0.098017140329560826
 1.2246467991473532e-16


