# Created by Octave 6.2.0, Thu Sep 02 17:40:14 2021 -03 <kuroneko@kuroneko-VirtualBox>
# name: alfa
# type: scalar
-1


# name: beta
# type: scalar
10240


# name: Lambda
# type: matrix
# rows: 513
# columns: 1
 0
 6.1603034941830022e-07
 372656496.57809442
 372656496.57809329
 621031804.31973588
 621031804.31973386
 869313586.95598125
 869313586.95597839
 1117464454.1636178
 1117464454.163614
 1365447035.3348145
 1365447035.3348098
 1613223985.2049985
 1613223985.2049928
 1860757989.4769156
 1860757989.4769092
 2108011770.4400222
 2108011770.4400151
 2354948092.5843773
 2354948092.5843692
 2601529768.2081704
 2601529768.2081614
 2847719663.0180488
 2847719663.0180387
 3093480701.7214127
 3093480701.7214017
 3338775873.6098146
 3338775873.6098032
 3583568238.1326327
 3583568238.1326208
 3827820930.4601879
 3827820930.460175
 4071497167.0354481
 4071497167.0354342
 4314560251.1134968
 4314560251.1134815
 4556973578.2879276
 4556973578.2879124
 4798700642.003334
 4798700642.0033169
 5039705039.0530624
 5039705039.0530453
 5279950475.0614014
 5279950475.0613823
 5519400769.9493809
 5519400769.9493618
 5758019863.383357
 5758019863.383337
 5995771820.2055712
 5995771820.2055511
 6232620835.8458424
 6232620835.8458214
 6468531241.7136173
 6468531241.7135944
 6703467510.5695171
 6703467510.5694942
 6937394261.8756161
 6937394261.8755922
 7170276267.123621
 7170276267.1235962
 7402078455.1401453
 7402078455.1401196
 7632765917.3683071
 7632765917.3682814
 7862303913.1248341
 7862303913.1248074
 8090657874.831871
 8090657874.8318424
 8317793413.2227392
 8317793413.2227097
 8543676322.5208216
 8543676322.520792
 8768272585.5908432
 8768272585.5908127
 8991548379.061718
 8991548379.0616875
 9213470078.4202213
 9213470078.4201889
 9434004263.0747185
 9434004263.0746861
 9653117721.388195
 9653117721.3881607
 9870777455.6797848
 9870777455.6797504
 10086950687.194122
 10086950687.194086
 10301604861.037689
 10301604861.037655
 10514707651.081467
 10514707651.081429
 10726226964.829124
 10726226964.829086
 10936130948.250038
 10936130948.25
 11144387990.576401
 11144387990.576363
 11350966729.063665
 11350966729.063625
 11555836053.713669
 11555836053.713631
 11758965111.959686
 11758965111.959644
 11960323313.312717
 11960323313.312675
 12159880333.96829
 12159880333.968248
 12357606121.373119
 12357606121.373077
 12553470898.750917
 12553470898.750874
 12747445169.586662
 12747445169.586618
 12939499722.068653
 12939499722.068607
 13129605633.487722
 13129605633.487679
 13317734274.592873
 13317734274.592827
 13503857313.90275
 13503857313.902702
 13687946721.972239
 13687946721.972191
 13869974775.613626
 13869974775.613579
 14049914062.071583
 14049914062.071533
 14227737483.151436
 14227737483.151386
 14403418259.30006
 14403418259.300011
 14576929933.638767
 14576929933.638718
 14748246375.947632
 14748246375.947578
 14917341786.600592
 14917341786.60054
 15084190700.450787
 15084190700.450733
 15248767990.665504
 15248767990.665451
 15411048872.510208
 15411048872.510155
 15571008907.081001
 15571008907.080946
 15728624004.985065
 15728624004.98501
 15883870429.968395
 15883870429.968342
 16036724802.490448
 16036724802.490393
 16187164103.244951
 16187164103.244896
 16335165676.626579
 16335165676.626522
 16480707234.142765
 16480707234.142708
 16623766857.770294
 16623766857.770235
 16764323003.256065
 16764323003.256008
 16902354503.36157
 16902354503.361511
 17037840571.050619
 17037840571.05056
 17170760802.619762
 17170760802.619703
 17301095180.771057
 17301095180.770996
 17428824077.626556
 17428824077.626495
 17553928257.684227
 17553928257.684166
 17676388880.714703
 17676388880.714645
 17796187504.598618
 17796187504.598557
 17913306088.103855
 17913306088.10379
 18027726993.602547
 18027726993.602486
 18139432989.727196
 18139432989.727131
 18248407253.965668
 18248407253.965603
 18354633375.194611
 18354633375.194542
 18458095356.150894
 18458095356.150826
 18558777615.840748
 18558777615.840683
 18656664991.886215
 18656664991.88615
 18751742742.808506
 18751742742.808441
 18843996550.248062
 18843996550.247997
 18933412521.120811
 18933412521.120743
 19019977189.710457
 19019977189.710388
 19103677519.696297
 19103677519.696228
 19184500906.116524
 19184500906.116455
 19262435177.266426
 19262435177.266357
 19337468596.531433
 19337468596.531364
 19409589864.15461
 19409589864.154541
 19478788118.938324
 19478788118.938255
 19545052939.879944
 19545052939.879875
 19608374347.741165
 19608374347.741096
 19668742806.550896
 19668742806.550827
 19726149225.041271
 19726149225.041206
 19780584958.016842
 19780584958.016773
 19832041807.656441
 19832041807.656372
 19880512024.747791
 19880512024.747726
 19925988309.854485
 19925988309.854416
 19968463814.41526
 19968463814.415192
 20007932141.775368
 20007932141.775299
 20044387348.149887
 20044387348.149815
 20077823943.518814
 20077823943.518745
 20108236892.453896
 20108236892.453827
 20135621614.876881
 20135621614.876808
 20159973986.749306
 20159973986.749233
 20181290340.693527
 20181290340.693459
 20199567466.545074
 20199567466.545002
 20214802611.835999
 20214802611.835926
 20226993482.209473
 20226993482.2094
 20236138241.765251
 20236138241.765182
 20242235513.336189
 20242235513.336121
 20245284378.695614
 20245284378.695545
 20245284378.69561
 20245284378.695541
 20242235513.336189
 20242235513.336121
 20236138241.765251
 20236138241.765182
 20226993482.209469
 20226993482.209396
 20214802611.835999
 20214802611.83593
 20199567466.545074
 20199567466.545002
 20181290340.693535
 20181290340.693462
 20159973986.749306
 20159973986.749233
 20135621614.876877
 20135621614.876808
 20108236892.453896
 20108236892.453827
 20077823943.518814
 20077823943.518745
 20044387348.149883
 20044387348.149811
 20007932141.775368
 20007932141.775299
 19968463814.41526
 19968463814.415192
 19925988309.854488
 19925988309.854416
 19880512024.747795
 19880512024.747726
 19832041807.656441
 19832041807.656372
 19780584958.016838
 19780584958.016769
 19726149225.041267
 19726149225.041199
 19668742806.550896
 19668742806.550827
 19608374347.741165
 19608374347.741096
 19545052939.879944
 19545052939.879875
 19478788118.938324
 19478788118.938255
 19409589864.15461
 19409589864.154541
 19337468596.531437
 19337468596.531368
 19262435177.266426
 19262435177.266357
 19184500906.116516
 19184500906.116455
 19103677519.696293
 19103677519.696228
 19019977189.710453
 19019977189.710388
 18933412521.120811
 18933412521.12075
 18843996550.248058
 18843996550.247993
 18751742742.808506
 18751742742.808441
 18656664991.886215
 18656664991.886147
 18558777615.840752
 18558777615.840687
 18458095356.150894
 18458095356.150829
 18354633375.194603
 18354633375.194542
 18248407253.965668
 18248407253.965603
 18139432989.727196
 18139432989.727127
 18027726993.602547
 18027726993.602486
 17913306088.103851
 17913306088.10379
 17796187504.59861
 17796187504.598553
 17676388880.714703
 17676388880.714642
 17553928257.684227
 17553928257.684166
 17428824077.626564
 17428824077.626503
 17301095180.771057
 17301095180.771
 17170760802.619762
 17170760802.619705
 17037840571.050613
 17037840571.050554
 16902354503.361572
 16902354503.361513
 16764323003.256065
 16764323003.256006
 16623766857.77029
 16623766857.770233
 16480707234.142765
 16480707234.142708
 16335165676.626577
 16335165676.62652
 16187164103.244953
 16187164103.244896
 16036724802.490446
 16036724802.490391
 15883870429.968397
 15883870429.968342
 15728624004.985065
 15728624004.98501
 15571008907.081001
 15571008907.080948
 15411048872.510208
 15411048872.510155
 15248767990.665504
 15248767990.665453
 15084190700.450785
 15084190700.450733
 14917341786.600594
 14917341786.600542
 14748246375.94763
 14748246375.947578
 14576929933.638763
 14576929933.638714
 14403418259.300056
 14403418259.300005
 14227737483.151436
 14227737483.151386
 14049914062.071583
 14049914062.071533
 13869974775.613628
 13869974775.613579
 13687946721.97224
 13687946721.972193
