# Created by Octave 6.2.0, Mon Aug 30 03:14:08 2021 -03 <kuroneko@kuroneko-VirtualBox>
# name: alfa
# type: scalar
1


# name: beta
# type: scalar
640


# name: h
# type: scalar
0.015625


# name: xlU1
# type: matrix
# rows: 64
# columns: 1
 0
 0.015625
 0.03125
 0.046875
 0.0625
 0.078125
 0.09375
 0.109375
 0.125
 0.140625
 0.15625
 0.171875
 0.1875
 0.203125
 0.21875
 0.234375
 0.25
 0.265625
 0.28125
 0.296875
 0.3125
 0.328125
 0.34375
 0.359375
 0.375
 0.390625
 0.40625
 0.421875
 0.4375
 0.453125
 0.46875
 0.484375
 0.5
 0.515625
 0.53125
 0.546875
 0.5625
 0.578125
 0.59375
 0.609375
 0.625
 0.640625
 0.65625
 0.671875
 0.6875
 0.703125
 0.71875
 0.734375
 0.75
 0.765625
 0.78125
 0.796875
 0.8125
 0.828125
 0.84375
 0.859375
 0.875
 0.890625
 0.90625
 0.921875
 0.9375
 0.953125
 0.96875
 0.984375


# name: xlU2
# type: matrix
# rows: 64
# columns: 1
 0.015625
 0.03125
 0.046875
 0.0625
 0.078125
 0.09375
 0.109375
 0.125
 0.140625
 0.15625
 0.171875
 0.1875
 0.203125
 0.21875
 0.234375
 0.25
 0.265625
 0.28125
 0.296875
 0.3125
 0.328125
 0.34375
 0.359375
 0.375
 0.390625
 0.40625
 0.421875
 0.4375
 0.453125
 0.46875
 0.484375
 0.5
 0.515625
 0.53125
 0.546875
 0.5625
 0.578125
 0.59375
 0.609375
 0.625
 0.640625
 0.65625
 0.671875
 0.6875
 0.703125
 0.71875
 0.734375
 0.75
 0.765625
 0.78125
 0.796875
 0.8125
 0.828125
 0.84375
 0.859375
 0.875
 0.890625
 0.90625
 0.921875
 0.9375
 0.953125
 0.96875
 0.984375
 1


# name: U
# type: matrix
# rows: 64
# columns: 2
 -0.024546330754875487 -0.024520403981139631
 -0.024533405947375457 -0.024417790839854143
 -0.024442580891346662 -0.024274543867556307
 -0.024311062282900111 -0.024055232985878021
 -0.02410339178901191 -0.023794948989089584
 -0.023854632161238599 -0.023460969186714992
 -0.023532032945889802 -0.023086235185049143
 -0.023168508332429436 -0.022640725449151581
 -0.022734009781519047 -0.022155224835247029
 -0.022259295622474251 -0.021602404090314779
 -0.021717010616759801 -0.02101088115675075
 -0.021135747325253026 -0.020356007634037419
 -0.020490832631060035 -0.019664221883202569
 -0.019808680903518429 -0.018913542481086565
 -0.019067287510262605 -0.018128213158022904
 -0.018290873810817371 -0.017288903280959615
 -0.017460087693612528 -0.016417644663359206
 -0.016596940437626512 -0.015497739118815594
 -0.015684714315472623 -0.014548987187364257
 -0.014743191366785166 -0.01355730280622865
 -0.013758268113534942 -0.012540234001500256
 -0.012747476293664142 -0.011486284727183058
 -0.011699304739370441 -0.010410727575500558
 -0.010629012123843727 -0.0093046328394563692
 -0.0095276560573588961 -0.0081809732988104133
 -0.0084081979038058453 -0.007033360564883448
 -0.0072642391529958239 -0.0058724420024793217
 -0.006106418366967307 -0.0046943444186147362
 -0.0049308548899223668 -0.0035073631833187949
 -0.0037458379870048209 -0.0023101133263189748
 -0.0025499779556933909 -0.0011085109216983134
 -0.0013491875218592964 9.6368341689229573e-05
 -0.00014454041824775216 0.0013010154453005709
 0.0010604548958913938 0.0025019219298862911
 0.0022622891224390609 0.003698013783125067
 0.0034598860140622797 0.0048833777206660593
 0.0046473286606409144 0.0060594026089932796
 0.0058260009208668355 0.0072177980713832033
 0.0069876060402657304 0.0083624433791882249
 0.0081360155578451224 0.0094826983163937874
 0.009260580189279409 0.010584959473666574
 0.010367686142804389 0.011656263306674174
 0.011444358202549125 0.012705549769030305
 0.012499523389598921 0.013717557501633754
 0.013517906182489867 0.014703794743046216
 0.014510999461705032 0.015646726589813323
 0.015461251806994468 0.016560453125805476
 0.016382745666506427 0.01742518869675988
 0.017255676673815435 0.018257647203673039
 0.018096738986393961 0.019035813338633582
 0.018883896569009195 0.019779034991441197
 0.019636475650275865 0.020463086398133389
 0.020330227923366705 0.021109967614582208
 0.020987130073916907 0.021693259533925865
 0.021580738853756706 0.022237630385916255
 0.022135697638417419 0.022714482584689489
 0.022623383334777949 0.023151166218055828
 0.023071119931803982 0.023516917692644471
 0.023448117208567116 0.023841780183090799
 0.023784391247580298 0.02409283404750269
 0.024046994915531358 0.02430282421255341
 0.024268645314605194 0.024436682338395431
 0.024414246014429222 0.024529861121950616
 0.024519221423036027 0.024545148196771886


# name: x
# type: range
# base, limit, increment
0 1 0.015625


# name: exata
# type: matrix
# rows: 65
# columns: 1
 0
 0.049067674327418015
 0.098017140329560604
 0.14673047445536175
 0.19509032201612825
 0.24298017990326387
 0.29028467725446233
 0.33688985339222005
 0.38268343236508978
 0.42755509343028208
 0.47139673682599764
 0.51410274419322166
 0.55557023301960218
 0.59569930449243336
 0.63439328416364549
 0.67155895484701833
 0.70710678118654746
 0.74095112535495911
 0.77301045336273699
 0.80320753148064483
 0.83146961230254524
 0.85772861000027212
 0.88192126434835494
 0.90398929312344334
 0.92387953251128674
 0.94154406518302081
 0.95694033573220894
 0.97003125319454397
 0.98078528040323043
 0.98917650996478101
 0.99518472667219682
 0.99879545620517241
 1
 0.99879545620517241
 0.99518472667219693
 0.98917650996478101
 0.98078528040323043
 0.97003125319454397
 0.95694033573220894
 0.94154406518302081
 0.92387953251128674
 0.90398929312344345
 0.88192126434835505
 0.85772861000027212
 0.83146961230254546
 0.80320753148064494
 0.7730104533627371
 0.74095112535495899
 0.70710678118654757
 0.67155895484701855
 0.63439328416364549
 0.59569930449243347
 0.55557023301960218
 0.51410274419322177
 0.47139673682599786
 0.42755509343028203
 0.38268343236508989
 0.33688985339222033
 0.29028467725446239
 0.24298017990326407
 0.19509032201612861
 0.1467304744553618
 0.098017140329560826
 0.049067674327417966
 1.2246467991473532e-16


