# Created by Octave 6.2.0, Mon Aug 30 23:47:04 2021 -03 <kuroneko@kuroneko-VirtualBox>
# name: alfa
# type: scalar
1


# name: beta
# type: scalar
640


# name: h
# type: scalar
0.015625


# name: xlU1
# type: matrix
# rows: 64
# columns: 1
 0
 0.015625
 0.03125
 0.046875
 0.0625
 0.078125
 0.09375
 0.109375
 0.125
 0.140625
 0.15625
 0.171875
 0.1875
 0.203125
 0.21875
 0.234375
 0.25
 0.265625
 0.28125
 0.296875
 0.3125
 0.328125
 0.34375
 0.359375
 0.375
 0.390625
 0.40625
 0.421875
 0.4375
 0.453125
 0.46875
 0.484375
 0.5
 0.515625
 0.53125
 0.546875
 0.5625
 0.578125
 0.59375
 0.609375
 0.625
 0.640625
 0.65625
 0.671875
 0.6875
 0.703125
 0.71875
 0.734375
 0.75
 0.765625
 0.78125
 0.796875
 0.8125
 0.828125
 0.84375
 0.859375
 0.875
 0.890625
 0.90625
 0.921875
 0.9375
 0.953125
 0.96875
 0.984375


# name: xlU2
# type: matrix
# rows: 64
# columns: 1
 0.015625
 0.03125
 0.046875
 0.0625
 0.078125
 0.09375
 0.109375
 0.125
 0.140625
 0.15625
 0.171875
 0.1875
 0.203125
 0.21875
 0.234375
 0.25
 0.265625
 0.28125
 0.296875
 0.3125
 0.328125
 0.34375
 0.359375
 0.375
 0.390625
 0.40625
 0.421875
 0.4375
 0.453125
 0.46875
 0.484375
 0.5
 0.515625
 0.53125
 0.546875
 0.5625
 0.578125
 0.59375
 0.609375
 0.625
 0.640625
 0.65625
 0.671875
 0.6875
 0.703125
 0.71875
 0.734375
 0.75
 0.765625
 0.78125
 0.796875
 0.8125
 0.828125
 0.84375
 0.859375
 0.875
 0.890625
 0.90625
 0.921875
 0.9375
 0.953125
 0.96875
 0.984375
 1


# name: U
# type: matrix
# rows: 64
# columns: 2
 -2.562341159824091e-06 -0.049064324075933849
 -0.049077326042169675 -0.09800906811458536
 -0.098033858166077861 -0.14671769972356838
 -0.14675421813891218 -0.1950728755429646
 -0.19512103434609845 -0.24295810371881185
 -0.24301778689096082 -0.29025802454218397
 -0.29032908830135878 -0.33685868836083366
 -0.33694096150821395 -0.38264783009388564
 -0.38274111442625314 -0.42751513968824995
 -0.42761921047547724 -0.47135252786520171
 -0.47146713439164678 -0.5140543865169207
 -0.51417925268542286 -0.55551784312567387
 -0.55565266812269654 -0.59564300859272101
 -0.59578746761303691 -0.6343332178799026
 -0.63448696290907858 -0.67149526288418371
 -0.67165792353697817 -0.7070396169841382
 -0.70721080139679104 -0.74088065071742149
 -0.74105994649168871 -0.77293683806964575
 -0.77312381326630275 -0.80313095287768899
 -0.80332515705710994 -0.83139025487428708
 -0.83159122018159326 -0.85764666492570696
 -0.85785390721787058 -0.88183692904034516
 -0.88204994905253242 -0.90390277075313252
 -0.90412105530147557 -0.92379103151864328
 -0.92401405473654585 -0.94145379877468804
 -0.94168102337968351 -0.9568485213678708
 -0.95707939995598323 -0.96993811206304636
 -0.97017208842753411 -0.98069103688971726
 -0.98092754736102483 -0.98908139111013105
 -0.98931986591381693 -0.99508896162606253
 -0.99532882625543684 -0.99869927567393746
 -0.99893995227409838 -0.99990363569098906
 -1.000144544450926 -0.99869914026844619
 -0.9989397008178551 -0.99508869114128307
 -0.99532832394873039 -0.98908098619768536
 -0.98931911396674821 -0.98069049852507506
 -0.98092654758510023 -0.96993744154317518
 -0.97017084323130165 -0.95684772030811205
 -0.95707791233922945 -0.94145286910486448
 -0.94167929692620767 -0.92378997547841091
 -0.92401209360552528 -0.90390159088658473
 -0.90411886421744669 -0.88183562818988381
 -0.88204753329400887 -0.85764524622519511
 -0.85785127260462635 -0.83138872174149814
 -0.83158837306064215 -0.80312930900607471
 -0.80332210428741579 -0.77293508741943617
 -0.773120562202255 -0.74087879750608643
 -0.74105650496538533 -0.70703766567622595
 -0.7072071776991703 -0.67149321818056595
 -0.67165412639784505 -0.63433108470644972
 -0.63448300147607406 -0.59564079208843457
 -0.59578335142959982 -0.55551554863030694
 -0.55564840710507357 -0.51405201955811353
 -0.51417485709877886 -0.4713500941451656
 -0.47146261482533475 -0.42751264507002956
 -0.42761457781752843 -0.38264528058723463
 -0.38273637983714626 -0.33685609010773704
 -0.33693613639398889 -0.29025538380206101
 -0.29032418428613826 -0.2429554268534368
 -0.24301281578894735 -0.1950701690011406
 -0.19511600813311192 -0.14671497002559181
 -0.14674914892354002 -0.098006321836537708
 -0.098028758160503937 -0.049061567833839463
 -0.049072207532754049 1.379783056300668e-06


# name: x
# type: range
# base, limit, increment
0 1 0.015625


# name: exata
# type: matrix
# rows: 65
# columns: 1
 0
 0.049067674327418015
 0.098017140329560604
 0.14673047445536175
 0.19509032201612825
 0.24298017990326387
 0.29028467725446233
 0.33688985339222005
 0.38268343236508978
 0.42755509343028208
 0.47139673682599764
 0.51410274419322166
 0.55557023301960218
 0.59569930449243336
 0.63439328416364549
 0.67155895484701833
 0.70710678118654746
 0.74095112535495911
 0.77301045336273699
 0.80320753148064483
 0.83146961230254524
 0.85772861000027212
 0.88192126434835494
 0.90398929312344334
 0.92387953251128674
 0.94154406518302081
 0.95694033573220894
 0.97003125319454397
 0.98078528040323043
 0.98917650996478101
 0.99518472667219682
 0.99879545620517241
 1
 0.99879545620517241
 0.99518472667219693
 0.98917650996478101
 0.98078528040323043
 0.97003125319454397
 0.95694033573220894
 0.94154406518302081
 0.92387953251128674
 0.90398929312344345
 0.88192126434835505
 0.85772861000027212
 0.83146961230254546
 0.80320753148064494
 0.7730104533627371
 0.74095112535495899
 0.70710678118654757
 0.67155895484701855
 0.63439328416364549
 0.59569930449243347
 0.55557023301960218
 0.51410274419322177
 0.47139673682599786
 0.42755509343028203
 0.38268343236508989
 0.33688985339222033
 0.29028467725446239
 0.24298017990326407
 0.19509032201612861
 0.1467304744553618
 0.098017140329560826
 0.049067674327417966
 1.2246467991473532e-16


