# Created by Octave 6.2.0, Mon May 31 17:49:15 2021 -03 <kuroneko@kuroneko-VirtualBox>
# name: xl
# type: matrix
# rows: 1
# columns: 3073
 0 0.015625 0.03125 0.046875 0.0625 0.078125 0.09375 0.109375 0.125 0.140625 0.15625 0.171875 0.1875 0.203125 0.21875 0.234375 0.25 0.265625 0.28125 0.296875 0.3125 0.328125 0.34375 0.359375 0.375 0.390625 0.40625 0.421875 0.4375 0.453125 0.46875 0.484375 0.5 0.515625 0.53125 0.546875 0.5625 0.578125 0.59375 0.609375 0.625 0.640625 0.65625 0.671875 0.6875 0.703125 0.71875 0.734375 0.75 0.765625 0.78125 0.796875 0.8125 0.828125 0.84375 0.859375 0.875 0.890625 0.90625 0.921875 0.9375 0.953125 0.96875 0.984375 1 0.021158854166666657 0.02148437499999999 0.021809895833333322 0.022135416666666654 0.022460937499999986 0.022786458333333318 0.02311197916666665 0.023437499999999983 0.023763020833333315 0.024088541666666647 0.024414062499999979 0.024739583333333311 0.025065104166666644 0.025390624999999976 0.025716145833333308 0.02604166666666664 0.026367187499999972 0.026692708333333304 0.027018229166666637 0.027343749999999969 0.027669270833333301 0.027994791666666633 0.028320312499999965 0.028645833333333297 0.02897135416666663 0.029296874999999962 0.029622395833333294 0.029947916666666626 0.030273437499999958 0.030598958333333291 0.030924479166666623 0.031249999999999955 0.031575520833333287 0.031901041666666623 0.032226562499999958 0.032552083333333294 0.03287760416666663 0.033203124999999965 0.033528645833333301 0.033854166666666637 0.034179687499999972 0.034505208333333308 0.034830729166666644 0.035156249999999979 0.035481770833333315 0.03580729166666665 0.036132812499999986 0.036458333333333322 0.036783854166666657 0.037109374999999993 0.037434895833333329 0.037760416666666664 0.0380859375 0.038411458333333336 0.038736979166666671 0.039062500000000007 0.039388020833333343 0.039713541666666678 0.040039062500000014 0.04036458333333335 0.040690104166666685 0.041015625000000021 0.041341145833333356 0.041666666666666692 0.041992187500000028 0.042317708333333363 0.042643229166666699 0.042968750000000035 0.04329427083333337 0.043619791666666706 0.043945312500000042 0.044270833333333377 0.044596354166666713 0.044921875000000049 0.045247395833333384 0.04557291666666672 0.045898437500000056 0.046223958333333391 0.046549479166666727 0.046875000000000062 0.047200520833333398 0.047526041666666734 0.047851562500000069 0.048177083333333405 0.048502604166666741 0.048828125000000076 0.049153645833333412 0.049479166666666748 0.049804687500000083 0.050130208333333419 0.050455729166666755 0.05078125000000009 0.051106770833333426 0.051432291666666761 0.051757812500000097 0.052083333333333433 0.052408854166666768 0.052734375000000104 0.05305989583333344 0.053385416666666775 0.053710937500000111 0.054036458333333447 0.054361979166666782 0.054687500000000118 0.055013020833333454 0.055338541666666789 0.055664062500000125 0.055989583333333461 0.056315104166666796 0.056640625000000132 0.056966145833333467 0.057291666666666803 0.057617187500000139 0.057942708333333474 0.05826822916666681 0.058593750000000146 0.058919270833333481 0.059244791666666817 0.059570312500000153 0.059895833333333488 0.060221354166666824 0.06054687500000016 0.060872395833333495 0.061197916666666831 0.061523437500000167 0.061848958333333502 0.062174479166666838 0.062500000000000167 0.062825520833333495 0.063151041666666824 0.063476562500000153 0.063802083333333481 0.06412760416666681 0.064453125000000139 0.064778645833333467 0.065104166666666796 0.065429687500000125 0.065755208333333454 0.066080729166666782 0.066406250000000111 0.06673177083333344 0.067057291666666768 0.067382812500000097 0.067708333333333426 0.068033854166666755 0.068359375000000083 0.068684895833333412 0.069010416666666741 0.069335937500000069 0.069661458333333398 0.069986979166666727 0.070312500000000056 0.070638020833333384 0.070963541666666713 0.071289062500000042 0.07161458333333337 0.071940104166666699 0.072265625000000028 0.072591145833333356 0.072916666666666685 0.073242187500000014 0.073567708333333343 0.073893229166666671 0.07421875 0.074544270833333329 0.074869791666666657 0.075195312499999986 0.075520833333333315 0.075846354166666644 0.076171874999999972 0.076497395833333301 0.07682291666666663 0.077148437499999958 0.077473958333333287 0.077799479166666616 0.078124999999999944 0.078450520833333273 0.078776041666666602 0.079101562499999931 0.079427083333333259 0.079752604166666588 0.080078124999999917 0.080403645833333245 0.080729166666666574 0.081054687499999903 0.081380208333333232 0.08170572916666656 0.082031249999999889 0.082356770833333218 0.082682291666666546 0.083007812499999875 0.083333333333333204 0.083658854166666533 0.083984374999999861 0.08430989583333319 0.084635416666666519 0.084960937499999847 0.085286458333333176 0.085611979166666505 0.085937499999999833 0.086263020833333162 0.086588541666666491 0.08691406249999982 0.087239583333333148 0.087565104166666477 0.087890624999999806 0.088216145833333134 0.088541666666666463 0.088867187499999792 0.089192708333333121 0.089518229166666449 0.089843749999999778 0.090169270833333107 0.090494791666666435 0.090820312499999764 0.091145833333333093 0.091471354166666421 0.09179687499999975 0.092122395833333079 0.092447916666666408 0.092773437499999736 0.093098958333333065 0.093424479166666394 0.093749999999999722 0.094075520833333051 0.09440104166666638 0.094726562499999709 0.095052083333333037 0.095377604166666366 0.095703124999999695 0.096028645833333023 0.096354166666666352 0.096679687499999681 0.09700520833333301 0.097330729166666338 0.097656249999999667 0.097981770833332996 0.098307291666666324 0.098632812499999653 0.098958333333332982 0.09928385416666631 0.099609374999999639 0.099934895833332968 0.1002604166666663 0.10058593749999963 0.10091145833333295 0.10123697916666628 0.10156249999999961 0.10188802083333294 0.10221354166666627 0.1025390624999996 0.10286458333333293 0.10319010416666625 0.10351562499999958 0.10384114583333291 0.10416666666666624 0.10449218749999957 0.1048177083333329 0.10514322916666623 0.10546874999999956 0.10579427083333288 0.10611979166666621 0.10644531249999954 0.10677083333333287 0.1070963541666662 0.10742187499999953 0.10774739583333286 0.10807291666666619 0.10839843749999951 0.10872395833333284 0.10904947916666617 0.1093749999999995 0.10970052083333283 0.11002604166666616 0.11035156249999949 0.11067708333333282 0.11100260416666614 0.11132812499999947 0.1116536458333328 0.11197916666666613 0.11230468749999946 0.11263020833333279 0.11295572916666612 0.11328124999999944 0.11360677083333277 0.1139322916666661 0.11425781249999943 0.11458333333333276 0.11490885416666609 0.11523437499999942 0.11555989583333275 0.11588541666666607 0.1162109374999994 0.11653645833333273 0.11686197916666606 0.11718749999999939 0.11751302083333272 0.11783854166666605 0.11816406249999938 0.1184895833333327 0.11881510416666603 0.11914062499999936 0.11946614583333269 0.11979166666666602 0.12011718749999935 0.12044270833333268 0.12076822916666601 0.12109374999999933 0.12141927083333266 0.12174479166666599 0.12207031249999932 0.12239583333333265 0.12272135416666598 0.12304687499999931 0.12337239583333263 0.12369791666666596 0.12402343749999929 0.12434895833333262 0.12467447916666595 0.12499999999999928 0.12532552083333262 0.12565104166666596 0.12597656249999931 0.12630208333333265 0.12662760416666599 0.12695312499999933 0.12727864583333268 0.12760416666666602 0.12792968749999936 0.1282552083333327 0.12858072916666605 0.12890624999999939 0.12923177083333273 0.12955729166666607 0.12988281249999942 0.13020833333333276 0.1305338541666661 0.13085937499999944 0.13118489583333279 0.13151041666666613 0.13183593749999947 0.13216145833333282 0.13248697916666616 0.1328124999999995 0.13313802083333284 0.13346354166666619 0.13378906249999953 0.13411458333333287 0.13444010416666621 0.13476562499999956 0.1350911458333329 0.13541666666666624 0.13574218749999958 0.13606770833333293 0.13639322916666627 0.13671874999999961 0.13704427083333295 