# Created by Octave 6.2.0, Mon May 31 23:23:04 2021 -03 <kuroneko@kuroneko-VirtualBox>
# name: xl
# type: matrix
# rows: 257
# columns: 1
 0
 0.00390625
 0.0078125
 0.01171875
 0.015625
 0.01953125
 0.0234375
 0.02734375
 0.03125
 0.03515625
 0.0390625
 0.04296875
 0.046875
 0.05078125
 0.0546875
 0.05859375
 0.0625
 0.06640625
 0.0703125
 0.07421875
 0.078125
 0.08203125
 0.0859375
 0.08984375
 0.09375
 0.09765625
 0.1015625
 0.10546875
 0.109375
 0.11328125
 0.1171875
 0.12109375
 0.125
 0.12890625
 0.1328125
 0.13671875
 0.140625
 0.14453125
 0.1484375
 0.15234375
 0.15625
 0.16015625
 0.1640625
 0.16796875
 0.171875
 0.17578125
 0.1796875
 0.18359375
 0.1875
 0.19140625
 0.1953125
 0.19921875
 0.203125
 0.20703125
 0.2109375
 0.21484375
 0.21875
 0.22265625
 0.2265625
 0.23046875
 0.234375
 0.23828125
 0.2421875
 0.24609375
 0.25
 0.25390625
 0.2578125
 0.26171875
 0.265625
 0.26953125
 0.2734375
 0.27734375
 0.28125
 0.28515625
 0.2890625
 0.29296875
 0.296875
 0.30078125
 0.3046875
 0.30859375
 0.3125
 0.31640625
 0.3203125
 0.32421875
 0.328125
 0.33203125
 0.3359375
 0.33984375
 0.34375
 0.34765625
 0.3515625
 0.35546875
 0.359375
 0.36328125
 0.3671875
 0.37109375
 0.375
 0.37890625
 0.3828125
 0.38671875
 0.390625
 0.39453125
 0.3984375
 0.40234375
 0.40625
 0.41015625
 0.4140625
 0.41796875
 0.421875
 0.42578125
 0.4296875
 0.43359375
 0.4375
 0.44140625
 0.4453125
 0.44921875
 0.453125
 0.45703125
 0.4609375
 0.46484375
 0.46875
 0.47265625
 0.4765625
 0.48046875
 0.484375
 0.48828125
 0.4921875
 0.49609375
 0.5
 0.50390625
 0.5078125
 0.51171875
 0.515625
 0.51953125
 0.5234375
 0.52734375
 0.53125
 0.53515625
 0.5390625
 0.54296875
 0.546875
 0.55078125
 0.5546875
 0.55859375
 0.5625
 0.56640625
 0.5703125
 0.57421875
 0.578125
 0.58203125
 0.5859375
 0.58984375
 0.59375
 0.59765625
 0.6015625
 0.60546875
 0.609375
 0.61328125
 0.6171875
 0.62109375
 0.625
 0.62890625
 0.6328125
 0.63671875
 0.640625
 0.64453125
 0.6484375
 0.65234375
 0.65625
 0.66015625
 0.6640625
 0.66796875
 0.671875
 0.67578125
 0.6796875
 0.68359375
 0.6875
 0.69140625
 0.6953125
 0.69921875
 0.703125
 0.70703125
 0.7109375
 0.71484375
 0.71875
 0.72265625
 0.7265625
 0.73046875
 0.734375
 0.73828125
 0.7421875
 0.74609375
 0.75
 0.75390625
 0.7578125
 0.76171875
 0.765625
 0.76953125
 0.7734375
 0.77734375
 0.78125
 0.78515625
 0.7890625
 0.79296875
 0.796875
 0.80078125
 0.8046875
 0.80859375
 0.8125
 0.81640625
 0.8203125
 0.82421875
 0.828125
 0.83203125
 0.8359375
 0.83984375
 0.84375
 0.84765625
 0.8515625
 0.85546875
 0.859375
 0.86328125
 0.8671875
 0.87109375
 0.875
 0.87890625
 0.8828125
 0.88671875
 0.890625
 0.89453125
 0.8984375
 0.90234375
 0.90625
 0.91015625
 0.9140625
 0.91796875
 0.921875
 0.92578125
 0.9296875
 0.93359375
 0.9375
 0.94140625
 0.9453125
 0.94921875
 0.953125
 0.95703125
 0.9609375
 0.96484375
 0.96875
 0.97265625
 0.9765625
 0.98046875
 0.984375
 0.98828125
 0.9921875
 0.99609375
 1


# name: h
# type: scalar
0.015625


# name: u
# type: matrix
# rows: 257
# columns: 1
 1
 0.99609384056626615
 0.99218801476956875
 0.98828290104398753
 0.98437885998970998
 0.98047624829938973
 0.97657542430330391
 0.97267674576821594
 0.9687805704053335
 0.96488725589369495
 0.96099715989776102
 0.95711064007128699
 0.95322805406127764
 0.94934975950993261
 0.94547611405638243
 0.94160747533742573
 0.93774420098813416
 0.93388664864222981
 0.93003517593245222
 0.92619014049075399
 0.92235189994846101
 0.91852081193638035
 0.91469723408491777
 0.91088152402414024
 0.90707403938383591
 0.90327513779355217
 0.89948517688264484
 0.89570451428029974
 0.89193350761556101
 0.88817251451734602
 0.8844218926144678
 0.88068199953564641
 0.87695319290952223
 0.87323583036466268
 0.86953026952957457
 0.86583686803270832
 0.86215598350246681
 0.85848797356720619
 0.85483319585524853
 0.85119200799487782
 0.84756476761434718
 0.84395183234188198
 0.84035355980568149
 0.83677030763392091
 0.83320243345475664
 0.82965029489632403
 0.82611424958674318
 0.82259465515411623
 0.81909186922653243
 0.81560624943206539
 0.81213815339877926
 0.808687938754725
 0.80525596312794423
 0.80184258414646581
 0.79844815943831471
 0.79507304663150447
 0.7917176033540424
 0.78838218723392584
 0.78506715589914877
 0.7817728669776971
 0.77849967809755238
 0.7752479468866893
 0.77201803097307853
 0.76881028798468543
 0.76562507554947234
 0.7624627512953942
 0.75932367285040614
 0.75620819784245685
 0.75311668389949327
 0.75004948864945808
 0.74700696972029146
 0.74398948473993021
 0.74099739133630937
 0.73803104713735868
 0.73509080977100838
 0.73217703686518487
 0.72929008604781353
 0.72643031494681731
 0.72359808119011748
 0.72079374240563243
 0.71801765622128022
 0.71527018026497535
 0.71255167216463255
 0.70986248954816389
 0.70720299004348097
 0.70457353127849232
 0.70197447088110754
 0.69940616647923348
 0.69686897570077633
 0.69436325617363948
 0.69188936552572822
 0.68944766138494462
 0.6870385013791902
 0.68466224313636559
 0.6823192442843713
 0.68000986245110606
 0.67773445526446885
 0.67549338035235595
 0.67328699534266501
 0.67111565786329086
 0.66897972554212937
 0.66687955600707371
 0.6648155068860192
 0.66278793580685891
 0.66079720039748557
 0.65884365828578983
 0.65692766709966488
 0.65504958446700112
 0.65320976801568942
 0.65140857537361851
 0.64964636416867894
 0.64792349202875954
 0.64624031658174974
 0.64459719545553651
 0.64299448627800848
 0.64143254667705285
 0.63991173428055736
 0.63843240671640755
 0.63699492161249072
 0.63559963659669205
 0.63424690929689787
 0.63293709734099224
 0.63167055835686203
 0.63044764997239144
 0.62926872981546511
 0.62813415551396568
 0.62704428469577844
 0.62599947498878628
 0.62500008402087293
 0.62404646941992026
 0.62313898881381347
 0.6222779998304343
 0.62146386009766541
 0.62069692724338732
 0.61997755889548434
 0.61930611268183799
 0.61868294623033038
 0.61810841716884202
 0.61758288312525556
 0.61710670172745141
 0.61668023060331079
 0.61630382738071343
 0.61597784968754032
 0.615702655151672
 0.6154786014009892
 0.61530604606337036
 0.61518534676669656
 0.61511686113884734
 0.61510094680770311
 0.61513796140114274
 0.61522826254704632
 0.6153722078732925
 0.61557015500776113
 0.61582246157833109
 0.61612948521288191
 0.61649158353929256
 0.61690911418544236
 0.61738243477920873
 0.6179119029484712
 0.61849787632110798
 0.61914071252499769
 0.61984076918801811
 0.62059840393804722
 0.62141397440296309
 0.62228783821064559
 0.62322035298897127
 0.62421187636581954
 0.6252627659690676
 0.62637337942659321
 0.62754407436627313
 0.62877520841598644
 0.63006713920361024
 0.63142022435702205
 0.63283482150409842
 0.63431128827271777
 0.63584998229075707
 0.63745126118609441
 0.63911548258660578
 0.64084300412016848
 0.64263418341465961
 0.64448937809795692
 0.64640894579793562
 0.64839324414247446
 0.65044263075944941
 0.65255746327673836
 0.65473809932221716
 0.65698489652376302
 0.65929821250925236
 0.66167840490656216
 0.66412583134356873
 0.66664084944814928
 0.66922381684818033
 0.67187509117153887
 0.6745950300461
 0.67738399109974134
 0.68024233196033812
 0.68317041025576697
 0.68616858361390487
 0.68923720966262902
 0.69237664602981497
 0.69558725034333913
 0.69886938023107714
 0.70222339332090633
 0.70564964724070234
 0.70914849961834125
 0.71272030808169806
 0.71636543025864985
 0.72008422377707226
 0.72387704626484273
 0.72774425534983622
 0.7316862086599305
 0.735703263823001
 0.7397957784669239
 0.7439641102195752
 0.74820861670883088
 0.7525296555625659
 0.75692758440865715
 0.76140276087497949
 0.7659555425894099
 0.77058628717982403
 0.77529535227409863
 0.78008309550010824
 0.78494987448573028
 0.78989604685883952
 0.7949219702473127
 0.80002800227902382
 0.8052145005818514
 0.81048182278367065
 0.81583032651235832
 0.82126036939578884
 0.82677230906183941
 0.83236650313838489
 0.83804330925330173
 0.84380308503446422
 0.8496461881097499
 0.85557297610703353
 0.8615838066541921
 0.86767903737910124
