# Created by Octave 6.2.0, Mon May 31 23:23:02 2021 -03 <kuroneko@kuroneko-VirtualBox>
# name: xl
# type: matrix
# rows: 65
# columns: 1
 0
 0.015625
 0.03125
 0.046875
 0.0625
 0.078125
 0.09375
 0.109375
 0.125
 0.140625
 0.15625
 0.171875
 0.1875
 0.203125
 0.21875
 0.234375
 0.25
 0.265625
 0.28125
 0.296875
 0.3125
 0.328125
 0.34375
 0.359375
 0.375
 0.390625
 0.40625
 0.421875
 0.4375
 0.453125
 0.46875
 0.484375
 0.5
 0.515625
 0.53125
 0.546875
 0.5625
 0.578125
 0.59375
 0.609375
 0.625
 0.640625
 0.65625
 0.671875
 0.6875
 0.703125
 0.71875
 0.734375
 0.75
 0.765625
 0.78125
 0.796875
 0.8125
 0.828125
 0.84375
 0.859375
 0.875
 0.890625
 0.90625
 0.921875
 0.9375
 0.953125
 0.96875
 0.984375
 1


# name: h
# type: scalar
0.0625


# name: u
# type: matrix
# rows: 65
# columns: 1
 1
 0.98437885190686158
 0.96878056316530714
 0.9532280469639115
 0.93774419505854889
 0.9223518945090482
 0.90707403434333111
 0.89193350291209972
 0.87695318849929405
 0.86215597935019961
 0.84756476369258427
 0.83320242974135628
 0.81909186570331305
 0.80525595977948172
 0.79171760016720127
 0.77849967506101325
 0.7656250726533852
 0.75311668113516683
 0.74099738869602616
 0.72929008352468938
 0.71801765380913241
 0.70720298773671053
 0.69686897349429733
 0.68703849926836247
 0.67773445324504156
 0.66897972361018443
 0.66079719854941033
 0.65320976624813809
 0.64624031489161737
 0.6399117326649475
 0.63424690775310588
 0.62926872834096004
 0.62500008261328355
 0.62146385875476484
 0.61868294495002141
 0.61668022938360612
 0.61547860024001655
 0.61510094570369855
 0.61557015395905679
 0.61690911319045461
 0.61914071158222095
 0.62228783731865278
 0.62637337858402198
 0.63142022356257343
 0.63745126043853129
 0.64448937739609902
 0.65255746261946435
 0.66167840429279823
 0.67187509060025874
 0.68317040972598952
 0.69558724985412612
 0.7091484991687933
 0.7238770458541085
 0.7397957780941804
 0.75692758407311356
 0.77529535197500621
 0.79492196998395304
 0.81583032628404295
 0.83804330905936608
 0.86158380649400856
 0.88647470677205642
 0.91273889807759268
 0.94039926859470357
 0.96947870650747381
 1.0000000999999912


# name: x
# type: range
# base, limit, increment
0 1 0.015625


# name: exata
# type: matrix
# rows: 65
# columns: 1
 1
 0.98437881469726562
 0.968780517578125
 0.95322799682617188
 0.937744140625
 0.92235183715820312
 0.907073974609375
 0.89193344116210938
 0.876953125
 0.86215591430664062
 0.847564697265625
 0.83320236206054688
 0.819091796875
 0.80525588989257812
 0.791717529296875
 0.77849960327148438
 0.765625
 0.75311660766601562
 0.740997314453125
 0.72929000854492188
 0.718017578125
 0.70720291137695312
 0.696868896484375
 0.68703842163085938
 0.677734375
 0.66897964477539062
 0.660797119140625
 0.65320968627929688
 0.646240234375
 0.63991165161132812
 0.634246826171875
 0.62926864624023438
 0.625
 0.62146377563476562
 0.618682861328125
 0.61668014526367188
 0.615478515625
 0.61510086059570312
 0.615570068359375
 0.61690902709960938
 0.619140625
 0.62228775024414062
 0.626373291015625
 0.63142013549804688
 0.637451171875
 0.64448928833007812
 0.652557373046875
 0.66167831420898438
 0.671875
 0.68317031860351562
 0.695587158203125
 0.70914840698242188
 0.723876953125
 0.73979568481445312
 0.756927490234375
 0.77529525756835938
 0.794921875
 0.81583023071289062
 0.838043212890625
 0.86158370971679688
 0.886474609375
 0.91273880004882812
 0.940399169921875
 0.96947860717773438
 1


