# Created by Octave 6.2.0, Mon May 31 23:23:10 2021 -03 <kuroneko@kuroneko-VirtualBox>
# name: xl
# type: matrix
# rows: 1025
# columns: 1
 0
 0.0009765625
 0.001953125
 0.0029296875
 0.00390625
 0.0048828125
 0.005859375
 0.0068359375
 0.0078125
 0.0087890625
 0.009765625
 0.0107421875
 0.01171875
 0.0126953125
 0.013671875
 0.0146484375
 0.015625
 0.0166015625
 0.017578125
 0.0185546875
 0.01953125
 0.0205078125
 0.021484375
 0.0224609375
 0.0234375
 0.0244140625
 0.025390625
 0.0263671875
 0.02734375
 0.0283203125
 0.029296875
 0.0302734375
 0.03125
 0.0322265625
 0.033203125
 0.0341796875
 0.03515625
 0.0361328125
 0.037109375
 0.0380859375
 0.0390625
 0.0400390625
 0.041015625
 0.0419921875
 0.04296875
 0.0439453125
 0.044921875
 0.0458984375
 0.046875
 0.0478515625
 0.048828125
 0.0498046875
 0.05078125
 0.0517578125
 0.052734375
 0.0537109375
 0.0546875
 0.0556640625
 0.056640625
 0.0576171875
 0.05859375
 0.0595703125
 0.060546875
 0.0615234375
 0.0625
 0.0634765625
 0.064453125
 0.0654296875
 0.06640625
 0.0673828125
 0.068359375
 0.0693359375
 0.0703125
 0.0712890625
 0.072265625
 0.0732421875
 0.07421875
 0.0751953125
 0.076171875
 0.0771484375
 0.078125
 0.0791015625
 0.080078125
 0.0810546875
 0.08203125
 0.0830078125
 0.083984375
 0.0849609375
 0.0859375
 0.0869140625
 0.087890625
 0.0888671875
 0.08984375
 0.0908203125
 0.091796875
 0.0927734375
 0.09375
 0.0947265625
 0.095703125
 0.0966796875
 0.09765625
 0.0986328125
 0.099609375
 0.1005859375
 0.1015625
 0.1025390625
 0.103515625
 0.1044921875
 0.10546875
 0.1064453125
 0.107421875
 0.1083984375
 0.109375
 0.1103515625
 0.111328125
 0.1123046875
 0.11328125
 0.1142578125
 0.115234375
 0.1162109375
 0.1171875
 0.1181640625
 0.119140625
 0.1201171875
 0.12109375
 0.1220703125
 0.123046875
 0.1240234375
 0.125
 0.1259765625
 0.126953125
 0.1279296875
 0.12890625
 0.1298828125
 0.130859375
 0.1318359375
 0.1328125
 0.1337890625
 0.134765625
 0.1357421875
 0.13671875
 0.1376953125
 0.138671875
 0.1396484375
 0.140625
 0.1416015625
 0.142578125
 0.1435546875
 0.14453125
 0.1455078125
 0.146484375
 0.1474609375
 0.1484375
 0.1494140625
 0.150390625
 0.1513671875
 0.15234375
 0.1533203125
 0.154296875
 0.1552734375
 0.15625
 0.1572265625
 0.158203125
 0.1591796875
 0.16015625
 0.1611328125
 0.162109375
 0.1630859375
 0.1640625
 0.1650390625
 0.166015625
 0.1669921875
 0.16796875
 0.1689453125
 0.169921875
 0.1708984375
 0.171875
 0.1728515625
 0.173828125
 0.1748046875
 0.17578125
 0.1767578125
 0.177734375
 0.1787109375
 0.1796875
 0.1806640625
 0.181640625
 0.1826171875
 0.18359375
 0.1845703125
 0.185546875
 0.1865234375
 0.1875
 0.1884765625
 0.189453125
 0.1904296875
 0.19140625
 0.1923828125
 0.193359375
 0.1943359375
 0.1953125
 0.1962890625
 0.197265625
 0.1982421875
 0.19921875
 0.2001953125
 0.201171875
 0.2021484375
 0.203125
 0.2041015625
 0.205078125
 0.2060546875
 0.20703125
 0.2080078125
 0.208984375
 0.2099609375
 0.2109375
 0.2119140625
 0.212890625
 0.2138671875
 0.21484375
 0.2158203125
 0.216796875
 0.2177734375
 0.21875
 0.2197265625
 0.220703125
 0.2216796875
 0.22265625
 0.2236328125
 0.224609375
 0.2255859375
 0.2265625
 0.2275390625
 0.228515625
 0.2294921875
 0.23046875
 0.2314453125
 0.232421875
 0.2333984375
 0.234375
 0.2353515625
 0.236328125
 0.2373046875
 0.23828125
 0.2392578125
 0.240234375
 0.2412109375
 0.2421875
 0.2431640625
 0.244140625
 0.2451171875
 0.24609375
 0.2470703125
 0.248046875
 0.2490234375
 0.25
 0.2509765625
 0.251953125
 0.2529296875
 0.25390625
 0.2548828125
 0.255859375
 0.2568359375
 0.2578125
 0.2587890625
 0.259765625
 0.2607421875
 0.26171875
 0.2626953125
 0.263671875
 0.2646484375
 0.265625
 0.2666015625
 0.267578125
 0.2685546875
 0.26953125
 0.2705078125
 0.271484375
 0.2724609375
 0.2734375
 0.2744140625
 0.275390625
 0.2763671875
 0.27734375
 0.2783203125
 0.279296875
 0.2802734375
 0.28125
 0.2822265625
 0.283203125
 0.2841796875
 0.28515625
 0.2861328125
 0.287109375
 0.2880859375
 0.2890625
 0.2900390625
 0.291015625
 0.2919921875
 0.29296875
 0.2939453125
 0.294921875
 0.2958984375
 0.296875
 0.2978515625
 0.298828125
 0.2998046875
 0.30078125
 0.3017578125
 0.302734375
 0.3037109375
 0.3046875
 0.3056640625
 0.306640625
 0.3076171875
 0.30859375
 0.3095703125
 0.310546875
 0.3115234375
 0.3125
 0.3134765625
 0.314453125
 0.3154296875
 0.31640625
 0.3173828125
 0.318359375
 0.3193359375
 0.3203125
 0.3212890625
 0.322265625
 0.3232421875
 0.32421875
 0.3251953125
 0.326171875
 0.3271484375
 0.328125
 0.3291015625
 0.330078125
 0.3310546875
 0.33203125
 0.3330078125
 0.333984375
 0.3349609375
 0.3359375
 0.3369140625
 0.337890625
 0.3388671875
 0.33984375
 0.3408203125
 0.341796875
 0.3427734375
 0.34375
 0.3447265625
 0.345703125
 0.3466796875
 0.34765625
 0.3486328125
 0.349609375
 0.3505859375
 0.3515625
 0.3525390625
 0.353515625
 0.3544921875
 0.35546875
 0.3564453125
 0.357421875
 0.3583984375
 0.359375
 0.3603515625
 0.361328125
 0.3623046875
 0.36328125
 0.3642578125
 0.365234375
 0.3662109375
 0.3671875
 0.3681640625
 0.369140625
 0.3701171875
 0.37109375
 0.3720703125
 0.373046875
 0.3740234375
 0.375
 0.3759765625
 0.376953125
 0.3779296875
 0.37890625
 0.3798828125
 0.380859375
 0.3818359375
 0.3828125
 0.3837890625
 0.384765625
 0.3857421875
 0.38671875
 0.3876953125
 0.388671875
 0.3896484375
 0.390625
 0.3916015625
 0.392578125
 0.3935546875
 0.39453125
 0.3955078125
 0.396484375
 0.3974609375
 0.3984375
 0.3994140625
 0.400390625
 0.4013671875
 0.40234375
 0.4033203125
 0.404296875
 0.4052734375
 0.40625
 0.4072265625
 0.408203125
 0.4091796875
 0.41015625
 0.4111328125
 0.412109375
 0.4130859375
 0.4140625
 0.4150390625
 0.416015625
 0.4169921875
 0.41796875
 0.4189453125
 0.419921875
 0.4208984375
 0.421875
 0.4228515625
 0.423828125
 0.4248046875
 0.42578125
 0.4267578125
 0.427734375
 0.4287109375
 0.4296875
 0.4306640625
 0.431640625
 0.4326171875
 0.43359375
 0.4345703125
 0.435546875
 0.4365234375
 0.4375
 0.4384765625
 0.439453125
 0.4404296875
 0.44140625
 0.4423828125
 0.443359375
 0.4443359375
 0.4453125
 0.4462890625
 0.447265625
 0.4482421875
 0.44921875
 0.4501953125
 0.451171875
 0.4521484375
 0.453125
 0.4541015625
 0.455078125
 0.4560546875
 0.45703125
 0.4580078125
 0.458984375
 0.4599609375
 0.4609375
 0.4619140625
 0.462890625
 0.4638671875
 0.46484375
 0.4658203125
 0.466796875
 0.4677734375
 0.46875
 0.4697265625
 0.470703125
 0.4716796875
 0.47265625
 0.4736328125
 0.474609375
 0.4755859375
 0.4765625
 0.4775390625
 0.478515625
 0.4794921875
 0.48046875
 0.4814453125
 0.482421875
 0.4833984375
 0.484375
 0.4853515625
 0.486328125
 0.4873046875
 0.48828125
 0.4892578125
 0.490234375
 0.4912109375
 0.4921875
 0.4931640625
 0.494140625
 0.4951171875
 0.49609375
 0.4970703125
 0.498046875
 0.4990234375
 0.5
 0.5009765625
 0.501953125
 0.5029296875
 0.50390625
 0.5048828125
 0.505859375
 0.5068359375
 0.5078125
 0.5087890625
 0.509765625
 0.5107421875
 0.51171875
 0.5126953125
 0.513671875
 0.5146484375
 0.515625
 0.5166015625
 0.517578125
 0.5185546875
 0.51953125
 0.5205078125
 0.521484375
 0.5224609375
 0.5234375
 0.5244140625
 0.525390625
 0.5263671875
 0.52734375
 0.5283203125
 0.529296875
 0.5302734375
 0.53125
 0.5322265625
 0.533203125
 0.5341796875
 0.53515625
 0.5361328125
 0.537109375
 0.5380859375
 0.5390625
 0.5400390625
 0.541015625
 0.5419921875
 0.54296875
 0.5439453125
 0.544921875
 0.5458984375
 0.546875
 0.5478515625
 0.548828125
 0.5498046875
 0.55078125
 0.5517578125
 0.552734375
 0.5537109375
 0.5546875
 0.5556640625
 0.556640625
 0.5576171875
 0.55859375
 0.5595703125
 0.560546875
 0.5615234375
 0.5625
 0.5634765625
 0.564453125
 0.5654296875
 0.56640625
 0.5673828125
 0.568359375
 0.5693359375
 0.5703125
 0.5712890625
 0.572265625
 0.5732421875
 0.57421875
 0.5751953125
 0.576171875
 0.5771484375
 0.578125
 0.5791015625
 0.580078125
 0.5810546875
 0.58203125
 0.5830078125
 0.583984375
 0.5849609375
 0.5859375
 0.5869140625
 0.587890625
 0.5888671875
 0.58984375
