# Created by Octave 6.2.0, Tue Jul 06 18:07:18 2021 -03 <kuroneko@kuroneko-VirtualBox>
# name: Gamma
# type: scalar
0.090000000000000011


# name: xl
# type: matrix
# rows: 11
# columns: 1
 0
 0.20000000000000001
 0.40000000000000002
 0.60000000000000009
 0.80000000000000004
 1
 1.2
 1.3999999999999999
 1.5999999999999999
 1.7999999999999998
 1.9999999999999998


# name: h
# type: scalar
0.20000000000000001


# name: deltaT
# type: scalar
0.040000000000000008


# name: U
# type: matrix
# rows: 11
# columns: 32
 0 1.12332718893748e-11 7.4436160781634811e-12 4.3146969877460411e-12 2.2766325176964056e-12 1.1217674942553966e-12 5.2506845684702247e-13 2.3626525672562774e-13 1.0307538391995259e-13 4.3873125859559464e-14 1.8305004978569142e-14 7.513251299296763e-15 3.042177761510972e-15 1.2178546378285334e-15 4.8286285214060582e-16 1.8988310841439806e-16 7.4145799918071839e-17 2.8776592978041216e-17 1.1109375092914497e-17 4.2690000732567307e-18 1.6337764460465181e-18 6.230113180658747e-19 2.3681697682685172e-19 8.9762546587076876e-20 3.3937047981538072e-20 1.2801572265929117e-20 4.8190574206185142e-21 1.8107448339913663e-21 6.7924285715700817e-22 2.5440924487758496e-22 9.5156896002755636e-23 3.5546769254327428e-23
 0 0.015592491718228688 0.022991897104493442 0.025763706430579444 0.025943735737700688 0.024734952781193028 0.022844494091874907 0.020683181081216372 0.018484434710170562 0.016375578179833008 0.014420804189005022 0.012647158954430806 0.011060280474437764 0.0096539201203372591 0.008415674591975399 0.0073304002574399807 0.0063822082362517607 0.005555591448701911 0.0048360233160763648 0.0042102380483690638 0.0036663224073499798 0.0031936991984037873 0.0027830518472863248 0.0024262201358080894 0.0021160851286845502 0.0018464538147647464 0.0016119493194685364 0.0014079096607630393 0.0012302962583293634 0.0010756123643906985 0.00094083102117850886 0.00082333189474535968
 0 0.28729212346913463 0.23010422541140549 0.18810054039867269 0.15624794028971689 0.13140112878081686 0.11154957062906624 0.095375005374813068 0.081988669207048545 0.070773401512710984 0.061287532449264437 0.053205522642264143 0.046280699992919123 0.040321437264919713 0.035175609867997989 0.030720226897212214 0.02685434509846318 0.023494102510220369 0.020569147061430947 0.018020002474217287 0.015796078149473654 0.013854131947173878 0.012157059134900138 0.010672921817843371 0.0093741596919160695 0.0082369403698775868 0.007240619167700183 0.0063672862096065238 0.0056013843093459898 0.004929385047831812 0.0043395131952663592 0.0038215114273045239
 0 0.34872007196544402 0.3215374648418014 0.2919761948049347 0.26284152047121712 0.23543813826377641 0.21028873771546736 0.18751812259082257 0.16705713223667287 0.14874967154490712 0.13240784787721005 0.1178394959143854 0.10486116156958092 0.093303552262180081 0.083013185047001753 0.073852199296953608 0.065697354278484291 0.058438728145183236 0.051978369578540941 0.046229015884085012 0.041112921933530229 0.036560810653151421 0.032510940508227275 0.028908279469490237 0.025703773504445162 0.02285369824038349 0.020319083726511335 0.018065203358979289 0.016061118701235153 0.014279272421101191 0.012695122565669771 0.011286813324879262
 0 0.083634666134813393 0.13983310537063756 0.17543108524332293 0.19591008646934882 0.20552601542846033 0.20748817526976571 0.2041734603633866 0.19732160231220061 0.18819518873496577 0.17770397395566581 0.16649862368741916 0.15504022982398802 0.14365139178487824 0.13255359782770867 0.12189455691899728 0.11176820777559823 0.10222940413508977 0.093304726829916335 0.085000470103112485 0.077308557689207358 0.070210934565849301 0.063682830309827049 0.057695182599855732 0.052216432010928411 0.047213842944606517 0.042654464731699142 0.038505818580673645 0.034736377841643712 0.031315897375770473 0.028215637405577507 0.025408513859611681
 0 0.0032168308937355694 0.023650912439478193 0.050674394459537669 0.078210784691393642 0.10304499846476772 0.12370643458269741 0.13974950400578171 0.15130056247404219 0.15877905684667704 0.16273038833742717 0.1637291880455978 0.16232621593883825 0.15902176997544054 0.154254817682449 0.14840113792089038 0.14177635531641919 0.13464138482386634 0.12720882390955193 0.11964945944839041 0.11209844014775319 0.10466089522632678 0.097416914633420226 0.090425882755603967 0.083730200868578422 0.077358458752860002 0.071328128912136315 0.065647855617737172 0.060319392263110776 0.055339210461134547 0.050699782389448597 0.046390545172423511
 0 0.0001228224391761683 0.001606688537772756 0.0076228095253918033 0.018237409505488234 0.03226184580931149 0.048192030320769387 0.064643215163937146 0.080516087147871285 0.095027881500513042 0.10768207305869892 0.11821554726444866 0.12654264621709777 0.13270481428112366 0.13682895358457095 0.13909481633724505 0.13971051884954372 0.13889482763373173 0.13686483210060002 0.13382775945771644 0.1299758901239155 0.12548374014040617 0.1205068655797428 0.11518180061408125 0.10962675612193076 0.10394277468122221 0.098215075240499661 0.092514370124645542 0.086898046976420618 0.081411278947761942 0.076088277224053383 0.070953912062745303
 0 4.6895089189824296e-06 8.8212250836532306e-05 0.00066214820127590956 0.002635408272120705 0.0066432324700010864 0.012878343420553466 0.021158081235011592 0.03105690522241962 0.042032643854614617 0.053522524465594898 0.065006196871804339 0.076041056834056001 0.086277177374530375 0.095458609371186429 0.10341642402242301 0.11005740033795013 0.11535100432191249 0.11931633753949591 0.12201003256100065 0.12351558922544686 0.12393432018401551 0.12337785788398853 0.12196204819427832 0.11980204174588288 0.11700853051040104 0.11368532251997901 0.10992859886950461 0.10582796916105891 0.10146874089371696 0.096933982058711482 0.09230463965258269
 0 1.7904145652502663e-07 4.3935195132062173e-06 4.5322319075723068e-05 0.0002600835356411459 0.0009466864474688509 0.0024524824140605538 0.0050645070277709533 0.008947357404746701 0.014126893698403094 0.020504638008020933 0.027887694648606583 0.036023063106601041 0.04462957716858959 0.053424122934579529 0.062141072354745565 0.070545206794250789 0.078439070048396578 0.085665926184519681 0.092109491017443312 0.097691494771621812 0.1023680248685253 0.1061255578642018 0.1089775644924678 0.11096229202945744 0.11214141141707876 0.11259764608411429 0.11242817130803516 0.11173110666847694 0.11058583343135742 0.10903302469349828 0.10706388637151669
 0 6.8862098663471762e-09 2.087096535830113e-07 2.7486196043620915e-06 2.0833366273346273e-05 0.00010245274812082713 0.00035519113899312889 0.00093964391838216533 0.0020408758042786447 0.0038338921849119033 0.0064544980845490174 0.0099808017838342901 0.014426060462550719 0.019741003921251093 0.025822772584563537 0.032527582253875705 0.039684700432766881 0.047109964560440448 0.054617700424336051 0.062030395923405472 0.069185737586835286 0.075940440619240782 0.082169530960305895 0.087758694579124746 0.092587490539272094 0.096505067136255368 0.099308548181572809 0.10074368401012701 0.10054880726790399 0.098548617438555405 0.094775760063253195 0.08957055969458759
 0 1.4535033522001284e-80 3.9622403281429166e-67 1.0758042141813852e-56 2.2010432769344063e-48 1.2500788026109838e-41 4.7426265711290953e-36 2.218613982414948e-31 1.9888057853983341e-27 4.7291625223286955e-24 3.8116786852254326e-21 1.2570546516311827e-18 1.9648829840834523e-16 1.635434178352792e-14 7.9582936058320875e-13 2.4424921606231163e-11 5.031357148891784e-10 7.3238429662420093e-09 7.8644357811319706e-08 6.4592800190722582e-07 4.1841418479136506e-06 2.1943014463880156e-05 9.5280939201895681e-05 0.00034926373167220936 0.0010991141423155552 0.0030133015037492107 0.0072900601384936065 0.01574037635784566 0.030635707246983449 0.054226398992859685 0.087979354788221734 0.13176128659718059


# name: x
# type: range
# base, limit, increment
0 2 0.20000000000000001


# name: t
# type: range
# base, limit, increment
0 1.2400000000000002 0.040000000000000008


