# Created by Octave 6.3.0, Tue Sep 14 03:23:31 2021 -03 <kuroneko@kuroneko-VirtualBox>
# name: alfa
# type: scalar
-1


# name: beta
# type: scalar
10240


# name: Lambda
# type: matrix
# rows: 257
# columns: 1
 0
 0.012271538285131361
 0.024541228521735247
 0.036807222939593494
 0.049067674325064647
 0.061320736299267535
 0.073564563596139138
 0.08579731234032488
 0.098017140324859475
 0.11022220728859652
 0.12241067519334504
 0.1345807085006713
 0.14673047444832413
 0.15885814332624215
 0.17096188875210139
 0.18303988794636178
 0.19509032200677112
 0.20711137618228484
 0.21910124014636101
 0.23105810826958881
 0.24298017989160972
 0.25486565959229029
 0.26671275746210588
 0.27851968937169425
 0.29028467724053925
 0.30200594930474278
 0.31368174038384622
 0.32531029214666002
 0.33688985337606187
 0.34841868023272354
 0.35989503651772681
 0.37131719393402851
 0.38268343234673569
 0.39399204004215171
 0.40524131398555402
 0.4164295600776648
 0.42755509340977615
 0.43861623851749132
 0.44961132963304307
 0.46053871093615251
 0.47139673680338945
 0.48218377205599727
 0.49289819220614484
 0.50353838370156812
 0.51410274416856572
 0.52458968265330996
 0.53499761986143912
 0.54532498839589316
 0.55557023299295771
 0.56573181075648149
 0.57580819139023054
 0.58579785742834523
 0.59569930446386499
 0.60551104137528677
 0.6152315905511222
 0.62485948811242042
 0.63439328413322282
 0.64383154285891642
 0.65317284292245403
 0.66241577755840619
 0.67155895481481465
 0.68060099776281591
 0.68954054470400128
 0.69837624937548382
 0.70710678115264003
 0.71573082524949794
 0.72424708291673812
 0.73265427163728125
 0.74095112531943008
 0.74913639448753822
 0.75720884647017672
 0.76516726558576997
 0.77301045332567231
 0.78073722853465977
 0.78834642758880713
 0.79583690457072565
 0.80320753144213408
 0.81045719821373674
 0.81758481311238429
 0.82458930274549047
 0.8314696122626809
 0.83822470551465011
 0.84485356520920174
 0.85135519306444851
 0.85772860995915023
 0.86397285608016583
 0.87008699106699761
 0.87607009415340631
 0.88192126430607454
 0.88763962036029964
 0.89322430115269358
 0.89867446565087106
 0.903989293080106
 0.90916798304693724
 0.91420975565970419
 0.91911385164599668
 0.92387953246699772
 0.92850608042870542
 0.93299279879001418
 0.93733901186764235
 0.94154406513788713
 0.94560732533519343
 0.94952818054752142
 0.95330604030849797
 0.95694033568633918
 0.96043051936952928
 0.96377606574924335
 0.96697647099850259
 0.9700312531480485
 0.9729399521589257
 0.97570212999176209
 0.97831737067273628
 0.98078528035622126
 0.9831054873840962
 0.98527764234171722
 0.98730141811053751
 0.98917650991737038
 0.99090263538028689
 0.99247953455114157
 0.99390696995471939
 0.99518472662449942
 0.99631261213502675
 0.99729045663089244
 0.99811811285231233
 0.99879545615730347
 0.99932238454045574
 0.99969881864829291
 0.99992470179122284
 0.99999999995207522
 0.99992470179122372
 0.99969881864829468
 0.99932238454045841
 0.9987954561573068
 0.99811811285231622
 0.99729045663089699
 0.99631261213503186
 0.99518472662450497
 0.99390696995472561
 0.99247953455114846
 0.99090263538029433
 0.98917650991737838
 0.98730141811054606
 0.98527764234172621
 0.98310548738410564
 0.98078528035623136
 0.97831737067274716
 0.97570212999177353
 0.97293995215893769
 0.97003125314806116
 0.96697647099851569
 0.963776065749257
 0.96043051936954327
 0.9569403356863535
 0.95330604030851251
 0.9495281805475364
 0.94560732533520908
 0.94154406513790345
 0.93733901186765911
 0.9329927987900315
 0.92850608042872329
 0.92387953246701637
 0.919113851646016
 0.91420975565972429
 0.90916798304695789
 0.90398929308012732
 0.89867446565089271
 0.89322430115271534
 0.88763962036032173
 0.88192126430609707
 0.87607009415342918
 0.87008699106702081
 0.86397285608018937
 0.8577286099591741
 0.85135519306447283
 0.84485356520922661
 0.83822470551467565
 0.83146961226270677
 0.82458930274551667
 0.81758481311241094
 0.81045719821376372
 0.80320753144216139
 0.79583690457075329
 0.78834642758883522
 0.7807372285346883
 0.77301045332570129
 0.76516726558579928
 0.75720884647020636
 0.74913639448756797
 0.74095112531945984
 0.73265427163731112
 0.7242470829167682
 0.71573082524952814
 0.70710678115267034
 0.69837624937551412
 0.68954054470403159
 0.6806009977628461
 0.67155895481484484
 0.66241577755843639
 0.65317284292248434
 0.64383154285894673
 0.63439328413325313
 0.62485948811245096
 0.61523159055115295
 0.60551104137531753
 0.59569930446389552
 0.58579785742837565
 0.57580819139026074
 0.56573181075651147
 0.55557023299298758
 0.54532498839592281
 0.53499761986146854
 0.52458968265333894
 0.51410274416859425
 0.50353838370159631
 0.49289819220617265
 0.48218377205602481
 0.47139673680341665
 0.46053871093617932
 0.44961132963306949
 0.43861623851751741
 0.42755509340980186
 0.41642956007769
 0.40524131398557872
 0.39399204004217592
 0.38268343234675928
 0.37131719393405149
 0.35989503651774923
 0.34841868023274536
 0.33688985337608301
 0.32531029214668056
 0.31368174038386609
 0.30200594930476199
 0.29028467724055779
 0.27851968937171212
 0.26671275746212297
 0.25486565959230667
 0.24298017989162535
 0.23105810826960366
 0.21910124014637508
 0.20711137618229811
 0.19509032200678361
 0.18303988794637346
 0.17096188875211221
 0.15885814332625217
 0.14673047444833337
 0.13458070850067977
 0.12241067519335272
 0.11022220728860341
 0.098017140324865581
 0.085797312340330209
 0.073564563596143689
 0.061320736299271338
 0.049067674325067707
 0.036807222939595818
 0.024541228521736839
 0.012271538285132217
 1.2246467991473532e-16


# name: nen
# type: scalar
3


# name: nel
# type: scalar
256


# name: h
# type: scalar
0.00390625


