# Created by Octave 6.3.0, Tue Sep 14 03:23:29 2021 -03 <kuroneko@kuroneko-VirtualBox>
# name: alfa
# type: scalar
-1


# name: beta
# type: scalar
2560


# name: Lambda
# type: matrix
# rows: 65
# columns: 1
 0
 0.049067674327268974
 0.09801714032926287
 0.14673047445491605
 0.19509032201553569
 0.24298017990252585
 0.29028467725358059
 0.33688985339119665
 0.38268343236392716
 0.42755509342898301
 0.47139673682456523
 0.51410274419165947
 0.55557023301791386
 0.59569930449062303
 0.63439328416171736
 0.67155895484497719
 0.70710678118439818
 0.74095112535270669
 0.7730104533603871
 0.80320753147820301
 0.83146961230001715
 0.85772860999766398
 0.88192126434567331
 0.90398929312069431
 0.9238795325084771
 0.94154406518015732
 0.95694033572929849
 0.97003125319159378
 0.98078528040024771
 0.98917650996177275
 0.99518472666917057
 0.99879545620213528
 0.99999999999695932
 0.99879545620213528
 0.99518472666917068
 0.98917650996177309
 0.98078528040024804
 0.97003125319159422
 0.95694033572929904
 0.94154406518015776
 0.92387953250847732
 0.90398929312069431
 0.88192126434567308
 0.85772860999766365
 0.83146961230001648
 0.8032075314782019
 0.77301045336038565
 0.74095112535270513
 0.70710678118439629
 0.67155895484497519
 0.63439328416171537
 0.59569930449062081
 0.55557023301791175
 0.51410274419165736
 0.47139673682456318
 0.42755509342898107
 0.38268343236392538
 0.33688985339119498
 0.29028467725357915
 0.24298017990252463
 0.19509032201553475
 0.14673047445491538
 0.098017140329262453
 0.049067674327268822
 1.2246467991473532e-16


# name: nen
# type: scalar
3


# name: nel
# type: scalar
64


# name: h
# type: scalar
0.015625


# name: xl
# type: matrix
# rows: 129
# columns: 1
 0
 0.0078125
 0.015625
 0.0234375
 0.03125
 0.0390625
 0.046875
 0.0546875
 0.0625
 0.0703125
 0.078125
 0.0859375
 0.09375
 0.1015625
 0.109375
 0.1171875
 0.125
 0.1328125
 0.140625
 0.1484375
 0.15625
 0.1640625
 0.171875
 0.1796875
 0.1875
 0.1953125
 0.203125
 0.2109375
 0.21875
 0.2265625
 0.234375
 0.2421875
 0.25
 0.2578125
 0.265625
 0.2734375
 0.28125
 0.2890625
 0.296875
 0.3046875
 0.3125
 0.3203125
 0.328125
 0.3359375
 0.34375
 0.3515625
 0.359375
 0.3671875
 0.375
 0.3828125
 0.390625
 0.3984375
 0.40625
 0.4140625
 0.421875
 0.4296875
 0.4375
 0.4453125
 0.453125
 0.4609375
 0.46875
 0.4765625
 0.484375
 0.4921875
 0.5
 0.5078125
 0.515625
 0.5234375
 0.53125
 0.5390625
 0.546875
 0.5546875
 0.5625
 0.5703125
 0.578125
 0.5859375
 0.59375
 0.6015625
 0.609375
 0.6171875
 0.625
 0.6328125
 0.640625
 0.6484375
 0.65625
 0.6640625
 0.671875
 0.6796875
 0.6875
 0.6953125
 0.703125
 0.7109375
 0.71875
 0.7265625
 0.734375
 0.7421875
 0.75
 0.7578125
 0.765625
 0.7734375
 0.78125
 0.7890625
 0.796875
 0.8046875
 0.8125
 0.8203125
 0.828125
 0.8359375
 0.84375
 0.8515625
 0.859375
 0.8671875
 0.875
 0.8828125
 0.890625
 0.8984375
 0.90625
 0.9140625
 0.921875
 0.9296875
 0.9375
 0.9453125
 0.953125
 0.9609375
 0.96875
 0.9765625
 0.984375
 0.9921875
 1


# name: U
# type: matrix
# rows: 64
# columns: 3
 2.109883007611083e-07 0.02454110435532763 0.049067959712184257
 0.049067884864106112 0.073564439584147448 0.098017424963853558
 0.098017349907434714 0.12241055163452516 0.14673075765347246
 0.14673068256953042 0.1709617659441173 0.19509060309580772
 0.19509052816522626 0.21910111838506793 0.24298045818736655
 0.24298038359066002 0.26671263704083759 0.29028495207257732
 0.29028487798945568 0.31368162159270779 0.33689012408228636
 0.33689005069122241 0.35989491964289599 0.38268369827499144
 0.38268362575279052 0.40524119930859259 0.42755535391941873
 0.42755528244079344 0.4496112174302177 0.47139699126682805
 0.47139692100397651 0.49289808274776209 0.51410299197277587
 0.5141029230949673 0.53499751341119417 0.55557047354095723
 0.55557040621412446 0.57580808820457052 0.59569953717615243
 0.5956994715624917 0.61523149087863038 0.63439350844917275
 0.63439344470675341 0.65317274700324901 0.67155917019403089
 0.67155910847641331 0.68954045276916176 0.70710698707625497
 0.7071069275321229 0.72424699518774271 0.74095132129135532
 0.74095126406415557 0.7572087631583716 0.77301063887379429
 0.77301058410139178 0.78834634889489796 0.80320770611945036
 0.80320765393379756 0.81758473922595132 0.83146977564837887
 0.83146972617519488 0.84485349630824402 0.85772876165961931
 0.85772871501808956 0.87008692731750337 0.88192140395585561
 0.88192136025834378 0.89322424270824119 0.90398942034277019
 0.90398937969454707 0.91420970266109136 0.92387964703595782
 0.92387960953494863 0.93299275136491844 0.94154416673713581
 0.94154413247368407 0.94952813881019382 0.95694042407111513
 0.95694039312776402 0.96377602980023347 0.97003132810542536
 0.9700313005567206 0.97570209991767409 0.98078534170562048
 0.98078531761792898 0.98527761821500259 0.98917655751099653
 0.98917653694234764 0.99247951642992427 0.99518476034769521
 0.99518474334764073 0.99729044455882776 0.99879547592882612
 0.99879546253832063 0.99969881265446292 1.0000000057242928
 0.99999999597559563 0.99969881874713873 0.99879544791631425
 0.99879544183291002 0.99729046282217804 0.99518470439015638
 0.99518470198670128 0.99247954681995076 0.98917647374323747
 0.98917647502552097 0.98527766065849332 0.98078523032944465
 0.98078523529437811 0.9757021543123785 0.97003118938914801
 0.97003119802477067 0.96377609601510994 0.95694025834891594
 0.95694027063442311 0.94952821668572507 0.94154397440825344
 0.94154399031404912 0.93299284071349542 0.92387942856372951
 0.92387944805149469 0.91420980326746548 0.90398917625351505
 0.90398919927630184 0.89322435433004277 0.88192113483760548
 0.88192116133995047 0.87008704968582595 0.85772846816070403
 0.85772849807876039 0.84485362912829076 0.83146945847586251
 0.83146949173755524 0.81758488217774772 0.8032073660374297
 0.80320740256262857 0.78834650163406061 0.77301027670155642
 0.77301031640226847 0.75720892531693851 0.7409509379014052
 0.7409509806819885 0.72424716637505926 0.70710658339221233
 0.70710662914960454 0.68954063257282316 0.67155874718840614
 0.67155879581237343 0.65317293499009266 0.63439306714102384
 0.63439311851442726 0.61523168659577931 0.59569907862862892
 0.59569913262770502 0.57580829118052501 0.5555699988587407
 0.55557005535340109 0.53499772315696748 0.5141025022994169
 0.51410256115356123 0.49289829875805846 0.47139648778199311
 0.47139654885383647 0.44961143918464919 0.42755483783604681
 0.42755490097846161 0.40524142627293358 0.3826831708363726
 0.38268323589724335 0.35989515127036942 0.33688958655906648
 0.33688965338165594 0.31368185732530274 0.29028440575969688
 0.29028447418302356 0.26671287631065377 0.24297990440094108
 0.24297997426016718 0.21910136061568342 0.19509004316995746
 0.19509011429678594 0.17096201055197732 0.14673019293710773
 0.14673026516018781 0.12241079803034782 0.098016856817425516
 0.098016929962765453 0.073564687174343724 0.049067389504407442
 0.049067463395793751 0.024541352543431046 -2.8544772249461404e-07


# name: x
# type: range
# base, limit, increment
0 1 0.0078125


