# Created by Octave 6.3.0, Tue Sep 14 03:23:29 2021 -03 <kuroneko@kuroneko-VirtualBox>
# name: alfa
# type: scalar
-1


# name: beta
# type: scalar
160


# name: Lambda
# type: matrix
# rows: 5
# columns: 1
 0
 0.70710635719819492
 0.99999940038992163
 0.70710635719819503
 1.2246467991473532e-16


# name: nen
# type: scalar
3


# name: nel
# type: scalar
4


# name: h
# type: scalar
0.25


# name: xl
# type: matrix
# rows: 9
# columns: 1
 0
 0.125
 0.25
 0.375
 0.5
 0.625
 0.75
 0.875
 1


# name: U
# type: matrix
# rows: 4
# columns: 3
 0.00081516035676889914 0.38214713581462267 0.70813839112750898
 0.70750163517156206 0.92350991176184405 1.0003631892897582
 0.99974324750399579 0.9238931063849577 0.70658879846487066
 0.70634882433951063 0.38307224947077173 -0.0010957274798284494


# name: x
# type: range
# base, limit, increment
0 1 0.125


# name: exata
# type: matrix
# rows: 9
# columns: 1
 0
 0.38268343236508978
 0.70710678118654746
 0.92387953251128674
 1
 0.92387953251128674
 0.70710678118654757
 0.38268343236508989
 1.2246467991473532e-16


