# Created by Octave 6.3.0, Mon Sep 13 17:56:44 2021 -03 <kuroneko@kuroneko-VirtualBox>
# name: alfa
# type: scalar
-1


# name: beta
# type: scalar
640


# name: Lambda
# type: matrix
# rows: 17
# columns: 1
 0
 0.1950903220160935
 0.38268343236502156
 0.55557023301950315
 0.70710678118642145
 0.83146961230239713
 0.92387953251112209
 0.98078528040305568
 0.99999999999982181
 0.98078528040305546
 0.92387953251112165
 0.83146961230239647
 0.70710678118642101
 0.55557023301950292
 0.38268343236502134
 0.19509032201609341
 1.2246467991473532e-16


# name: nen
# type: scalar
3


# name: nel
# type: scalar
16


# name: h
# type: scalar
0.0625


# name: xl
# type: matrix
# rows: 33
# columns: 1
 0
 0.03125
 0.0625
 0.09375
 0.125
 0.15625
 0.1875
 0.21875
 0.25
 0.28125
 0.3125
 0.34375
 0.375
 0.40625
 0.4375
 0.46875
 0.5
 0.53125
 0.5625
 0.59375
 0.625
 0.65625
 0.6875
 0.71875
 0.75
 0.78125
 0.8125
 0.84375
 0.875
 0.90625
 0.9375
 0.96875
 1


# name: U
# type: matrix
# rows: 16
# columns: 3
 1.3457358635659561e-05 0.098009166233801306 0.19510845766454649
 0.19510332027964489 0.29027685943874793 0.38270080689504965
 0.38269547201750997 0.47138937572460177 0.55558617873766103
 0.55558085138383528 0.63438666265956656 0.70712068530770278
 0.70711557020481086 0.77300482591666353 0.83148094049921861
 0.83147623421779615 0.88191684721988362 0.92388784944723312
 0.92388373284703551 0.95693729866910937 0.98079026646326528
 0.98078689774292982 0.99518318638710124 1.0000014635726324
 0.9999989721901924 0.99518474235739751 0.98078316524418485
 0.98078164694207015 0.95694190678493207 0.92387391990493883
 0.92387343303064851 0.8819243303939257 0.83146071793820964
 0.83146128120204932 0.77301489657474332 0.70709494686965779
 0.7070965386257142 0.63439893379194212 0.55555591353631983
 0.55555847261430025 0.47140337575853747 0.38266717800512656
 0.38267060606109943 0.29029205036079103 0.19507275742542224
 0.19507692272111893 0.098024964265336731 -1.8199824078322742e-05


# name: x
# type: range
# base, limit, increment
0 1 0.03125


# name: exata
# type: matrix
# rows: 33
# columns: 1
 0
 0.098017140329560604
 0.19509032201612825
 0.29028467725446233
 0.38268343236508978
 0.47139673682599764
 0.55557023301960218
 0.63439328416364549
 0.70710678118654746
 0.77301045336273699
 0.83146961230254524
 0.88192126434835494
 0.92387953251128674
 0.95694033573220894
 0.98078528040323043
 0.99518472667219682
 1
 0.99518472667219693
 0.98078528040323043
 0.95694033573220894
 0.92387953251128674
 0.88192126434835505
 0.83146961230254546
 0.7730104533627371
 0.70710678118654757
 0.63439328416364549
 0.55557023301960218
 0.47139673682599786
 0.38268343236508989
 0.29028467725446239
 0.19509032201612861
 0.098017140329560826
 1.2246467991473532e-16


