# Created by Octave 6.3.0, Mon Sep 13 17:56:44 2021 -03 <kuroneko@kuroneko-VirtualBox>
# name: alfa
# type: scalar
-1


# name: beta
# type: scalar
2560


# name: Lambda
# type: matrix
# rows: 65
# columns: 1
 0
 0.049067674327270695
 0.098017140329266311
 0.14673047445492118
 0.19509032201554249
 0.24298017990253432
 0.29028467725359069
 0.33688985339120836
 0.38268343236394048
 0.42755509342899789
 0.47139673682458161
 0.51410274419167734
 0.55557023301793318
 0.59569930449064368
 0.63439328416173946
 0.6715589548450005
 0.70710678118442272
 0.74095112535273244
 0.77301045336041385
 0.80320753147823087
 0.83146961230004601
 0.85772860999769385
 0.88192126434570395
 0.90398929312072573
 0.92387953250850918
 0.94154406518019007
 0.95694033572933179
 0.97003125319162764
 0.98078528040028179
 0.98917650996180717
 0.9951847266692051
 0.99879545620216992
 0.99999999999699396
 0.99879545620217003
 0.99518472666920521
 0.98917650996180739
 0.98078528040028201
 0.97003125319162775
 0.95694033572933201
 0.94154406518019029
 0.92387953250850918
 0.9039892931207254
 0.8819212643457035
 0.85772860999769318
 0.83146961230004524
 0.80320753147822976
 0.77301045336041241
 0.74095112535273078
 0.70710678118442083
 0.6715589548449985
 0.63439328416173735
 0.59569930449064146
 0.55557023301793096
 0.51410274419167512
 0.4713967368245795
 0.42755509342899584
 0.38268343236393854
 0.33688985339120664
 0.29028467725358914
 0.24298017990253304
 0.1950903220155415
 0.14673047445492046
 0.098017140329265839
 0.049067674327270515
 1.2246467991473532e-16


# name: nen
# type: scalar
3


# name: nel
# type: scalar
64


# name: h
# type: scalar
0.015625


# name: xl
# type: matrix
# rows: 129
# columns: 1
 0
 0.0078125
 0.015625
 0.0234375
 0.03125
 0.0390625
 0.046875
 0.0546875
 0.0625
 0.0703125
 0.078125
 0.0859375
 0.09375
 0.1015625
 0.109375
 0.1171875
 0.125
 0.1328125
 0.140625
 0.1484375
 0.15625
 0.1640625
 0.171875
 0.1796875
 0.1875
 0.1953125
 0.203125
 0.2109375
 0.21875
 0.2265625
 0.234375
 0.2421875
 0.25
 0.2578125
 0.265625
 0.2734375
 0.28125
 0.2890625
 0.296875
 0.3046875
 0.3125
 0.3203125
 0.328125
 0.3359375
 0.34375
 0.3515625
 0.359375
 0.3671875
 0.375
 0.3828125
 0.390625
 0.3984375
 0.40625
 0.4140625
 0.421875
 0.4296875
 0.4375
 0.4453125
 0.453125
 0.4609375
 0.46875
 0.4765625
 0.484375
 0.4921875
 0.5
 0.5078125
 0.515625
 0.5234375
 0.53125
 0.5390625
 0.546875
 0.5546875
 0.5625
 0.5703125
 0.578125
 0.5859375
 0.59375
 0.6015625
 0.609375
 0.6171875
 0.625
 0.6328125
 0.640625
 0.6484375
 0.65625
 0.6640625
 0.671875
 0.6796875
 0.6875
 0.6953125
 0.703125
 0.7109375
 0.71875
 0.7265625
 0.734375
 0.7421875
 0.75
 0.7578125
 0.765625
 0.7734375
 0.78125
 0.7890625
 0.796875
 0.8046875
 0.8125
 0.8203125
 0.828125
 0.8359375
 0.84375
 0.8515625
 0.859375
 0.8671875
 0.875
 0.8828125
 0.890625
 0.8984375
 0.90625
 0.9140625
 0.921875
 0.9296875
 0.9375
 0.9453125
 0.953125
 0.9609375
 0.96875
 0.9765625
 0.984375
 0.9921875
 1


# name: U
# type: matrix
# rows: 64
# columns: 3
 2.1098830043821137e-07 0.024541104355324618 0.049067959712186436
 0.049067884864106785 0.073564439584138497 0.098017424963858277
 0.098017349907436366 0.12241055163451027 0.14673075765347968
 0.14673068256953306 0.17096176594409648 0.19509060309581741
 0.19509052816522984 0.21910111838504129 0.24298045818737862
 0.24298038359066448 0.26671263704080506 0.29028495207259197
 0.29028487798946123 0.3136816215926696 0.33689012408230334
 0.33689005069122879 0.3598949196428522 0.38268369827501075
 0.38268362575279796 0.40524119930854313 0.42755535391944038
 0.42755528244080154 0.44961121743016302 0.47139699126685197
 0.47139692100398561 0.49289808274770203 0.51410299197280185
 0.51410292309497729 0.53499751341112878 0.55557047354098543
 0.55557040621413523 0.57580808820450036 0.59569953717618263
 0.59569947156250314 0.61523149087855555 0.63439350844920539
 0.63439344470676573 0.65317274700316952 0.67155917019406497
 0.6715591084764263 0.68954045276907783 0.70710698707629083
 0.70710692753213666 0.72424699518765434 0.74095132129139307
 0.74095126406416989 0.75720876315827967 0.77301063887383348
 0.77301058410140699 0.78834634889480171 0.80320770611949133
 0.80320765393381321 0.8175847392258514 0.83146977564842117
 0.83146972617521109 0.84485349630814099 0.85772876165966316
 0.85772871501810666 0.87008692731739734 0.8819214039559008
 0.88192136025836088 0.89322424270813261 0.90398942034281649
 0.90398937969456483 0.91420970266098012 0.92387964703600511
 0.92387960953496684 0.93299275136480475 0.94154416673718422
 0.94154413247370261 0.94952813881007825 0.95694042407116431
 0.95694039312778312 0.96377602980011612 0.97003132810547543
 0.97003130055674003 0.97570209991755541 0.98078534170567067
 0.98078531761794829 0.98527761821488258 0.98917655751104727
 0.98917653694236718 0.99247951642980359 0.99518476034774617
 0.99518474334766027 0.9972904445587063 0.99879547592887707
 0.9987954625383404 0.99969881265434091 1.0000000057243443
 0.99999999597561529 0.99969881874701716 0.99879544791636565
 0.99879544183293001 0.99729046282205636 0.99518470439020745
 0.99518470198672071 0.99247954681982997 0.98917647374328799
 0.98917647502554051 0.98527766065837297 0.98078523032949483
 0.98078523529439765 0.9757021543122596 0.97003118938919763
 0.97003119802478954 0.96377609601499248 0.95694025834896435
 0.95694027063444187 0.94952821668560961 0.94154397440830173
 0.94154399031406755 0.93299284071338151 0.92387942856377692
 0.9238794480515129 0.9142098032673539 0.90398917625356112
 0.9039891992763196 0.89322435432993375 0.88192113483765067
 0.88192116133996801 0.87008704968571959 0.8577284681607481
 0.85772849807877749 0.84485362912818751 0.83146945847590537
 0.83146949173757168 0.81758488217764802 0.803207366037471
 0.80320740256264411 0.78834650163396425 0.77301027670159617
 0.77301031640228379 0.75720892531684647 0.74095093790144329
 0.74095098068200327 0.72424716637497111 0.70710658339224886
 0.70710662914961886 0.68954063257273934 0.67155874718844077
 0.67155879581238709 0.65317293499001305 0.63439306714105659
 0.63439311851443991 0.61523168659570437 0.59569907862865967
 0.59569913262771712 0.57580829118045496 0.55556999885876934
 0.55557005535341242 0.53499772315690208 0.51410250229944365
 0.51410256115357178 0.49289829875799834 0.47139648778201765
 0.47139654885384608 0.44961143918459445 0.4275548378360689
 0.42755490097847032 0.40524142627288401 0.38268317083639236
 0.38268323589725117 0.35989515127032545 0.33688958655908402
 0.33688965338166293 0.31368185732526449 0.29028440575971198
 0.2902844741830295 0.26671287631062113 0.24297990440095388
 0.24297997426017223 0.21910136061565663 0.19509004316996781
 0.19509011429679005 0.17096201055195639 0.14673019293711556
 0.14673026516019103 0.12241079803033293 0.098016856817430859
 0.098016929962767715 0.073564687174334786 0.049067389504410287
 0.049067463395795034 0.024541352543428079 -2.8544772214873554e-07


# name: x
# type: range
# base, limit, increment
0 1 0.0078125


