# Created by Octave 6.3.0, Tue Sep 14 03:23:29 2021 -03 <kuroneko@kuroneko-VirtualBox>
# name: alfa
# type: scalar
-1


# name: beta
# type: scalar
640


# name: Lambda
# type: matrix
# rows: 17
# columns: 1
 0
 0.19509032198831441
 0.38268343231053092
 0.55557023294039498
 0.70710678108573577
 0.83146961218400328
 0.92387953237956999
 0.98078528026340062
 0.9999999998574306
 0.98078528026340017
 0.92387953237956932
 0.83146961218400262
 0.70710678108573533
 0.55557023294039465
 0.38268343231053059
 0.1950903219883143
 1.2246467991473532e-16


# name: nen
# type: scalar
3


# name: nel
# type: scalar
16


# name: h
# type: scalar
0.0625


# name: xl
# type: matrix
# rows: 33
# columns: 1
 0
 0.03125
 0.0625
 0.09375
 0.125
 0.15625
 0.1875
 0.21875
 0.25
 0.28125
 0.3125
 0.34375
 0.375
 0.40625
 0.4375
 0.46875
 0.5
 0.53125
 0.5625
 0.59375
 0.625
 0.65625
 0.6875
 0.71875
 0.75
 0.78125
 0.8125
 0.84375
 0.875
 0.90625
 0.9375
 0.96875
 1


# name: U
# type: matrix
# rows: 16
# columns: 3
 1.3457363920428365e-05 0.098009166283166374 0.19510845762917298
 0.19510332026894359 0.29027685958410698 0.38270080681999757
 0.38269547199123383 0.47138937596036856 0.55558617862581461
 0.55558085134299418 0.63438666297668089 0.70712068516336002
 0.70711557015097404 0.77300482630293865 0.83148094032792697
 0.83147623415303262 0.88191684766047551 0.92388784925557443
 0.92388373277383407 0.95693729914708625 0.98079026625860555
 0.98078689766410387 0.99518318688409446 1.0000014633628365
 0.99999897210877065 0.99518474285430769 0.980783165037315
 0.98078164686118186 0.95694190726266348 0.92387391970894517
 0.9238734329534023 0.88192433083411981 0.83146071776062391
 0.83146128113141371 0.77301489696048364 0.70709494671730455
 0.70709653856440358 0.63439893410840453 0.55555591341505373
 0.5555584725646705 0.47140337599356058 0.38266717791960797
 0.3826706060250582 0.29029205050534296 0.19507275737893759
 0.19507692270005111 0.098024964313862623 -1.8199829742719275e-05


# name: x
# type: range
# base, limit, increment
0 1 0.03125


# name: exata
# type: matrix
# rows: 33
# columns: 1
 0
 0.098017140329560604
 0.19509032201612825
 0.29028467725446233
 0.38268343236508978
 0.47139673682599764
 0.55557023301960218
 0.63439328416364549
 0.70710678118654746
 0.77301045336273699
 0.83146961230254524
 0.88192126434835494
 0.92387953251128674
 0.95694033573220894
 0.98078528040323043
 0.99518472667219682
 1
 0.99518472667219693
 0.98078528040323043
 0.95694033573220894
 0.92387953251128674
 0.88192126434835505
 0.83146961230254546
 0.7730104533627371
 0.70710678118654757
 0.63439328416364549
 0.55557023301960218
 0.47139673682599786
 0.38268343236508989
 0.29028467725446239
 0.19509032201612861
 0.098017140329560826
 1.2246467991473532e-16


