# Created by Octave 6.3.0, Mon Sep 13 17:56:43 2021 -03 <kuroneko@kuroneko-VirtualBox>
# name: alfa
# type: scalar
-1


# name: beta
# type: scalar
160


# name: Lambda
# type: matrix
# rows: 5
# columns: 1
 0
 0.70710678160116036
 1.0000000005863512
 0.70710678160116036
 1.2246467991473532e-16


# name: nen
# type: scalar
3


# name: nel
# type: scalar
4


# name: h
# type: scalar
0.25


# name: xl
# type: matrix
# rows: 9
# columns: 1
 0
 0.125
 0.25
 0.375
 0.5
 0.625
 0.75
 0.875
 1


# name: U
# type: matrix
# rows: 4
# columns: 3
 0.000815075750128521 0.38214633904153822 0.70813893557856289
 0.70750183372670394 0.92350800088106055 1.0003640500988245
 0.9997436129100109 0.9238912007645218 0.70658947138167294
 0.70634914254651071 0.38307146539729026 -0.001095636640826528


# name: x
# type: range
# base, limit, increment
0 1 0.125


# name: exata
# type: matrix
# rows: 9
# columns: 1
 0
 0.38268343236508978
 0.70710678118654746
 0.92387953251128674
 1
 0.92387953251128674
 0.70710678118654757
 0.38268343236508989
 1.2246467991473532e-16


