# Created by Octave 6.3.0, Mon Sep 13 17:56:45 2021 -03 <kuroneko@kuroneko-VirtualBox>
# name: alfa
# type: scalar
-1


# name: beta
# type: scalar
10240


# name: Lambda
# type: matrix
# rows: 257
# columns: 1
 0
 0.012271538285131372
 0.024541228521735268
 0.036807222939593522
 0.049067674325064682
 0.061320736299267577
 0.073564563596139193
 0.085797312340324949
 0.098017140324859559
 0.11022220728859661
 0.12241067519334513
 0.13458070850067139
 0.14673047444832421
 0.15885814332624223
 0.17096188875210147
 0.18303988794636186
 0.19509032200677121
 0.20711137618228492
 0.21910124014636112
 0.23105810826958892
 0.24298017989160983
 0.25486565959229041
 0.26671275746210599
 0.27851968937169436
 0.29028467724053936
 0.30200594930474289
 0.31368174038384633
 0.32531029214666013
 0.33688985337606198
 0.34841868023272365
 0.35989503651772692
 0.37131719393402862
 0.3826834323467358
 0.39399204004215183
 0.40524131398555413
 0.41642956007766491
 0.42755509340977627
 0.43861623851749143
 0.44961132963304318
 0.46053871093615262
 0.47139673680338956
 0.48218377205599738
 0.49289819220614495
 0.50353838370156823
 0.51410274416856583
 0.52458968265331007
 0.53499761986143923
 0.54532498839589327
 0.55557023299295782
 0.5657318107564816
 0.57580819139023065
 0.58579785742834534
 0.5956993044638651
 0.60551104137528688
 0.61523159055112231
 0.62485948811242054
 0.63439328413322293
 0.64383154285891653
 0.65317284292245414
 0.6624157775584063
 0.67155895481481476
 0.68060099776281602
 0.68954054470400139
 0.69837624937548393
 0.70710678115264014
 0.71573082524949805
 0.72424708291673823
 0.73265427163728136
 0.7409511253194303
 0.74913639448753844
 0.75720884647017694
 0.7651672655857702
 0.77301045332567253
 0.78073722853465999
 0.78834642758880746
 0.79583690457072598
 0.80320753144213441
 0.81045719821373707
 0.81758481311238462
 0.8245893027454908
 0.83146961226268123
 0.83822470551465045
 0.84485356520920207
 0.85135519306444885
 0.85772860995915057
 0.86397285608016616
 0.87008699106699794
 0.87607009415340664
 0.88192126430607487
 0.88763962036029997
 0.89322430115269391
 0.89867446565087139
 0.90398929308010634
 0.90916798304693758
 0.91420975565970453
 0.91911385164599702
 0.92387953246699805
 0.92850608042870575
 0.93299279879001451
 0.93733901186764268
 0.94154406513788746
 0.94560732533519376
 0.94952818054752175
 0.95330604030849841
 0.95694033568633963
 0.96043051936952972
 0.96377606574924379
 0.96697647099850303
 0.97003125314804894
 0.97293995215892615
 0.97570212999176253
 0.97831737067273672
 0.9807852803562217
 0.98310548738409664
 0.98527764234171766
 0.98730141811053795
 0.98917650991737083
 0.99090263538028733
 0.99247953455114202
 0.99390696995471983
 0.99518472662449986
 0.9963126121350272
 0.99729045663089289
 0.99811811285231278
 0.99879545615730392
 0.99932238454045608
 0.99969881864829335
 0.99992470179122328
 0.99999999995207567
 0.99992470179122417
 0.99969881864829513
 0.99932238454045885
 0.99879545615730725
 0.99811811285231666
 0.99729045663089744
 0.99631261213503231
 0.99518472662450541
 0.99390696995472605
 0.99247953455114879
 0.99090263538029466
 0.98917650991737871
 0.98730141811054639
 0.98527764234172655
 0.98310548738410597
 0.98078528035623169
 0.97831737067274749
 0.97570212999177386
 0.97293995215893803
 0.97003125314806149
 0.96697647099851602
 0.96377606574925734
 0.9604305193695436
 0.95694033568635384
 0.95330604030851285
 0.94952818054753674
 0.94560732533520941
 0.94154406513790379
 0.93733901186765944
 0.93299279879003183
 0.92850608042872373
 0.92387953246701682
 0.91911385164601644
 0.91420975565972473
 0.90916798304695834
 0.90398929308012776
 0.89867446565089315
 0.89322430115271578
 0.88763962036032218
 0.88192126430609752
 0.87607009415342962
 0.87008699106702125
 0.86397285608018981
 0.85772860995917455
 0.85135519306447327
 0.84485356520922705
 0.83822470551467609
 0.83146961226270721
 0.82458930274551712
 0.81758481311241138
 0.81045719821376416
 0.80320753144216184
 0.79583690457075373
 0.78834642758883555
 0.78073722853468863
 0.77301045332570151
 0.76516726558579951
 0.75720884647020659
 0.74913639448756819
 0.74095112531946006
 0.73265427163731134
 0.72424708291676843
 0.71573082524952836
 0.70710678115267056
 0.69837624937551435
 0.68954054470403181
 0.68060099776284633
 0.67155895481484507
 0.66241577755843661
 0.65317284292248456
 0.64383154285894695
 0.63439328413325335
 0.62485948811245118
 0.61523159055115317
 0.60551104137531775
 0.59569930446389574
 0.58579785742837587
 0.57580819139026096
 0.56573181075651169
 0.5555702329929878
 0.54532498839592303
 0.53499761986146877
 0.52458968265333916
 0.51410274416859447
 0.50353838370159643
 0.49289819220617276
 0.48218377205602492
 0.47139673680341676
 0.46053871093617943
 0.4496113296330696
 0.43861623851751752
 0.42755509340980197
 0.41642956007769011
 0.40524131398557883
 0.39399204004217603
 0.38268343234675939
 0.3713171939340516
 0.35989503651774934
 0.34841868023274547
 0.33688985337608313
 0.32531029214668067
 0.3136817403838662
 0.3020059493047621
 0.2902846772405579
 0.27851968937171223
 0.26671275746212308
 0.25486565959230678
 0.24298017989162543
 0.23105810826960374
 0.21910124014637516
 0.20711137618229819
 0.1950903220067837
 0.18303988794637355
 0.1709618887521123
 0.15885814332625223
 0.14673047444833343
 0.13458070850067982
 0.12241067519335276
 0.11022220728860345
 0.098017140324865609
 0.085797312340330237
 0.073564563596143717
 0.061320736299271365
 0.049067674325067728
 0.036807222939595832
 0.024541228521736846
 0.01227153828513222
 1.2246467991473532e-16


# name: nen
# type: scalar
3


# name: nel
# type: scalar
256


# name: h
# type: scalar
0.00390625


