# Created by Octave 6.3.0, Fri Sep 24 18:21:42 2021 -03 <kuroneko@kuroneko-VirtualBox>
# name: beta
# type: scalar
0


# name: Lambda
# type: matrix
# rows: 17
# columns: 17
 1 0 0 0 0 0 0 0 0 0 0 0 0 0 0 0 0
 0.98078528040323043 0 0 0 0 0 0 0 0 0 0 0 0 0 0 0 0
 0.92387953251128674 0 0 0 0 0 0 0 0 0 0 0 0 0 0 0 0
 0.83146961230254524 0 0 0 0 0 0 0 0 0 0 0 0 0 0 0 0
 0.70710678118654757 0 0 0 0 0 0 0 0 0 0 0 0 0 0 0 0
 0.55557023301960229 0 0 0 0 0 0 0 0 0 0 0 0 0 0 0 0
 0.38268343236508984 0 0 0 0 0 0 0 0 0 0 0 0 0 0 0 0
 0.19509032201612833 0 0 0 0 0 0 0 0 0 0 0 0 0 0 0 0
 6.123233995736766e-17 0 0 0 0 0 0 0 0 0 0 0 0 0 0 0 0
 -0.19509032201612819 0 0 0 0 0 0 0 0 0 0 0 0 0 0 0 0
 -0.38268343236508973 0 0 0 0 0 0 0 0 0 0 0 0 0 0 0 0
 -0.55557023301960196 0 0 0 0 0 0 0 0 0 0 0 0 0 0 0 0
 -0.70710678118654746 0 0 0 0 0 0 0 0 0 0 0 0 0 0 0 0
 -0.83146961230254535 0 0 0 0 0 0 0 0 0 0 0 0 0 0 0 0
 -0.92387953251128674 0 0 0 0 0 0 0 0 0 0 0 0 0 0 0 0
 -0.98078528040323043 0 0 0 0 0 0 0 0 0 0 0 0 0 0 0 0
 -1 0 0 0 0 0 0 0 0 0 0 0 0 0 0 0 0


# name: nen
# type: scalar
2


# name: nel
# type: scalar
16


# name: h
# type: scalar
0.0625


# name: xl
# type: matrix
# rows: 17
# columns: 1
 0
 0.0625
 0.125
 0.1875
 0.25
 0.3125
 0.375
 0.4375
 0.5
 0.5625
 0.625
 0.6875
 0.75
 0.8125
 0.875
 0.9375
 1


# name: U
# type: matrix
# rows: 16
# columns: 2
 -0.61388256919874762 -0.00098845789797816219
 -1.205162433430365 -0.61582149911190609
 -1.7501285812081415 -1.2069888654716483
 -2.2278382690935143 -1.7517723266184795
 -2.619933381683706 -2.2292361596585875
 -2.9113459236913681 -2.6210316972530641
 -3.0908770745531688 -2.9121024566136113
 -3.1516275528237281 -3.0912627516923732
 -3.0912627516923634 -3.1516275528237188
 -2.9121024566135851 -3.0908770745531426
 -2.6210316972530157 -2.9113459236913179
 -2.2292361596585319 -2.619933381683651
 -1.7517723266184053 -2.2278382690934397
 -1.2069888654715759 -1.7501285812080687
 -0.61582149911182793 -1.2051624334302871
 -0.00098845789788367419 -0.61388256919865347


# name: P
# type: matrix
# rows: 16
# columns: 2
 -0.98720048337192368 -0.98720048337192368
 -0.94926292242434973 -0.94926292242434984
 -0.8748457197207884 -0.8748457197207884
 -0.76680868662748869 -0.76680868662748869
 -0.62930362573836029 -0.62930362573836029
 -0.4676147794296463 -0.46761477942964635
 -0.28795575938884033 -0.28795575938884033
 -0.097230761002171484 -0.097230761002171484
 0.097230761002171803 0.097230761002171803
 0.28795575938884066 0.28795575938884066
 0.46761477942964647 0.46761477942964647
 0.62930362573836029 0.62930362573836029
 0.76680868662748891 0.76680868662748902
 0.87484571972078851 0.8748457197207884
 0.94926292242434973 0.94926292242434984
 0.98720048337192345 0.98720048337192357


# name: x
# type: range
# base, limit, increment
0 1 0.0625


# name: exata
# type: matrix
# rows: 17
# columns: 1
 1
 0.98078528040323043
 0.92387953251128674
 0.83146961230254524
 0.70710678118654757
 0.55557023301960229
 0.38268343236508984
 0.19509032201612833
 6.123233995736766e-17
 -0.19509032201612819
 -0.38268343236508973
 -0.55557023301960196
 -0.70710678118654746
 -0.83146961230254535
 -0.92387953251128674
 -0.98078528040323043
 -1


