# Created by Octave 6.3.0, Sat Sep 25 14:18:25 2021 -03 <kuroneko@kuroneko-VirtualBox>
# name: beta
# type: scalar
0


# name: Lambda
# type: matrix
# rows: 5
# columns: 1
 1
 0.70710678118654757
 6.123233995736766e-17
 -0.70710678118654746
 -1


# name: nen
# type: scalar
2


# name: nel
# type: scalar
4


# name: h
# type: scalar
0.25


# name: xl
# type: matrix
# rows: 5
# columns: 1
 0
 0.25
 0.5
 0.75
 1


# name: U
# type: matrix
# rows: 4
# columns: 2
 0.060951920345552517 2.2821938301620679
 2.3683928625674313 3.288461386924947
 3.2884613869249462 2.3683928625674309
 2.2821938301620639 0.060951920345550387


# name: P
# type: matrix
# rows: 4
# columns: 2
 0.89982926371445149 0.89982926371445138
 0.37272148485072204 0.37272148485072204
 -0.37272148485072198 -0.37272148485072198
 -0.89982926371445104 -0.89982926371445093


# name: x
# type: range
# base, limit, increment
0 1 0.25


# name: exata
# type: matrix
# rows: 5
# columns: 1
 1
 0.70710678118654757
 6.123233995736766e-17
 -0.70710678118654746
 -1


