# Created by Octave 6.3.0, Sat Sep 25 14:18:25 2021 -03 <kuroneko@kuroneko-VirtualBox>
# name: beta
# type: scalar
0


# name: Lambda
# type: matrix
# rows: 17
# columns: 1
 1
 0.98078528040323043
 0.92387953251128674
 0.83146961230254524
 0.70710678118654757
 0.55557023301960229
 0.38268343236508984
 0.19509032201612833
 6.123233995736766e-17
 -0.19509032201612819
 -0.38268343236508973
 -0.55557023301960196
 -0.70710678118654746
 -0.83146961230254535
 -0.92387953251128674
 -0.98078528040323043
 -1


# name: nen
# type: scalar
2


# name: nel
# type: scalar
16


# name: h
# type: scalar
0.0625


# name: xl
# type: matrix
# rows: 17
# columns: 1
 0
 0.0625
 0.125
 0.1875
 0.25
 0.3125
 0.375
 0.4375
 0.5
 0.5625
 0.625
 0.6875
 0.75
 0.8125
 0.875
 0.9375
 1


# name: U
# type: matrix
# rows: 16
# columns: 2
 0.0009884578978833279 0.6138825691986538
 0.61582149911182282 1.2051624334302822
 1.2069888654715815 1.7501285812080754
 1.7517723266184084 2.2278382690934437
 2.2292361596585368 2.619933381683655
 2.6210316972530214 2.9113459236913246
 2.9121024566135869 3.0908770745531435
 3.091262751692363 3.1516275528237183
 3.1516275528237281 3.0912627516923732
 3.0908770745531675 2.9121024566136118
 2.9113459236913632 2.6210316972530583
 2.6199333816837065 2.2292361596585879
 2.2278382690935121 1.7517723266184764
 1.7501285812081406 1.2069888654716472
 1.2051624334303705 0.61582149911191075
 0.61388256919873951 0.00098845789796894734


# name: P
# type: matrix
# rows: 16
# columns: 2
 0.99358479703130631 0.99358479703130642
 0.95540189049016688 0.95540189049016677
 0.88050342509304325 0.88050342509304336
 0.77176770686160368 0.77176770686160368
 0.6333733884677889 0.6333733884677889
 0.47063888595504522 0.47063888595504522
 0.28981799499237726 0.28981799499237726
 0.097859561013956403 0.097859561013956431
 -0.097859561013956708 -0.097859561013956708
 -0.28981799499237754 -0.28981799499237754
 -0.47063888595504549 -0.47063888595504544
 -0.6333733884677889 -0.6333733884677889
 -0.7717677068616039 -0.77176770686160401
 -0.8805034250930438 -0.8805034250930438
 -0.95540189049016722 -0.95540189049016722
 -0.99358479703130664 -0.99358479703130653


# name: x
# type: range
# base, limit, increment
0 1 0.0625


# name: exata
# type: matrix
# rows: 17
# columns: 1
 1
 0.98078528040323043
 0.92387953251128674
 0.83146961230254524
 0.70710678118654757
 0.55557023301960229
 0.38268343236508984
 0.19509032201612833
 6.123233995736766e-17
 -0.19509032201612819
 -0.38268343236508973
 -0.55557023301960196
 -0.70710678118654746
 -0.83146961230254535
 -0.92387953251128674
 -0.98078528040323043
 -1


