# Created by Octave 6.3.0, Sat Sep 25 14:18:25 2021 -03 <kuroneko@kuroneko-VirtualBox>
# name: beta
# type: scalar
0


# name: Lambda
# type: matrix
# rows: 65
# columns: 1
 1
 0.99879545620517241
 0.99518472667219693
 0.98917650996478101
 0.98078528040323043
 0.97003125319454397
 0.95694033573220882
 0.94154406518302081
 0.92387953251128674
 0.90398929312344334
 0.88192126434835505
 0.85772861000027212
 0.83146961230254524
 0.80320753148064494
 0.77301045336273699
 0.74095112535495911
 0.70710678118654757
 0.67155895484701833
 0.63439328416364549
 0.59569930449243347
 0.55557023301960229
 0.51410274419322166
 0.47139673682599781
 0.4275550934302822
 0.38268343236508984
 0.33688985339222005
 0.29028467725446233
 0.24298017990326398
 0.19509032201612833
 0.14673047445536175
 0.09801714032956077
 0.049067674327418126
 6.123233995736766e-17
 -0.049067674327418008
 -0.098017140329560645
 -0.14673047445536164
 -0.19509032201612819
 -0.24298017990326387
 -0.29028467725446216
 -0.33688985339221994
 -0.38268343236508973
 -0.42755509343028186
 -0.4713967368259977
 -0.51410274419322166
 -0.55557023301960196
 -0.59569930449243336
 -0.63439328416364538
 -0.67155895484701844
 -0.70710678118654746
 -0.74095112535495888
 -0.77301045336273699
 -0.80320753148064483
 -0.83146961230254535
 -0.85772861000027201
 -0.88192126434835494
 -0.90398929312344334
 -0.92387953251128674
 -0.9415440651830207
 -0.95694033573220882
 -0.97003125319454397
 -0.98078528040323043
 -0.98917650996478101
 -0.99518472667219682
 -0.99879545620517241
 -1


# name: nen
# type: scalar
2


# name: nel
# type: scalar
64


# name: h
# type: scalar
0.015625


# name: xl
# type: matrix
# rows: 65
# columns: 1
 0
 0.015625
 0.03125
 0.046875
 0.0625
 0.078125
 0.09375
 0.109375
 0.125
 0.140625
 0.15625
 0.171875
 0.1875
 0.203125
 0.21875
 0.234375
 0.25
 0.265625
 0.28125
 0.296875
 0.3125
 0.328125
 0.34375
 0.359375
 0.375
 0.390625
 0.40625
 0.421875
 0.4375
 0.453125
 0.46875
 0.484375
 0.5
 0.515625
 0.53125
 0.546875
 0.5625
 0.578125
 0.59375
 0.609375
 0.625
 0.640625
 0.65625
 0.671875
 0.6875
 0.703125
 0.71875
 0.734375
 0.75
 0.765625
 0.78125
 0.796875
 0.8125
 0.828125
 0.84375
 0.859375
 0.875
 0.890625
 0.90625
 0.921875
 0.9375
 0.953125
 0.96875
 0.984375
 1


# name: U
# type: matrix
# rows: 64
# columns: 2
 1.5480374711361844e-05 0.15416612536327162
 0.15419704881903745 0.30797633140181857
 0.3080071430667215 0.46104459548250698
 0.46107522112852828 0.61300216274995079
 0.61303252859720192 0.76348295411466693
 0.76351298700918779 0.91212444816972349
 0.91215407575962348 1.0585685545364669
 1.0585977054463074 1.2024624765356913
 1.202491080538324 1.343459561105629
 1.3434875492915885 1.4812201339197466
 1.4812474388629675 1.6154123176916604
 1.6154388736121887 1.7457128316968626
 1.745738574619131 1.8718077705841081
 1.8718326384911812 1.9933933606010255
 1.9934172935839469 2.1101766914116342
 2.1101996318137113 2.2218764217429574
 2.2218983142988029 2.3282234571609393
 2.3282442491294018 2.4289615983422888
 2.4289812396337798 2.5238481582813668
 2.5238666015782463 2.6126545469441509
 2.6126717478148938 2.6951668219618226
 2.6951827389680107 2.7711862040366291
 2.7712007988328793 2.8405295558187222
 2.8405427932448117 2.9030298230998137
 2.9030416712656488 2.9585364372616745
 2.9585468676239888 3.0069156780089865
 3.0069246654401232 3.0480509955132691
 3.0480585183617293 3.0818432911916345
 3.0818493313341997 3.1082111564439212
 3.1082156993293499 3.1270910687731743
 3.1270941034573019 3.1384375448169508
 3.1384390639889181 3.1422232499205895
 3.1422232499205904 3.1384390639889195
 3.1384375448169499 3.1270941034573019
 3.1270910687731721 3.1082156993293486
 3.1082111564439123 3.0818493313341921
 3.0818432911916327 3.0480585183617279
 3.0480509955132633 3.0069246654401187
 3.006915678008987 2.9585468676239883
 2.9585364372616758 2.903041671265651
 2.903029823099792 2.8405427932447895
 2.8405295558187422 2.7712007988329006
 2.7711862040366451 2.6951827389680272
 2.6951668219618004 2.6126717478148715
 2.612654546944158 2.5238666015782543
 2.5238481582813503 2.4289812396337647
 2.4289615983422985 2.3282442491294115
 2.3282234571609153 2.2218983142987816
 2.2218764217429383 2.1101996318136931
 2.1101766914116347 1.993417293583948
 1.9933933606010332 1.8718326384911899
 1.8718077705841061 1.7457385746191287
 1.745712831696836 1.6154388736121625
 1.6154123176916648 1.4812474388629715
 1.481220133919724 1.3434875492915663
 1.3434595611056048 1.2024910805382998
 1.2024624765356413 1.0585977054462579
 1.0585685545364336 0.91215407575959029
 0.91212444816972005 0.7635129870091848
 0.76348295411466105 0.61303252859719615
 0.61300216274994501 0.46107522112852251
 0.46104459548251681 0.30800714306673144
 0.30797633140181963 0.15419704881903873
 0.15416612536324148 1.5480374681246106e-05


# name: P
# type: matrix
# rows: 64
# columns: 2
 0.99959844508824802 0.99959844508824802
 0.99719032487954706 0.99719032487954717
 0.99237988583465453 0.99237988583465464
 0.98517871672257462 0.98517871672257473
 0.97560416579044607 0.97560416579044595
 0.96367929897009552 0.96367929897009552
 0.94943284431018826 0.94943284431018815
 0.93289912276784304 0.93289912276784304
 0.91411796552643687 0.91411796552643676
 0.89313461803880012 0.89313461803880023
 0.86999963102695488 0.86999963102695488
 0.84476873870099778 0.84476873870099767
 0.81750272449050765 0.81750272449050765
 0.78826727461193791 0.78826727461193791
 0.75713281982476921 0.75713281982476921
 0.72417436575764038 0.72417436575764038
 0.68947131221321767 0.68947131221321767
 0.65310726188711921 0.65310726188711921
 0.61516981896169509 0.61516981896169509
 0.57575037805987939 0.57575037805987939
 0.53494390406754055 0.53494390406754055
 0.49284870335475112 0.49284870335475112
 0.44956618694713152 0.44956618694713152
 0.4052006262178095 0.4052006262178095
 0.35985890168854534 0.35985890168854534
 0.31365024554519638 0.31365024554519638
 0.26668597848781245 0.26668597848781245
 0.2190792415493184 0.2190792415493184
 0.17094472352885656 0.17094472352885656
 0.12239838469642451 0.12239838469642451
 0.073557177434426441 0.073557177434426455
 0.024538764489140941 0.024538764489140941
 -0.024538764489140844 -0.024538764489140847
 -0.073557177434426371 -0.073557177434426371
 -0.12239838469642439 -0.12239838469642439
 -0.17094472352885645 -0.17094472352885645
 -0.21907924154931821 -0.21907924154931824
 -0.26668597848781234 -0.26668597848781239
 -0.31365024554519638 -0.31365024554519638
 -0.35985890168854545 -0.35985890168854551
 -0.40520062621780933 -0.40520062621780933
 -0.4495661869471318 -0.44956618694713174
 -0.49284870335475101 -0.49284870335475095
 -0.53494390406754044 -0.53494390406754044
 -0.57575037805987928 -0.57575037805987939
 -0.61516981896169487 -0.61516981896169498
 -0.65310726188711932 -0.65310726188711932
 -0.68947131221321778 -0.68947131221321778
 -0.72417436575763983 -0.72417436575763983
 -0.7571328198247691 -0.7571328198247691
 -0.78826727461193802 -0.78826727461193802
 -0.81750272449050776 -0.81750272449050776
 -0.844768738700998 -0.84476873870099789
 -0.86999963102695488 -0.86999963102695488
 -0.89313461803880023 -0.89313461803880023
 -0.91411796552643709 -0.9141179655264372
 -0.9328991227678427 -0.93289912276784281
 -0.9494328443101886 -0.94943284431018871
 -0.96367929897009574 -0.96367929897009563
 -0.97560416579044562 -0.97560416579044573
 -0.9851787167225754 -0.9851787167225754
 -0.99237988583465475 -0.99237988583465475
 -0.99719032487954729 -0.99719032487954729
 -0.99959844508824813 -0.99959844508824813


# name: x
# type: range
# base, limit, increment
0 1 0.015625


