# Created by Octave 6.2.0, Mon May 31 17:49:15 2021 -03 <kuroneko@kuroneko-VirtualBox>
# name: erro
# type: matrix
# rows: 5
# columns: 1
 0
 0.90856535562221619
 0.89798281017288739
 0.89531868963480365
 0.89477953426166823


# name: hh
# type: matrix
# rows: 5
# columns: 1
 0
 0.0625
 0.015625
 0.00390625
 0.0009765625


