# Created by Octave 6.2.0, Mon May 31 17:49:46 2021 -03 <kuroneko@kuroneko-VirtualBox>
# name: erro
# type: matrix
# rows: 5
# columns: 1
 0
 4.0597464192601214
 6.3730279970461909
 11.451654302904798
 21.809864240286956


# name: hh
# type: matrix
# rows: 5
# columns: 1
 0
 0.0625
 0.015625
 0.00390625
 0.0009765625


