# Created by Octave 6.2.0, Mon May 31 23:23:29 2021 -03 <kuroneko@kuroneko-VirtualBox>
# name: erro
# type: matrix
# rows: 5
# columns: 1
 0
 3.3511879365310747e-07
 5.571427168847062e-07
 9.5366410640016928e-07
 1.6673380826348035e-06


# name: hh
# type: matrix
# rows: 5
# columns: 1
 0
 0.0625
 0.015625
 0.00390625
 0.0009765625


