# Created by Octave 6.2.0, Mon May 31 23:22:27 2021 -03 <kuroneko@kuroneko-VirtualBox>
# name: erro
# type: matrix
# rows: 5
# columns: 1
 0
 0.00088621942246378503
 5.4796999545649336e-05
 3.4496504432904477e-06
 1.067682381494788e-06


# name: hh
# type: matrix
# rows: 5
# columns: 1
 0
 0.0625
 0.015625
 0.00390625
 0.0009765625


