# Created by Octave 6.2.0, Mon May 31 23:22:21 2021 -03 <kuroneko@kuroneko-VirtualBox>
# name: erro
# type: matrix
# rows: 5
# columns: 1
 0
 0.062550576949301245
 0.015628234941243373
 0.0039064052845957107
 0.00097656743938541197


# name: hh
# type: matrix
# rows: 5
# columns: 1
 0
 0.0625
 0.015625
 0.00390625
 0.0009765625


