# Created by Octave 6.2.0, Mon May 31 23:23:02 2021 -03 <kuroneko@kuroneko-VirtualBox>
# name: erro
# type: matrix
# rows: 5
# columns: 1
 0
 0.91300162081804415
 0.89903903874568514
 0.89558119857238028
 0.89443182711862768


# name: hh
# type: matrix
# rows: 5
# columns: 1
 0
 0.0625
 0.015625
 0.00390625
 0.0009765625


