# Created by Octave 6.2.0, Tue Jul 06 15:47:27 2021 -03 <kuroneko@kuroneko-VirtualBox>
# name: xlSUPG
# type: matrix
# rows: 11
# columns: 1
 0
 0.20000000000000001
 0.40000000000000002
 0.60000000000000009
 0.80000000000000004
 1
 1.2
 1.3999999999999999
 1.5999999999999999
 1.7999999999999998
 1.9999999999999998


# name: hSUPG
# type: scalar
0.20000000000000001


# name: deltaT
# type: scalar
0.040000000000000008


# name: U
# type: matrix
# rows: 11
# columns: 32
 1.3887943864964021e-11 1.12332718893748e-11 7.4436160781634811e-12 4.3146969877460411e-12 2.2766325176964056e-12 1.1217674942553966e-12 5.2506845684702247e-13 2.3626525672562774e-13 1.0307538391995259e-13 4.3873125859559464e-14 1.8305004978569142e-14 7.513251299296763e-15 3.042177761510972e-15 1.2178546378285334e-15 4.8286285214060582e-16 1.8988310841439806e-16 7.4145799918071839e-17 2.8776592978041216e-17 1.1109375092914497e-17 4.2690000732567307e-18 1.6337764460465181e-18 6.230113180658747e-19 2.3681697682685172e-19 8.9762546587076876e-20 3.3937047981538072e-20 1.2801572265929117e-20 4.8190574206185142e-21 1.8107448339913663e-21 6.7924285715700817e-22 2.5440924487758496e-22 9.5156896002755636e-23 3.5546769254327428e-23
 0.00012340980408667956 -0.027258082378186638 -0.043952776998300941 -0.051344045330194009 -0.051149201878675707 -0.045253123542451194 -0.035553889996414401 -0.023830217553224335 -0.011637502634252323 -0.00023617707131834068 0.0094469228957311264 0.016826130582546298 0.021637567777623923 0.023898435676893284 0.023851467853350402 0.021901254752320316 0.018548794983458704 0.014329809168794595 0.0097612000446503262 0.0052987004517318637 0.0013073576070509378 -0.0019548187791523326 -0.0043408658617636606 -0.0058082629073792002 -0.0064040680757083586 -0.0062444917187541495 -0.0054916693391069216 -0.0043302284063920313 -0.0029458814519219031 -0.0015077728896317876 -0.00015571192142781098 0.0010072054142466643
 0.3678794411714425 0.30016077043058992 0.22952157011138913 0.16063548549412415 0.09737941544371348 0.042674133102307332 -0.0015845802486042038 -0.034510617276806668 -0.056140153169553786 -0.067288391915985304 -0.069368949953480211 -0.064194888429463332 -0.053779319657443161 -0.040151121427972801 -0.02519795886219631 -0.010544934817838353 0.0025268410145839271 0.013121302499805127 0.020730969433060221 0.02520848356209885 0.026713440833407192 0.025642759596810567 0.022552942096581111 0.018081994806544707 0.01287762960129232 0.00753685473451483 0.0025603649344780881 -0.0016765842969690735 -0.0049367528247247052 -0.0071182967172051855 -0.0082394571092630573 -0.0084138848599923932
 0.36787944117144167 0.40873275497163353 0.42881512787930792 0.42833880154964915 0.40900101010289591 0.37368706286323466 0.32611541603206173 0.27045974934277572 0.21098085720868212 0.15169649562678464 0.096110875001116328 0.047018007736021078 0.0063853607036691825 -0.024683085753649581 -0.04591163803766557 -0.05775778278903379 -0.06127272962506855 -0.057934758960305303 -0.049472490485864822 -0.037693720521624813 -0.024332891742882039 -0.01092692491340703 0.0012745521898541153 0.011362224973708587 0.018784350430678977 0.023331999034582922 0.025098049149399924 0.024416958292845525 0.021792878951414397 0.017823625288872595 0.013127441575040182 0.0082785585103973183
 0.00012340980408667932 0.05540157069346803 0.11693288908352423 0.17960490280447641 0.23845132001178063 0.28907425458727315 0.32797637787581824 0.35278357151834333 0.3623502498361334 0.35675052622638476 0.33716792164216253 0.30570368112498597 0.26512856900813991 0.21860511984648354 0.16940684949740525 0.12065821313420855 0.07511462919235988 0.03499626358531284 0.0018831144396514177 -0.023327144019766176 -0.040402582664139396 -0.04971019752952114 -0.052110516676082456 -0.048827038865064086 -0.041304211816737164 -0.031066677364911591 -0.01959054294027418 -0.0081948872108528904 0.0020410018745272819 0.01033169292209128 0.016210221096251462 0.019524377334512229
 1.3887943864964021e-11 -0.0080996145590615954 -0.0073805801302784246 0.0035531382113463041 0.02492026491135416 0.055789846169923336 0.094223149765283981 0.13750583891211926 0.18244015657822008 0.22566406624085006 0.26396488410741514 0.29455850242680931 0.31531120562088433 0.32488853237391158 0.32282378815918311 0.30950683856588329 0.28610098668168904 0.25440148494962345 0.21665317187180652 0.17534668086296432 0.13301266457662864 0.092031704812455012 0.054474353882899097 0.021981480571806961 -0.0043097603468782867 -0.02379391174711545 -0.036383055375413607 -0.04245758020408015 -0.042790560272100202 -0.038454505498124764 -0.030718283606275834 -0.02094075369453997
 5.2428856633635015e-22 0.0011897994024002859 -0.00034273280923611562 -0.0031822783033734854 -0.005537531161164959 -0.0055031957040597912 -0.0013228333530647621 0.0083774507865150855 0.02440875334456032 0.04690911210745187 0.075311087494545861 0.10838628650231806 0.1443580264781735 0.18106698749956682 0.21617039726531218 0.24735327418080194 0.2725305198779131 0.29002097721408976 0.29867855084963102 0.29797060071882875 0.28799948635998579 0.2694688041640389 0.24360104792122811 0.21201777322155724 0.17659654716762313 0.13932063594110161 0.10213703239542236 0.066835666736501764 0.034957648966276303 0.0077342552664551459 -0.01394706789104184 -0.029556353574591975
 6.6396771995808284e-36 -0.00017475708061320792 0.00025987614466904202 0.00060684772107872439 0.00038104897524370924 -0.00058666925673703924 -0.0021017488542716067 -0.0036174357807310809 -0.0043009161721637504 -0.0031430186811793716 0.00090420371348293334 0.0087801837327938 0.021177263772789726 0.038427425918686635 0.0604273665087686 0.086610183213049238 0.11596654611936483 0.14711281008002225 0.17839865520548465 0.20804297414030271 0.23428416115976913 0.25552979698028522 0.27049083837573434 0.27828655538490416 0.27850849922017468 0.27123510260849509 0.25699393753416799 0.23667668762824748 0.21142150275258365 0.18248549487761281 0.15113268703914168 0.11855726469571128
 2.8207700884602154e-53 2.5610791312397959e-05 -6.8700154211671363e-05 -7.2694363958206569e-05 6.6647900810995987e-05 0.00027018427261475708 0.00037913987291264252 0.00022389119940768236 -0.00030371337723890369 -0.0011869240395833468 -0.0022400954519202088 -0.0030915551848477926 -0.0031968750499979299 -0.0018819430362770867 0.0015886646973891604 0.0079257302914276066 0.017721785580044558 0.031360775893730077 0.048941666831120542 0.070225251261877342 0.094611116255080008 0.1211490254716448 0.14858651604121303 0.17545282108786348 0.20017798202699852 0.22124340430643646 0.23735350410814851 0.24760659754309389 0.25163055933788658 0.24964339272656513 0.24240891715245147 0.23108455283474208
 4.0200602157435838e-74 -3.5837626068543208e-06 1.376695695947576e-05 3.0806201464203247e-06 -2.8031206808540575e-05 -4.5238157294383894e-05 -1.6480541754342973e-05 6.5824141599367525e-05 0.00017354821165456159 0.0002446217353050781 0.00019754260900363535 -4.3733256090951663e-05 -0.00051854750051287199 -0.0011970079559964423 -0.0019515615750286648 -0.0025376648622170189 -0.0025875049761182847 -0.0016191924034026134 0.00093797309751200925 0.0057033997500136255 0.013292957546521985 0.024257702861194247 0.039015251417014091 0.057772059010545163 0.080431797283992315 0.10648798276852234 0.13491405632214457 0.16409010705530699 0.19182829947193938 0.21555637408617415 0.23267594526306501 0.24103954845028669
