# Created by Octave 6.2.0, Tue Jun 01 00:44:17 2021 -03 <kuroneko@kuroneko-VirtualBox>
# name: uu
# type: matrix
# rows: 64
# columns: 2
 2.5181207627078024e-08 0.0024076391118459765
 0.038060315377272988 0.059039375235960569
 0.14644673506348047 0.18280336916238266
 0.30865843436794504 0.35485767473921259
 0.50000015252427887 0.5490085836185431
 0.69134184746017346 0.73569837990586717
 0.85355348063842218 0.88650523446365748
 0.9619398013597551 0.97847017075303067
 0.99999997481879221 0.99759236088815417
 0.96193968462272639 0.94096062476403963
 0.85355326493651962 0.81719663083761818
 0.6913415656320554 0.64514232526078685
 0.49999984747572335 0.45099141638145573
 0.3086581525398272 0.26430162009413255
 0.14644651936157563 0.11349476553634295
 0.038060198640243764 0.021529829246969209
 2.518120747503837e-08 0.0024076391118461622
 0.038060315377273064 0.059039375235960555
 0.14644673506348116 0.18280336916238263
 0.30865843436794532 0.35485767473921287
 0.50000015252427787 0.54900858361854321
 0.69134184746017169 0.73569837990586784
 0.85355348063842185 0.88650523446365737
 0.96193980135975488 0.97847017075303089
 0.99999997481879166 0.99759236088815417
 0.96193968462272661 0.94096062476403963
 0.85355326493651928 0.81719663083761751
 0.69134156563205407 0.64514232526078719
 0.49999984747572057 0.45099141638145729
 0.30865815253982609 0.26430162009413299
 0.14644651936157679 0.11349476553634287
 0.038060198640244181 0.021529829246969352
 2.5181207457348219e-08 0.0024076391118461296
 0.038060315377273349 0.059039375235960485
 0.1464467350634806 0.18280336916238235
 0.30865843436794516 0.35485767473921292
 0.50000015252427887 0.54900858361854321
 0.69134184746017358 0.73569837990586706
 0.85355348063842229 0.88650523446365737
 0.96193980135975465 0.97847017075303089
 0.99999997481879166 0.99759236088815395
 0.96193968462272594 0.94096062476404008
 0.8535532649365174 0.81719663083761795
 0.69134156563205296 0.64514232526078774
 0.49999984747572096 0.45099141638145718
 0.30865815253982587 0.26430162009413316
 0.14644651936157599 0.11349476553634309
 0.038060198640243938 0.021529829246969157
 2.5181207348338655e-08 0.0024076391118462086
 0.038060315377272808 0.059039375235960603
 0.14644673506348224 0.18280336916238241
 0.3086584343679466 0.3548576747392122
 0.50000015252428076 0.54900858361854277
 0.69134184746017346 0.73569837990586695
 0.85355348063842451 0.88650523446365659
 0.9619398013597561 0.97847017075303067
 0.99999997481879122 0.99759236088815417
 0.96193968462272561 0.94096062476403963
 0.8535532649365184 0.81719663083761784
 0.69134156563205185 0.64514232526078819
 0.49999984747571991 0.45099141638145662
 0.30865815253982593 0.26430162009413322
 0.14644651936157527 0.113494765536343
 0.038060198640244576 0.02152982924696905


# name: x
# type: range
# base, limit, increment
-2 2 0.015625


# name: h
# type: scalar
0.0625


# name: exata
# type: matrix
# rows: 257
# columns: 1
 5.9990391306474304e-32
 0.0024076366639015643
 0.009607359798384757
 0.021529832133895754
 0.038060233744356797
 0.059039367825822621
 0.084265193848727452
 0.11349477331863148
 0.14644660940672671
 0.18280335791817762
 0.22221488349019913
 0.26430163158700132
 0.30865828381745508
 0.3548576613727687
 0.4024548389919364
 0.45099142983522006
 0.50000000000000022
 0.54900857016478033
 0.59754516100806399
 0.6451423386272318
 0.69134171618254525
 0.73569836841299907
 0.7777851165098012
 0.81719664208182274
 0.85355339059327351
 0.88650522668136877
 0.91573480615127278
 0.94096063217417747
 0.96193976625564337
 0.9784701678661043
 0.99039264020161533
 0.99759236333609846
 1
 0.99759236333609846
 0.99039264020161533
 0.9784701678661043
 0.96193976625564315
 0.94096063217417747
 0.91573480615127256
 0.88650522668136855
 0.85355339059327329
 0.81719664208182241
 0.77778511650980098
 0.73569836841299874
 0.69134171618254492
 0.64514233862723136
 0.59754516100806365
 0.54900857016478
 0.49999999999999989
 0.45099142983521973
 0.40245483899193557
 0.3548576613727687
 0.3086582838174548
 0.26430163158700098
 0.22221488349019888
 0.18280335791817701
 0.14644660940672616
 0.11349477331863156
 0.08426519384872723
 0.059039367825822447
 0.038060233744356659
 0.021529832133895518
 0.0096073597983847726
 0.0024076366639015283
 1.4997597826618576e-32
 0.0024076366639015521
 0.0096073597983848194
 0.021529832133895584
 0.038060233744356756
 0.059039367825822572
 0.084265193848727396
 0.11349477331863171
 0.14644660940672632
 0.1828033579181772
 0.22221488349019908
 0.26430163158700121
 0.30865828381745508
 0.35485766137276897
 0.40245483899193585
 0.45099142983521989
 0.50000000000000011
 0.54900857016478011
 0.59754516100806432
 0.64514233862723125
 0.69134171618254525
 0.73569836841299896
 0.7777851165098012
 0.81719664208182297
 0.85355339059327373
 0.88650522668136855
 0.91573480615127278
 0.94096063217417747
 0.96193976625564337
 0.97847016786610452
 0.99039264020161533
 0.99759236333609846
 1
 0.99759236333609846
 0.9903926402016151
 0.97847016786610452
 0.96193976625564337
 0.94096063217417747
 0.91573480615127278
 0.88650522668136855
 0.85355339059327373
 0.81719664208182274
 0.77778511650980098
 0.73569836841299896
 0.69134171618254492
 0.64514233862723103
 0.59754516100806421
 0.54900857016478033
 0.49999999999999989
 0.45099142983521961
 0.40245483899193585
 0.35485766137276881
 0.30865828381745508
 0.2643016315870011
 0.22221488349019888
 0.18280335791817726
 0.14644660940672624
 0.11349477331863152
 0.084265193848727354
 0.059039367825822475
 0.038060233744356617
 0.021529832133895567
 0.009607359798384776
 0.0024076366639015569
 0
 0.0024076366639015569
 0.009607359798384776
 0.021529832133895567
 0.038060233744356617
 0.059039367825822475
 0.084265193848727354
 0.11349477331863152
 0.14644660940672624
 0.18280335791817726
 0.22221488349019888
 0.2643016315870011
 0.30865828381745508
 0.35485766137276881
 0.40245483899193585
 0.45099142983521961
 0.49999999999999989
 0.54900857016478033
 0.59754516100806421
 0.64514233862723103
 0.69134171618254492
 0.73569836841299896
 0.77778511650980098
 0.81719664208182274
 0.85355339059327373
 0.88650522668136855
 0.91573480615127278
 0.94096063217417747
 0.96193976625564337
 0.97847016786610452
 0.9903926402016151
 0.99759236333609846
 1
 0.99759236333609846
 0.99039264020161533
 0.97847016786610452
 0.96193976625564337
 0.94096063217417747
 0.91573480615127278
 0.88650522668136855
 0.85355339059327373
 0.81719664208182297
 0.7777851165098012
 0.73569836841299896
 0.69134171618254525
 0.64514233862723125
 0.59754516100806432
 0.54900857016478011
 0.50000000000000011
 0.45099142983521989
 0.40245483899193585
 0.35485766137276897
 0.30865828381745508
 0.26430163158700121
 0.22221488349019908
 0.1828033579181772
 0.14644660940672632
 0.11349477331863171
 0.084265193848727396
 0.059039367825822572
 0.038060233744356756
 0.021529832133895584
 0.0096073597983848194
 0.0024076366639015521
 1.4997597826618576e-32
 0.0024076366639015283
 0.0096073597983847726
 0.021529832133895518
 0.038060233744356659
 0.059039367825822447
 0.08426519384872723
 0.11349477331863156
 0.14644660940672616
 0.18280335791817701
 0.22221488349019888
 0.26430163158700098
 0.3086582838174548
 0.3548576613727687
 0.40245483899193557
 0.45099142983521973
 0.49999999999999989
 0.54900857016478
 0.59754516100806365
 0.64514233862723136
 0.69134171618254492
 0.73569836841299874
 0.77778511650980098
 0.81719664208182241
 0.85355339059327329
 0.88650522668136855
 0.91573480615127256
 0.94096063217417747
 0.96193976625564315
 0.9784701678661043
 0.99039264020161533
 0.99759236333609846
 1
 0.99759236333609846
 0.99039264020161533
 0.9784701678661043
 0.96193976625564337
 0.94096063217417747
 0.91573480615127278
 0.88650522668136877
 0.85355339059327351
 0.81719664208182274
 0.7777851165098012
 0.73569836841299907
 0.69134171618254525
 0.6451423386272318
 0.59754516100806399
 0.54900857016478033
 0.50000000000000022
 0.45099142983522006
 0.4024548389919364
