# Created by Octave 6.2.0, Sun May 16 19:23:51 2021 -03 <kuroneko@kuroneko-VirtualBox>
# name: uu
# type: matrix
# rows: 256
# columns: 2
 6.181785412010033e-12 0.0001505906524992161
 0.0024076366848579172 0.0037602327025524334
 0.0096073598339134723 0.012148934983930857
 0.02152983218365451 0.025235909707933993
 0.038060233807867869 0.042895122153900407
 0.05903936790247348 0.064956504452469699
 0.084265193937780272 0.091207593432127712
 0.11349477341922667 0.12139557675569525
 0.14644660951789634 0.15522972764133489
 0.18280335803885248 0.19238420472039122
 0.22221488361921737 0.23250119006788914
 0.26430163172311572 0.27519433518475828
 0.3086582839593599 0.32005248174507428
 0.35485766151909609 0.36664362127550504
 0.40245483914127711 0.41451905563306463
 0.45099142998613545 0.46321771821351532
 0.50000000015103463 0.51227061427481135
 0.54900857031448536 0.56120533761283886
 0.59754516115499368 0.60955062009141658
 0.64514233876997062 0.65684087021205084
 0.69134171631971941 0.70262065701460363
 0.73569836854328707 0.74644909612638599
 0.77778511663194949 0.78790409571969289
 0.81719664219465327 0.82658642148683048
 0.85355339069570058 0.86212354148475245
 0.88650522677240629 0.89417321382130988
 0.91573480623004411 0.92242678263177302
 0.94096063223992332 0.94661215060352288
 0.96193976630773015 0.966496399421925
 0.97847016790403196 0.98188803290102111
 0.99039264022501705 0.99263882119648672
 0.99759236334475043 0.99864522834005554
 0.99999999999381717 0.99984940934750111
 0.99759236331514123 0.99623976729744779
 0.9903926401660853 0.98785106501606956
 0.97847016781634366 0.97476409029206645
 0.96193976619213239 0.95710487784609866
 0.94096063209752734 0.93504349554753008
 0.91573480606222069 0.90879240656787252
 0.88650522658077269 0.87860442324430554
 0.85355339048210321 0.8447702723586652
 0.81719664196114705 0.80761579527960847
 0.7777851163807824 0.76749880993211061
 0.73569836827688051 0.72480566481524211
 0.69134171604063854 0.67994751825492528
 0.64514233848090241 0.63335637872449457
 0.59754516085872189 0.58548094436693576
 0.54900857001386438 0.53678228178648413
 0.49999999984896287 0.48772938572518881
 0.4509914296855152 0.43879466238716008
 0.40245483884500594 0.39044937990858458
 0.35485766123002827 0.34315912978794955
 0.30865828368027987 0.29737934298539664
 0.26430163145671204 0.2535509038736134
 0.22221488336805145 0.212095904280307
 0.18280335780534507 0.17341357851316988
 0.14644660930429704 0.13787645851524871
 0.11349477322759227 0.10582678617868983
 0.084265193769955476 0.077573217368226838
 0.05903936776007538 0.053387849396477428
 0.038060233692268214 0.033503600578075492
 0.021529832095967243 0.018111967098978887
 0.009607359774981972 0.0073611788035138339
 0.0024076366552493187 0.0013547716599443356
 6.1818193579709014e-12 0.00015059065249920474
 0.0024076366848579133 0.0037602327025524204
 0.0096073598339139563 0.01214893498393084
 0.02152983218365527 0.02523590970793365
 0.038060233807867008 0.042895122153900851
 0.059039367902472786 0.064956504452470115
 0.084265193937779329 0.091207593432127657
 0.11349477341922741 0.12139557675569465
 0.14644660951789723 0.15522972764133511
 0.18280335803885242 0.19238420472039108
 0.22221488361921626 0.23250119006788975
 0.26430163172311882 0.27519433518475772
 0.30865828395936118 0.32005248174507422
 0.3548576615190967 0.36664362127550537
 0.40245483914127739 0.41451905563306468
 0.45099142998613545 0.46321771821351559
 0.5000000001510374 0.51227061427481113
 0.54900857031448469 0.56120533761283953
 0.59754516115499257 0.60955062009141603
 0.6451423387699704 0.65684087021205106
 0.69134171631971997 0.70262065701460319
 0.73569836854328674 0.74644909612638677
 0.77778511663194916 0.78790409571969278
 0.81719664219465427 0.8265864214868307
 0.85355339069570169 0.86212354148475179
 0.88650522677240595 0.89417321382131076
 0.91573480623004389 0.92242678263177336
 0.94096063223992343 0.94661215060352299
 0.96193976630773081 0.96649639942192478
 0.97847016790403207 0.98188803290102145
 0.99039264022501772 0.9926388211964865
 0.99759236334474999 0.99864522834005598
 0.99999999999381717 0.99984940934750111
 0.99759236331514212 0.99623976729744734
 0.99039264016608508 0.98785106501606956
 0.97847016781634388 0.97476409029206623
 0.96193976619213217 0.95710487784609921
 0.9409606320975259 0.93504349554753052
 0.91573480606221969 0.90879240656787286
 0.88650522658077158 0.87860442324430565
 0.85355339048210221 0.8447702723586652
 0.81719664196114683 0.80761579527960869
 0.77778511638078252 0.76749880993211095
 0.73569836827688095 0.72480566481524211
 0.69134171604063832 0.67994751825492583
 0.64514233848090219 0.63335637872449491
 0.59754516085872111 0.58548094436693565
 0.54900857001386338 0.53678228178648424
 0.49999999984896165 0.48772938572518926
 0.45099142968551487 0.43879466238716064
 0.4024548388450056 0.39044937990858453
 0.35485766123002865 0.34315912978794944
 0.30865828368027981 0.29737934298539731
 0.26430163145671165 0.25355090387361368
 0.22221488336805001 0.21209590428030745
 0.1828033578053449 0.17341357851316994
 0.14644660930429751 0.13787645851524866
 0.11349477322759272 0.10582678617868964
 0.084265193769955199 0.077573217368227018
 0.059039367760075512 0.053387849396477352
 0.038060233692268138 0.033503600578075547
 0.021529832095967222 0.018111967098978853
 0.0096073597749817812 0.0073611788035137932
 0.0024076366552493052 0.0013547716599443373
 6.1818162502420899e-12 0.00015059065249920843
 0.0024076366848579025 0.003760232702552403
 0.0096073598339138228 0.012148934983930843
 0.021529832183655132 0.02523590970793374
 0.03806023380786757 0.042895122153900796
 0.05903936790247314 0.064956504452469907
 0.084265193937779426 0.091207593432127573
 0.11349477341922747 0.12139557675569458
 0.1464466095178972 0.15522972764133497
 0.18280335803885259 0.19238420472039133
 0.22221488361921674 0.23250119006788941
 0.26430163172311882 0.27519433518475783
 0.30865828395936096 0.32005248174507422
 0.35485766151909748 0.36664362127550493
 0.40245483914127766 0.41451905563306468
 0.45099142998613562 0.46321771821351598
 0.50000000015103718 0.51227061427481113
 0.54900857031448413 0.56120533761283964
 0.59754516115499401 0.60955062009141558
 0.64514233876997074 0.65684087021205073
 0.69134171631971963 0.70262065701460286
 0.73569836854328774 0.74644909612638632
 0.77778511663194994 0.78790409571969278
 0.81719664219465482 0.82658642148683015
 0.85355339069570157 0.8621235414847519
 0.88650522677240617 0.89417321382131054
 0.91573480623004411 0.92242678263177302
 0.94096063223992399 0.94661215060352277
 0.96193976630773081 0.96649639942192478
 0.97847016790403207 0.98188803290102145
 0.99039264022501772 0.9926388211964865
 0.99759236334474999 0.99864522834005598
 0.99999999999381717 0.99984940934750111
 0.99759236331514212 0.99623976729744734
 0.99039264016608508 0.98785106501606956
 0.97847016781634388 0.97476409029206623
 0.96193976619213173 0.95710487784609943
 0.9409606320975259 0.93504349554753008
 0.91573480606221935 0.90879240656787286
 0.88650522658077135 0.87860442324430588
 0.85355339048210144 0.84477027235866564
 0.81719664196114528 0.80761579527960925
 0.77778511638078218 0.76749880993211084
 0.73569836827688084 0.72480566481524245
 0.69134171604063765 0.67994751825492605
 0.6451423384809013 0.63335637872449524
 0.59754516085872122 0.58548094436693576
 0.54900857001386294 0.53678228178648457
 0.4999999998489621 0.48772938572518937
 0.45099142968551303 0.43879466238716114
 0.40245483884500505 0.39044937990858436
 0.35485766123002827 0.34315912978794944
 0.30865828368027931 0.29737934298539731
 0.26430163145671087 0.25355090387361373
 0.22221488336805009 0.21209590428030761
 0.18280335780534401 0.17341357851317007
 0.14644660930429762 0.13787645851524863
 0.11349477322759183 0.10582678617868978
 0.084265193769954588 0.077573217368227199
 0.059039367760075359 0.05338784939647738
 0.038060233692268186 0.033503600578075443
 0.021529832095967042 0.018111967098978842
