# Created by Octave 6.2.0, Tue Jun 01 00:44:17 2021 -03 <kuroneko@kuroneko-VirtualBox>
# name: uu
# type: matrix
# rows: 16
# columns: 2
 9.4325690209576697e-05 0.038069310798361171
 0.50012299584634146 0.69135207147468203
 0.99990567430978905 0.96193068920163927
 0.4998770041536556 0.30864792852531731
 9.4325690209905643e-05 0.038069310798360956
 0.50012299584634368 0.69135207147468303
 0.99990567430978916 0.96193068920163916
 0.49987700415365505 0.30864792852531808
 9.43256902096379e-05 0.038069310798361143
 0.50012299584634412 0.69135207147468214
 0.99990567430978861 0.9619306892016396
 0.49987700415365532 0.30864792852531786
 9.4325690210028036e-05 0.038069310798361004
 0.50012299584634667 0.69135207147468103
 0.99990567430978938 0.96193068920163893
 0.49987700415365494 0.30864792852531858


# name: x
# type: range
# base, limit, increment
-2 2 0.0625


# name: h
# type: scalar
0.25


# name: exata
# type: matrix
# rows: 65
# columns: 1
 5.9990391306474304e-32
 0.038060233744356797
 0.14644660940672671
 0.30865828381745508
 0.50000000000000022
 0.69134171618254525
 0.85355339059327351
 0.96193976625564337
 1
 0.96193976625564315
 0.85355339059327329
 0.69134171618254492
 0.49999999999999989
 0.3086582838174548
 0.14644660940672616
 0.038060233744356659
 1.4997597826618576e-32
 0.038060233744356756
 0.14644660940672632
 0.30865828381745508
 0.50000000000000011
 0.69134171618254525
 0.85355339059327373
 0.96193976625564337
 1
 0.96193976625564337
 0.85355339059327373
 0.69134171618254492
 0.49999999999999989
 0.30865828381745508
 0.14644660940672624
 0.038060233744356617
 0
 0.038060233744356617
 0.14644660940672624
 0.30865828381745508
 0.49999999999999989
 0.69134171618254492
 0.85355339059327373
 0.96193976625564337
 1
 0.96193976625564337
 0.85355339059327373
 0.69134171618254525
 0.50000000000000011
 0.30865828381745508
 0.14644660940672632
 0.038060233744356756
 1.4997597826618576e-32
 0.038060233744356659
 0.14644660940672616
 0.3086582838174548
 0.49999999999999989
 0.69134171618254492
 0.85355339059327329
 0.96193976625564315
 1
 0.96193976625564337
 0.85355339059327351
 0.69134171618254525
 0.50000000000000022
 0.30865828381745508
 0.14644660940672671
 0.038060233744356797
 5.9990391306474304e-32


# name: xl
# type: matrix
# rows: 65
# columns: 1
 -2
 -1.9375
 -1.875
 -1.8125
 -1.75
 -1.6875
 -1.625
 -1.5625
 -1.5
 -1.4375
 -1.375
 -1.3125
 -1.25
 -1.1875
 -1.125
 -1.0625
 -1
 -0.9375
 -0.875
 -0.8125
 -0.75
 -0.6875
 -0.625
 -0.5625
 -0.5
 -0.4375
 -0.375
 -0.3125
 -0.25
 -0.1875
 -0.125
 -0.0625
 0
 0.0625
 0.125
 0.1875
 0.25
 0.3125
 0.375
 0.4375
 0.5
 0.5625
 0.625
 0.6875
 0.75
 0.8125
 0.875
 0.9375
 1
 1.0625
 1.125
 1.1875
 1.25
 1.3125
 1.375
 1.4375
 1.5
 1.5625
 1.625
 1.6875
 1.75
 1.8125
 1.875
 1.9375
 2


