# Created by Octave 6.2.0, Tue Jul 06 15:08:07 2021 -03 <kuroneko@kuroneko-VirtualBox>
# name: xlSUPG
# type: matrix
# rows: 11
# columns: 1
 0
 0.20000000000000001
 0.40000000000000002
 0.60000000000000009
 0.80000000000000004
 1
 1.2
 1.3999999999999999
 1.5999999999999999
 1.7999999999999998
 1.9999999999999998


# name: hSUPG
# type: scalar
0.20000000000000001


# name: deltaT
# type: scalar
0.040000000000000008


# name: U
# type: matrix
# rows: 11
# columns: 32
 0 1.12332718893748e-11 7.4436160781634811e-12 4.3146969877460411e-12 2.2766325176964056e-12 1.1217674942553966e-12 5.2506845684702247e-13 2.3626525672562774e-13 1.0307538391995259e-13 4.3873125859559464e-14 1.8305004978569142e-14 7.513251299296763e-15 3.042177761510972e-15 1.2178546378285334e-15 4.8286285214060582e-16 1.8988310841439806e-16 7.4145799918071839e-17 2.8776592978041216e-17 1.1109375092914497e-17 4.2690000732567307e-18 1.6337764460465181e-18 6.230113180658747e-19 2.3681697682685172e-19 8.9762546587076876e-20 3.3937047981538072e-20 1.2801572265929117e-20 4.8190574206185142e-21 1.8107448339913663e-21 6.7924285715700817e-22 2.5440924487758496e-22 9.5156896002755636e-23 3.5546769254327428e-23
 0 -0.0094947880785277872 -0.015053610686290929 -0.017677363631114839 -0.018259800599616256 -0.017495537662846561 -0.015911117624228512 -0.013894313991906191 -0.011720789238093386 -0.0095776303575853955 -0.0075835910507316253 -0.0058060896980826745 -0.0042751609922236635 -0.0029946509865676051 -0.0019509933015324481 -0.0011199194989885489 -0.0004714486411809354 2.6522469783912297e-05 0.00040573970703015834 0.00069597102697213002 0.00092402921273912876 0.0011132501308438025 0.0012832480944407901 0.0014497526918080175 0.0016242972575414765 0.0018135239783247498 0.0020179704192342684 0.0022304603702065487 0.0024345930210078839 0.0026041365656819964 0.0027041631390800134 0.0026943889347295804
 0 0.30264198028452738 0.24538425037990771 0.19606167053163462 0.15430284752848566 0.1195230655788258 0.09101402025723257 0.068012520990993836 0.049751130434490823 0.035493723983512145 0.024558808023399072 0.016333187953989092 0.010278271271968297 0.0059309610092494486 0.0029007654072222425 0.00086443794791215601 -0.0004408213570670492 -0.0012248211784459291 -0.0016519199816507862 -0.0018482566515538681 -0.0019084102396373036 -0.0019013215112105579 -0.0018753491840733491 -0.0018623163478419093 -0.0018803563619533823 -0.0019353826693141452 -0.0020212124382300873 -0.0021188338218712183 -0.0021958922722395548 -0.0022078452375833774 -0.0021020286833616738 -0.0018249749498816476
 0 0.37438781187740611 0.36771820336900712 0.35131178403712265 0.32814280900478898 0.30070438275720124 0.27102281030743414 0.24069132024871237 0.21091568292934193 0.18256586103821681 0.15622926883247856 0.13226245560748676 0.11083906281023523 0.091992739515476318 0.075654353534325758 0.061683326011835474 0.049893269162847004 0.040072343300454748 0.031998892776040545 0.025452990006012505 0.020224524918733892 0.016118424303916499 0.012957459190576611 0.010582894862478133 0.008853017335046235 0.0076395041199552082 0.0068219280988987014 0.0062814800722449209 0.0058959825480974278 0.0055387884103817913 0.005083559551726605 0.0044150803931996335
 0 0.058373898147527956 0.10897037363877861 0.1507526140254932 0.18333448654802131 0.20691510101322869 0.22211086107290667 0.22981174503011112 0.23106279105832714 0.22697006110223983 0.21862920968504429 0.20707408519692566 0.19324244483448982 0.17795578282684466 0.16191037932163355 0.14567691118122844 0.12970627504586713 0.11433961784423524 0.099820921477364308 0.086310828558549144 0.073900721757909071 0.062626400502682963 0.052481077283166401 0.043427860616646136 0.035412295213420382 0.028375575786403224 0.022268334297557583 0.017063327753608828 0.012763555642254286 0.0094015893974965688 0.0070273461198468896 0.0056852043027768437
 0 0.005836832965886273 0.01929506677966061 0.038056933898913584 0.059948105586606341 0.083047628052086819 0.10575065755924253 0.12679375410651694 0.14525190873191601 0.16051550827254418 0.17225426148153586 0.18037385747129622 0.18496989977552156 0.18628252337092019 0.1846540982637315 0.18049157183155681 0.17423430781992263 0.1663277365585582 0.157202724436109 0.14726027836042843 0.13686098357638601 0.12631835934181579 0.11589500705093218 0.10579997904042063 0.09618542616737312 0.087140887613257029 0.078685284733861147 0.070759826867661454 0.063228295481169927 0.05589210553854921 0.048524203011877244 0.040918633197126117
 0 0.00058292296198279609 0.0027674809053000959 0.0073093445072435819 0.014509440141070265 0.024301382043540442 0.036344131111635133 0.05011143831794973 0.064972397923125064 0.080259748390913932 0.095324401468334416 0.1095760726431942 0.1225108729980095 0.13372736053565953 0.1429329010119102 0.14994231651327891 0.15467076254543249 0.15712262280192668 0.15737799022379115 0.15557805841795677 0.15191054382166452 0.14659621265722339 0.13987785582954496 0.13201366880911061 0.1232774912593243 0.11396758022091513 0.10442225074761775 0.095034933284481454 0.086255735410704484 0.078566064596344659 0.07242048506648667 0.06816420379338807
 0 5.8225012112326603e-05 0.00036042170774141364 0.0012019553893393004 0.0029127168599467237 0.005789035781751585 0.010048703134814447 0.015806574761112406 0.023067218652104069 0.031730653487858688 0.04160725272114265 0.052438219975460082 0.063918560472214933 0.075720084516125094 0.087512609687984202 0.098982125729170464 0.10984521550350058 0.11985946683254374 0.12882995217731813 0.13661207814426005 0.14311115027143431 0.14827869175175659 0.15210465343576723 0.15460317422531339 0.15578845085863477 0.15563876805670759 0.1540530548867565 0.15081481102584013 0.14558720581638554 0.13796194783894966 0.12756801559092457 0.11421895798823339
 0 5.798917098630575e-06 4.4206970725903804e-05 0.00017825544770350032 0.00051154951554992689 0.0011804768401340719 0.0023385671211155548 0.004137561122817184 0.0067087485439146647 0.010147098121150895 0.014499731430472654 0.019759448548921966 0.025863333791379717 0.032695964438745097 0.040096408812250323 0.04786801466560292 0.055789930276621491 0.063629342171355296 0.071153534260091522 0.078141084195254215 0.084391927287681939 0.089736952142226864 0.094049686559169024 0.097265387253628197 0.099414563434685854 0.10067448985851124 0.10142979886582455 0.10231388973729352 0.1041881804128155 0.10802221207797671 0.11467207384979357 0.12460633546271406
 0 6.1041232617163952e-07 5.5843171528090609e-06 2.6751533081878548e-05 9.0108081601760083e-05 0.00024108361601758702 0.00054746966684083968 0.0010992936224119159 0.0020056014664292855 0.0033885923863641635 0.0053758435179790303 0.0080914986342248679 0.011647302282855645 0.016134274385712615 0.021615671896688258 0.02812170243752949 0.035646263551169628 0.044145797047328392 0.053540170786380181 0.063715268322200314 0.07452642740612965 0.085800402254680469 0.097330328826083376 0.10885356769036991 0.12000005719017745 0.1302067065807907 0.13861777559983707 0.14402655939565698 0.14493695446091803 0.13980513450228324 0.12745087558341137 0.10753150037546602
 0 1.4535033522001284e-80 3.9622403281429166e-67 1.0758042141813852e-56 2.2010432769344063e-48 1.2500788026109838e-41 4.7426265711290953e-36 2.218613982414948e-31 1.9888057853983341e-27 4.7291625223286955e-24 3.8116786852254326e-21 1.2570546516311827e-18 1.9648829840834523e-16 1.635434178352792e-14 7.9582936058320875e-13 2.4424921606231163e-11 5.031357148891784e-10 7.3238429662420093e-09 7.8644357811319706e-08 6.4592800190722582e-07 4.1841418479136506e-06 2.1943014463880156e-05 9.5280939201895681e-05 0.00034926373167220936 0.0010991141423155552 0.0030133015037492107 0.0072900601384936065 0.01574037635784566 0.030635707246983449 0.054226398992859685 0.087979354788221734 0.13176128659718059


# name: x
# type: range
# base, limit, increment
0 2 0.20000000000000001


# name: t
# type: range
# base, limit, increment
0 1.2400000000000002 0.040000000000000008


