# Created by Octave 6.2.0, Mon Aug 30 19:47:01 2021 -03 <kuroneko@kuroneko-VirtualBox>
# name: alfa
# type: scalar
1


# name: beta
# type: scalar
0


# name: h
# type: scalar
0.0625


# name: xl
# type: matrix
# rows: 17
# columns: 1
 0
 0.0625
 0.125
 0.1875
 0.25
 0.3125
 0.375
 0.4375
 0.5
 0.5625
 0.625
 0.6875
 0.75
 0.8125
 0.875
 0.9375
 1


# name: u
# type: matrix
# rows: 17
# columns: 1
 1.1537187910665601
 1.1152893319993817
 1.0391688056534847
 0.92754407026909613
 0.78396639092879739
 0.61321496643198259
 0.4211132673651965
 0.21430524339333828
 4.5328324427273969e-15
 -0.21430524339333004
 -0.42111326736518917
 -0.61321496643197571
 -0.78396639092879028
 -0.92754407026908881
 -1.0391688056534774
 -1.1152893319993735
 -1.1537187910665514


# name: x
# type: range
# base, limit, increment
0 1 0.0625


# name: exata
# type: matrix
# rows: 17
# columns: 1
 1
 0.98078528040323043
 0.92387953251128674
 0.83146961230254524
 0.70710678118654757
 0.55557023301960229
 0.38268343236508984
 0.19509032201612833
 6.123233995736766e-17
 -0.19509032201612819
 -0.38268343236508973
 -0.55557023301960196
 -0.70710678118654746
 -0.83146961230254535
 -0.92387953251128674
 -0.98078528040323043
 -1


