# Created by Octave 6.2.0, Mon Aug 30 22:07:28 2021 -03 <kuroneko@kuroneko-VirtualBox>
# name: alfa
# type: scalar
1


# name: beta
# type: scalar
0


# name: h
# type: scalar
0.0625


# name: xl
# type: matrix
# rows: 17
# columns: 1
 0
 0.0625
 0.125
 0.1875
 0.25
 0.3125
 0.375
 0.4375
 0.5
 0.5625
 0.625
 0.6875
 0.75
 0.8125
 0.875
 0.9375
 1


# name: u
# type: matrix
# rows: 17
# columns: 1
 17.000001034292552
 14.980786294822126
 12.923880488072983
 10.831470472285361
 8.7071075125418158
 6.5555708076417485
 4.3826838281717189
 2.1950905237966243
 5.6343818499726694e-14
 -2.1950905237965195
 -4.3826838281716265
 -6.5555708076416623
 -8.7071075125417234
 -10.831470472285265
 -12.923880488072889
 -14.980786294822021
 -17.000001034292435


# name: x
# type: range
# base, limit, increment
0 1 0.0625


# name: exata
# type: matrix
# rows: 17
# columns: 1
 1
 0.98078528040323043
 0.92387953251128674
 0.83146961230254524
 0.70710678118654757
 0.55557023301960229
 0.38268343236508984
 0.19509032201612833
 6.123233995736766e-17
 -0.19509032201612819
 -0.38268343236508973
 -0.55557023301960196
 -0.70710678118654746
 -0.83146961230254535
 -0.92387953251128674
 -0.98078528040323043
 -1


