# Created by Octave 6.2.0, Mon Aug 30 22:07:28 2021 -03 <kuroneko@kuroneko-VirtualBox>
# name: alfa
# type: scalar
1


# name: beta
# type: scalar
0


# name: h
# type: scalar
0.015625


# name: xl
# type: matrix
# rows: 65
# columns: 1
 0
 0.015625
 0.03125
 0.046875
 0.0625
 0.078125
 0.09375
 0.109375
 0.125
 0.140625
 0.15625
 0.171875
 0.1875
 0.203125
 0.21875
 0.234375
 0.25
 0.265625
 0.28125
 0.296875
 0.3125
 0.328125
 0.34375
 0.359375
 0.375
 0.390625
 0.40625
 0.421875
 0.4375
 0.453125
 0.46875
 0.484375
 0.5
 0.515625
 0.53125
 0.546875
 0.5625
 0.578125
 0.59375
 0.609375
 0.625
 0.640625
 0.65625
 0.671875
 0.6875
 0.703125
 0.71875
 0.734375
 0.75
 0.765625
 0.78125
 0.796875
 0.8125
 0.828125
 0.84375
 0.859375
 0.875
 0.890625
 0.90625
 0.921875
 0.9375
 0.953125
 0.96875
 0.984375
 1


# name: u
# type: matrix
# rows: 65
# columns: 1
 72.451592090741897
 70.450387546942153
 68.446776817394522
 66.440768600662921
 64.432377371067489
 62.421623343815256
 60.408532426300148
 58.393136155688772
 56.375471622945824
 54.355581383477599
 52.333513354613309
 50.309320700167603
 48.283061702363781
 46.254799621427786
 44.224602543188098
 42.192543215051074
 40.158698870746264
 38.123151044263494
 36.085985373430461
 34.047291393603274
 32.007162321968707
 29.965694832975203
 27.922988825435876
 25.879147181863576
 23.834275520617705
 21.788481941460386
 19.741876765135018
 17.694572267593337
 15.646682409513303
 13.598322561757797
 11.549609227435749
 9.500659761236335
 7.4515920867112158
 5.4025244121860396
 3.3535749459865656
 1.3048616116643927
 -0.74349823609123433
 -2.7913880941714702
 -4.8386925917134196
 -6.8852977680391749
 -8.9310913471967694
 -10.9759630084429
 -13.019804652015416
 -15.062510659554873
 -17.103978148548443
 -19.144107220183031
 -21.182801200010353
 -23.219966870843574
 -25.255514697326394
 -27.28935904163129
 -29.321418369768406
 -31.351615448008062
 -33.379877528943787
 -35.40613652674746
 -37.430329181192938
 -39.452397210056965
 -41.472287449524828
 -43.489951982267783
 -45.505348252879024
 -47.518439170394082
 -49.529193197646066
 -51.537584427241335
 -53.543592643973
 -55.547203373520517
 -57.548407917320105


# name: x
# type: range
# base, limit, increment
0 1 0.015625


# name: exata
# type: matrix
# rows: 65
# columns: 1
 1
 0.99879545620517241
 0.99518472667219693
 0.98917650996478101
 0.98078528040323043
 0.97003125319454397
 0.95694033573220882
 0.94154406518302081
 0.92387953251128674
 0.90398929312344334
 0.88192126434835505
 0.85772861000027212
 0.83146961230254524
 0.80320753148064494
 0.77301045336273699
 0.74095112535495911
 0.70710678118654757
 0.67155895484701833
 0.63439328416364549
 0.59569930449243347
 0.55557023301960229
 0.51410274419322166
 0.47139673682599781
 0.4275550934302822
 0.38268343236508984
 0.33688985339222005
 0.29028467725446233
 0.24298017990326398
 0.19509032201612833
 0.14673047445536175
 0.09801714032956077
 0.049067674327418126
 6.123233995736766e-17
 -0.049067674327418008
 -0.098017140329560645
 -0.14673047445536164
 -0.19509032201612819
 -0.24298017990326387
 -0.29028467725446216
 -0.33688985339221994
 -0.38268343236508973
 -0.42755509343028186
 -0.4713967368259977
 -0.51410274419322166
 -0.55557023301960196
 -0.59569930449243336
 -0.63439328416364538
 -0.67155895484701844
 -0.70710678118654746
 -0.74095112535495888
 -0.77301045336273699
 -0.80320753148064483
 -0.83146961230254535
 -0.85772861000027201
 -0.88192126434835494
 -0.90398929312344334
 -0.92387953251128674
 -0.9415440651830207
 -0.95694033573220882
 -0.97003125319454397
 -0.98078528040323043
 -0.98917650996478101
 -0.99518472667219682
 -0.99879545620517241
 -1


