# Created by Octave 6.2.0, Mon Aug 30 22:07:28 2021 -03 <kuroneko@kuroneko-VirtualBox>
# name: alfa
# type: scalar
1


# name: beta
# type: scalar
0


# name: h
# type: scalar
0.00390625


# name: xl
# type: matrix
# rows: 257
# columns: 1
 0
 0.00390625
 0.0078125
 0.01171875
 0.015625
 0.01953125
 0.0234375
 0.02734375
 0.03125
 0.03515625
 0.0390625
 0.04296875
 0.046875
 0.05078125
 0.0546875
 0.05859375
 0.0625
 0.06640625
 0.0703125
 0.07421875
 0.078125
 0.08203125
 0.0859375
 0.08984375
 0.09375
 0.09765625
 0.1015625
 0.10546875
 0.109375
 0.11328125
 0.1171875
 0.12109375
 0.125
 0.12890625
 0.1328125
 0.13671875
 0.140625
 0.14453125
 0.1484375
 0.15234375
 0.15625
 0.16015625
 0.1640625
 0.16796875
 0.171875
 0.17578125
 0.1796875
 0.18359375
 0.1875
 0.19140625
 0.1953125
 0.19921875
 0.203125
 0.20703125
 0.2109375
 0.21484375
 0.21875
 0.22265625
 0.2265625
 0.23046875
 0.234375
 0.23828125
 0.2421875
 0.24609375
 0.25
 0.25390625
 0.2578125
 0.26171875
 0.265625
 0.26953125
 0.2734375
 0.27734375
 0.28125
 0.28515625
 0.2890625
 0.29296875
 0.296875
 0.30078125
 0.3046875
 0.30859375
 0.3125
 0.31640625
 0.3203125
 0.32421875
 0.328125
 0.33203125
 0.3359375
 0.33984375
 0.34375
 0.34765625
 0.3515625
 0.35546875
 0.359375
 0.36328125
 0.3671875
 0.37109375
 0.375
 0.37890625
 0.3828125
 0.38671875
 0.390625
 0.39453125
 0.3984375
 0.40234375
 0.40625
 0.41015625
 0.4140625
 0.41796875
 0.421875
 0.42578125
 0.4296875
 0.43359375
 0.4375
 0.44140625
 0.4453125
 0.44921875
 0.453125
 0.45703125
 0.4609375
 0.46484375
 0.46875
 0.47265625
 0.4765625
 0.48046875
 0.484375
 0.48828125
 0.4921875
 0.49609375
 0.5
 0.50390625
 0.5078125
 0.51171875
 0.515625
 0.51953125
 0.5234375
 0.52734375
 0.53125
 0.53515625
 0.5390625
 0.54296875
 0.546875
 0.55078125
 0.5546875
 0.55859375
 0.5625
 0.56640625
 0.5703125
 0.57421875
 0.578125
 0.58203125
 0.5859375
 0.58984375
 0.59375
 0.59765625
 0.6015625
 0.60546875
 0.609375
 0.61328125
 0.6171875
 0.62109375
 0.625
 0.62890625
 0.6328125
 0.63671875
 0.640625
 0.64453125
 0.6484375
 0.65234375
 0.65625
 0.66015625
 0.6640625
 0.66796875
 0.671875
 0.67578125
 0.6796875
 0.68359375
 0.6875
 0.69140625
 0.6953125
 0.69921875
 0.703125
 0.70703125
 0.7109375
 0.71484375
 0.71875
 0.72265625
 0.7265625
 0.73046875
 0.734375
 0.73828125
 0.7421875
 0.74609375
 0.75
 0.75390625
 0.7578125
 0.76171875
 0.765625
 0.76953125
 0.7734375
 0.77734375
 0.78125
 0.78515625
 0.7890625
 0.79296875
 0.796875
 0.80078125
 0.8046875
 0.80859375
 0.8125
 0.81640625
 0.8203125
 0.82421875
 0.828125
 0.83203125
 0.8359375
 0.83984375
 0.84375
 0.84765625
 0.8515625
 0.85546875
 0.859375
 0.86328125
 0.8671875
 0.87109375
 0.875
 0.87890625
 0.8828125
 0.88671875
 0.890625
 0.89453125
 0.8984375
 0.90234375
 0.90625
 0.91015625
 0.9140625
 0.91796875
 0.921875
 0.92578125
 0.9296875
 0.93359375
 0.9375
 0.94140625
 0.9453125
 0.94921875
 0.953125
 0.95703125
 0.9609375
 0.96484375
 0.96875
 0.97265625
 0.9765625
 0.98046875
 0.984375
 0.98828125
 0.9921875
 0.99609375
 1


# name: u
# type: matrix
# rows: 257
# columns: 1
 273.84651369431424
 271.84643839615313
 269.84621251300985
 267.84583607890102
 265.84530915051744
 263.84463180721139
 261.84380415098991
 259.8428263064942
 257.84169842098459
 255.84042066431536
 253.83899322891273
 251.83741632974267
 249.83569020428004
 247.83381511247418
 245.83179133670626
 243.82961918174914
 241.82729897472205
 239.82483106503929
 237.82221582435892
 235.81945364652637
 233.81654494751601
 231.81349016536689
 229.81028976011797
 227.80694421374
 225.80345403005833
 223.79981973468151
 221.79604187492123
 219.79212101970984
 217.78805775951309
 215.78385270624472
 213.77950649316818
 211.77501977480819
 209.77039322684863
 207.76562754602924
 205.76072345004422
 203.7556816774341
 201.75050298747027
 199.7451881600432
 197.73973799554773
 195.73415331475795
 193.72843495870706
 191.72258378855824
 189.71660068547553
 187.7104865504933
 185.70424230437783
 183.69786888748695
 181.69136725963617
 179.68473839994596
 177.67798330669913
 175.67110299718536
 173.66409850755534
 171.65697089265947
 169.64972122589029
 167.64235059902117
 165.63486012204098
 163.62725092298837
 161.61952414778091
 159.61168096004243
 157.60372254092871
 155.59565008894737
 153.58746481978045
 151.57916796609933
 149.57076077738054
 147.56224451971573
 145.55362047562198
 143.54488994384766
 141.53605423917935
 139.52711469224167
 137.51807264929752
 135.50892947204494
 133.49968653741291
 131.49034523735355
 129.48090697863171
 127.47137318261477
 125.46174528505787
 123.45202473588671
 121.44221299898007
 119.4323115519486
 117.4223218859143
 115.41224550528352
 113.40208392752339
 111.39183868292969
 109.38151131439838
 107.37110337719366
 105.36061643871201
 103.35005207824817
 101.33941188675649
 99.328697466610464
 97.31791043136144
 95.307052405496904
 93.296125024196783
 91.285129933084448
 89.274068787979445
 87.262943254649514
 85.251755008559485
 83.240505734618594
 81.229197126926579
 79.217830888516986
 77.206408731104261
 75.19493237482304
 73.18340354796986
 71.171823986743348
 69.160195434983365
 67.148519643907207
 65.13679837184587
 63.125033383979897
 61.113226452072993
 59.101379354205292
 57.089493874506758
 55.077571802886354
 53.065614934764966
 51.053625070802504
 49.041604016627829
 47.029553582568269
 45.017475583375109
 43.005371837950406
 40.993244169073478
 38.981094403126704
 36.968924369821011
 34.956735901917966
 32.944530834956055
 30.932311006974139
 28.920078258232621
 26.907834430938578
 24.895581368967328
 22.883320917585024
 20.871054923169794
 18.858785232935759
 16.846513694653339
 14.834242156371346
 12.821972466137552
 10.809706471721867
 8.7974460203386258
 6.7851929583664372
 4.7729491310712717
 2.7607163823290222
 0.74849655434628204
 -1.2637085126153025
 -3.2758969805182723
 -5.288067013823043
 -7.300216779767613
 -9.3123444486422073
 -11.324448194065198
 -13.336526193256509
 -15.348576627313937
 -17.360597681486709
 -19.372587545448177
 -21.384544413569209
 -23.39646648518897
 -25.408351964888098
 -27.420199062756293
 -29.432005994664443
 -31.443770982532037
 -33.455492254595015
 -35.467168045673084
 -37.478796597434616
 -39.490376158662883
 -41.50190498551882
 -43.513381341803331
 -45.524803499219011
 -47.536169737631432
 -49.547478345326816
 -51.558727619270002
 -53.569915865362312
 -55.581041398694538
 -57.592102543802355
 -59.603097634918306
 -61.614025016221717
 -63.624883042088527
 -65.635670077340933
 -67.646384497491113
 -69.657024688986922
 -71.667589049454477
 -73.678075987940019
 -75.688483925149228
 -77.698811293684216
 -79.709056538281786
 -81.719218116045937
 -83.729294496680311
 -85.73928416271886
 -87.749185609754633
 -89.758997346666519
 -91.768717895842997
 -93.778345793405506
 -95.787879589427419
 -97.797317848154208
 -99.806659148218756
 -101.81590208285587
 -103.82504526011341
 -105.83408730306243
 -107.84302685000488
 -109.85186255467814
 -111.86059308645726
 -113.86921713055557
 -115.87773338822443
 -117.88614057694691
 -119.89443743063094
 -121.90262269980077
 -123.91069515178471
 -125.91865357090222
 -127.92649675864358
 -129.93422353385404
 -131.94183273291023
 -133.94932320989435
 -135.95669383676736
 -137.96394350354058
 -139.97107111844116
 -141.97807560807613
 -143.9849559175953
 -145.99171101084957
 -147.99833987054612
 -150.00484149840332
 -152.01121491530009
 -154.01745916142318
 -156.02357329641205
 -158.02955639950065
 -160.03540756965546
 -162.04112592571147
 -164.0467106065058
 -166.05216077100619
 -168.05747559843698
 -170.06265428840541
 -172.0676960610198
 -174.07260015700734
 -176.07736583783054
 -178.08199238579391
 -180.08647910415681
 -182.0908253172359
 -184.09503037050752
 -186.09909363070651
 -188.10301448592014
 -190.10679234568281
 -192.11042664106191
 -194.11391682474644
 -196.11726237112711
 -198.12046277637714
 -200.12351755852757
 -202.12642625753975
 -204.12918843537398
 -206.13180367605631
