# Created by Octave 6.2.0, Mon Aug 30 19:47:02 2021 -03 <kuroneko@kuroneko-VirtualBox>
# name: alfa
# type: scalar
1


# name: beta
# type: scalar
0


# name: h
# type: scalar
0.00390625


# name: xl
# type: matrix
# rows: 257
# columns: 1
 0
 0.00390625
 0.0078125
 0.01171875
 0.015625
 0.01953125
 0.0234375
 0.02734375
 0.03125
 0.03515625
 0.0390625
 0.04296875
 0.046875
 0.05078125
 0.0546875
 0.05859375
 0.0625
 0.06640625
 0.0703125
 0.07421875
 0.078125
 0.08203125
 0.0859375
 0.08984375
 0.09375
 0.09765625
 0.1015625
 0.10546875
 0.109375
 0.11328125
 0.1171875
 0.12109375
 0.125
 0.12890625
 0.1328125
 0.13671875
 0.140625
 0.14453125
 0.1484375
 0.15234375
 0.15625
 0.16015625
 0.1640625
 0.16796875
 0.171875
 0.17578125
 0.1796875
 0.18359375
 0.1875
 0.19140625
 0.1953125
 0.19921875
 0.203125
 0.20703125
 0.2109375
 0.21484375
 0.21875
 0.22265625
 0.2265625
 0.23046875
 0.234375
 0.23828125
 0.2421875
 0.24609375
 0.25
 0.25390625
 0.2578125
 0.26171875
 0.265625
 0.26953125
 0.2734375
 0.27734375
 0.28125
 0.28515625
 0.2890625
 0.29296875
 0.296875
 0.30078125
 0.3046875
 0.30859375
 0.3125
 0.31640625
 0.3203125
 0.32421875
 0.328125
 0.33203125
 0.3359375
 0.33984375
 0.34375
 0.34765625
 0.3515625
 0.35546875
 0.359375
 0.36328125
 0.3671875
 0.37109375
 0.375
 0.37890625
 0.3828125
 0.38671875
 0.390625
 0.39453125
 0.3984375
 0.40234375
 0.40625
 0.41015625
 0.4140625
 0.41796875
 0.421875
 0.42578125
 0.4296875
 0.43359375
 0.4375
 0.44140625
 0.4453125
 0.44921875
 0.453125
 0.45703125
 0.4609375
 0.46484375
 0.46875
 0.47265625
 0.4765625
 0.48046875
 0.484375
 0.48828125
 0.4921875
 0.49609375
 0.5
 0.50390625
 0.5078125
 0.51171875
 0.515625
 0.51953125
 0.5234375
 0.52734375
 0.53125
 0.53515625
 0.5390625
 0.54296875
 0.546875
 0.55078125
 0.5546875
 0.55859375
 0.5625
 0.56640625
 0.5703125
 0.57421875
 0.578125
 0.58203125
 0.5859375
 0.58984375
 0.59375
 0.59765625
 0.6015625
 0.60546875
 0.609375
 0.61328125
 0.6171875
 0.62109375
 0.625
 0.62890625
 0.6328125
 0.63671875
 0.640625
 0.64453125
 0.6484375
 0.65234375
 0.65625
 0.66015625
 0.6640625
 0.66796875
 0.671875
 0.67578125
 0.6796875
 0.68359375
 0.6875
 0.69140625
 0.6953125
 0.69921875
 0.703125
 0.70703125
 0.7109375
 0.71484375
 0.71875
 0.72265625
 0.7265625
 0.73046875
 0.734375
 0.73828125
 0.7421875
 0.74609375
 0.75
 0.75390625
 0.7578125
 0.76171875
 0.765625
 0.76953125
 0.7734375
 0.77734375
 0.78125
 0.78515625
 0.7890625
 0.79296875
 0.796875
 0.80078125
 0.8046875
 0.80859375
 0.8125
 0.81640625
 0.8203125
 0.82421875
 0.828125
 0.83203125
 0.8359375
 0.83984375
 0.84375
 0.84765625
 0.8515625
 0.85546875
 0.859375
 0.86328125
 0.8671875
 0.87109375
 0.875
 0.87890625
 0.8828125
 0.88671875
 0.890625
 0.89453125
 0.8984375
 0.90234375
 0.90625
 0.91015625
 0.9140625
 0.91796875
 0.921875
 0.92578125
 0.9296875
 0.93359375
 0.9375
 0.94140625
 0.9453125
 0.94921875
 0.953125
 0.95703125
 0.9609375
 0.96484375
 0.96875
 0.97265625
 0.9765625
 0.98046875
 0.984375
 0.98828125
 0.9921875
 0.99609375
 1


# name: u
# type: matrix
# rows: 257
# columns: 1
 1.0817637276742536
 1.0816131313525406
 1.0813119500487383
 1.0808602177800199
 1.0802579912359731
 1.0795053497700819
 1.0786023953877513
 1.077549252730968
 1.0763460690595175
 1.0749930142288018
 1.0734902806642785
 1.0718380833324699
 1.0700366597085866
 1.0680862697407814
 1.0659871958109772
 1.063739742692362
 1.0613442375034838
 1.0588010296589887
 1.056110490816992
 1.0532730148231237
 1.0502890176512043
 1.0471589373406078
 1.0438832339302886
 1.0404623893895093
 1.0368969075452448
 1.0331873140063181
 1.0293341560842473
 1.0253380027108152
 1.0211994443523964
 1.0169190929210346
 1.012497581682279
 1.0079355651598338
 1.0032337190369827
 0.99839274005483025
 0.99341334590737729
 0.98829627513344309
 0.98304228700543828
 0.97765216141501998
 0.97212669875565116
 0.96646671980205912
 0.96067306558662802
 0.95474659727274913
 0.94868819602512133
 0.94249876287706369
 0.93617921859481867
 0.92973050353887399
 0.92315357752237892
 0.91644941966656956
 0.90961902825333607
 0.90266342057486637
 0.89558363278047215
 0.88838071972052635
 0.88105575478761511
 0.87360982975489054
 0.86604405461164613
 0.85835955739616476
 0.85055748402583498
 0.84263899812458498
 0.8346052808476333
 0.82645753070362971
 0.81819696337414838
 0.8098248115306188
 0.80134232464869137
 0.79275076882006423
 0.78405142656181126
 0.77524559662325609
 0.76633459379036895
 0.75731974868777296
 0.74820240757835532
 0.73898393216052405
 0.72966569936314585
 0.72024910113817509
 0.71073554425104124
 0.70112645006879415
 0.69142325434604657
 0.68162740700875601
 0.6717403719358761
 0.661763626738888
 0.65169866253929509
 0.64154698374406416
 0.63131010781905239
 0.62098956506049707
 0.61058689836454239
 0.60010366299490958
 0.58954142634865636
 0.57890176772014545
 0.56818627806320365
 0.55739655975153923
 0.54653422633740645
 0.53560090230863222
 0.52459822284398694
 0.51352783356689646
 0.50239139029763447
 0.49119055880396978
 0.4799270145503024
 0.46860244244534038
 0.45721853658836148
 0.4457770000140921
 0.43427954443622357
 0.42272788998965433
 0.4111237649714205
 0.39946890558043724
 0.38776505565604136
 0.37601396641535306
 0.36421739618956284
 0.35237711015912521
 0.34049488008794265
 0.32857248405652889
 0.31661170619424528
 0.30461433641061952
 0.29258217012578414
 0.28051700800009649
 0.26842065566296647
 0.25629492344093913
 0.24414162608505965
 0.23196258249757973
 0.21975961545803857
 0.20753455134876347
 0.19528921987981404
 0.18302545381344193
 0.1707450886880798
 0.15844996254192478
 0.14614191563611778
 0.13382279017762566
 0.12149443004180127
 0.109158680494708
 0.096817387915225983
 0.084472399517000141
 0.072125563070245757
 0.059778726623491374
 0.047433738225265309
 0.035092445645781317
 0.022756696098684082
 0.010428335962856639
 -0.0018907894956422533
 -0.014198836401452974
 -0.026493962547610994
 -0.038774327672972675
 -0.051038093739340165
 -0.063283425208285574
 -0.075508489317550775
 -0.087711456357081108
 -0.099890499944551459
 -0.11204379730042301
 -0.12416952952243938
 -0.13626588185955918
 -0.1483310439852395
 -0.16036321027007261
 -0.17236058005369587
 -0.18432135791597914
 -0.19624375394739721
 -0.20812598401858584
 -0.21996627004902752
 -0.23176284027482669
 -0.24351392951552109
 -0.25521777943992396
 -0.26687263883091317
 -0.27847676384915759
 -0.29002841829574416
 -0.30152587387362478
 -0.31296741044790777
 -0.32435131630489633
 -0.33567588840986762
 -0.34693943266354738
 -0.35814026415722222
 -0.36927670742649599
 -0.38034709670360345
 -0.39134977616826394
 -0.40228310019704594
 -0.41314543361119327
 -0.42393515192287734
 -0.4346506415798348
 -0.44529030020836247
 -0.45585253685463223
 -0.4663357722242828
 -0.47673843892025164
 -0.48705898167882489
 -0.4972958576038532
 -0.5074475363991009
 -0.51751250059870735
 -0.52748924579571399
 -0.53737628086861799
 -0.54717212820593031
 -0.55687532392870176
 -0.56648441811097117
 -0.57599797499812422
 -0.58541457322311685
 -0.59473280602051692
 -0.60395128143836796
 -0.61306862254780414
 -0.62208346765041944
 -0.63099447048332691
 -0.63980030042190283
 -0.64849964268017257
 -0.65709119850881703
 -0.66557368539075878
 -0.67394583723429879
 -0.68220640456379
 -0.69035415470780381
 -0.69838787198476593
 -0.70630635788602891
 -0.71410843125637025
 -0.72179292847186283
 -0.72935870361512189
 -0.73680462864786223
 -0.74412959358078901
 -0.75133250664075391
 -0.75841229443517011
 -0.76536790211366357
 -0.77219829352692848
 -0.77890245138276681
 -0.78547937739929063
 -0.79192809245526252
 -0.79824763673754118
 -0.80443706988562602
 -0.81049547113327991
 -0.81642193944718433
 -0.82221559366263675
 -0.82787557261625078
 -0.8334010352756398
 -0.83879116086607564
 -0.84404514899409788
 -0.84916221976804829
 -0.85414161391551424
 -0.85898259289768197
 -0.86368443902054726
 -0.86824645554300395
 -0.8726679667817705
 -0.87694831821314445
 -0.88108687657157159
