# Created by Octave 6.2.0, Mon Aug 30 16:33:06 2021 -03 <kuroneko@kuroneko-VirtualBox>
# name: alfa
# type: scalar
-1


# name: beta
# type: scalar
10


# name: h
# type: scalar
0.015625


# name: xlU1
# type: matrix
# rows: 64
# columns: 1
 0
 0.015625
 0.03125
 0.046875
 0.0625
 0.078125
 0.09375
 0.109375
 0.125
 0.140625
 0.15625
 0.171875
 0.1875
 0.203125
 0.21875
 0.234375
 0.25
 0.265625
 0.28125
 0.296875
 0.3125
 0.328125
 0.34375
 0.359375
 0.375
 0.390625
 0.40625
 0.421875
 0.4375
 0.453125
 0.46875
 0.484375
 0.5
 0.515625
 0.53125
 0.546875
 0.5625
 0.578125
 0.59375
 0.609375
 0.625
 0.640625
 0.65625
 0.671875
 0.6875
 0.703125
 0.71875
 0.734375
 0.75
 0.765625
 0.78125
 0.796875
 0.8125
 0.828125
 0.84375
 0.859375
 0.875
 0.890625
 0.90625
 0.921875
 0.9375
 0.953125
 0.96875
 0.984375


# name: xlU2
# type: matrix
# rows: 64
# columns: 1
 0.015625
 0.03125
 0.046875
 0.0625
 0.078125
 0.09375
 0.109375
 0.125
 0.140625
 0.15625
 0.171875
 0.1875
 0.203125
 0.21875
 0.234375
 0.25
 0.265625
 0.28125
 0.296875
 0.3125
 0.328125
 0.34375
 0.359375
 0.375
 0.390625
 0.40625
 0.421875
 0.4375
 0.453125
 0.46875
 0.484375
 0.5
 0.515625
 0.53125
 0.546875
 0.5625
 0.578125
 0.59375
 0.609375
 0.625
 0.640625
 0.65625
 0.671875
 0.6875
 0.703125
 0.71875
 0.734375
 0.75
 0.765625
 0.78125
 0.796875
 0.8125
 0.828125
 0.84375
 0.859375
 0.875
 0.890625
 0.90625
 0.921875
 0.9375
 0.953125
 0.96875
 0.984375
 1


# name: U
# type: matrix
# rows: 64
# columns: 2
 1.090947332474693 1.105157853178721
 1.0895205924527767 1.101287791178079
 1.0854691018929097 1.0947646304270719
 1.0788026211907202 1.0856040857913116
 1.0695372104821288 1.0738282258251886
 1.0576951909530927 1.0594654196068107
 1.0433050910658923 1.0425502683943881
 1.0264015778315811 1.0231235222687851
 1.0070253732941137 1.0012319819630005
 0.98522315642737679 0.97692838611510402
 0.96104745068144781 0.95027128421623375
 0.93455649744901303 0.92132489555975317
 0.9058141157567432 0.89015895453134053
 0.87488954851966705 0.85684854261274301
 0.84185729572893619 0.82147390750392679
 0.80679693497480065 0.78412026979931337
 0.76979292973724833 0.74487761768393235
 0.73093442590605984 0.70384049014397543
 0.69031503702057084 0.66110774921411741
 0.64803261874644136 0.6167823418102002
 0.60418903313279904 0.57097105172111107
 0.55888990321763143 0.52378424235726939
 0.51224435857263761 0.47533559087550603
 0.4643647724005357 0.42574181432084351
 0.41536649081817051 0.3751223884449032
 0.36536755497761675 0.32359925987835869
 0.31448841669470456 0.27129655235082067
 0.26285164827004098 0.21834026766589554
 0.21058164720161116 0.16485798215181646
 0.15780433650029854 0.11097853931887983
 0.10464686133032942 0.056831739464151647
 0.051237282705432263 0.0025480269711812683
 -0.0022957310213576115 -0.051741823941942822
 -0.055823214131035005 -0.10590702426914254
 -0.10921621422833441 -0.15981708529851765
 -0.16234610289934706 -0.21334213297108554
 -0.21508488558863637 -0.26635322075876239
 -0.26730550994933167 -0.31872264030784431
 -0.3188821719233616 -0.3703242290996191
 -0.3696906188144482 -0.42103367438692046
 -0.41960844862373803 -0.4707288126744304
 -0.46851540492693272 -0.51928992402123253
 -0.51629366658255582 -0.56660002045664137
 -0.56282813157339828 -0.61254512781447135
 -0.60800669429735699 -0.65701456030677841
 -0.65172051563965816 -0.69990118717562855
 -0.69386428517580723 -0.74110169078046872
 -0.73433647487363451 -0.7805168154993769
 -0.77303958368321213 -0.81805160684454792
 -0.80988037242542688 -0.85361564021597336
 -0.84477008841332624 -0.88712323874221821
 -0.87762467926511611 -0.91849367968351392
 -0.90836499539371518 -0.94765138889990908
 -0.93691698068503215 -0.97452612291598395
 -0.96321185090564432 -0.99905313814354824
 -0.98718625941003069 -1.0211733468546043
 -1.0087824497481928 -1.0408334595288646
 -1.0279483948060082 -1.0579861132328803
 -1.0446379221430884 -1.0725899857214769
 -1.0588108252262507 -1.0846098949866834
 -1.0704329602905673 -1.0940168840142599
 -1.0794763285946898 -1.1007882905436839
 -1.0859191438722688 -1.1049078016635221
 -1.0897458848169748 -1.1063654931106579


# name: x
# type: range
# base, limit, increment
0 1 0.015625


# name: exata
# type: matrix
# rows: 65
# columns: 1
 1
 0.99879545620517241
 0.99518472667219693
 0.98917650996478101
 0.98078528040323043
 0.97003125319454397
 0.95694033573220882
 0.94154406518302081
 0.92387953251128674
 0.90398929312344334
 0.88192126434835505
 0.85772861000027212
 0.83146961230254524
 0.80320753148064494
 0.77301045336273699
 0.74095112535495911
 0.70710678118654757
 0.67155895484701833
 0.63439328416364549
 0.59569930449243347
 0.55557023301960229
 0.51410274419322166
 0.47139673682599781
 0.4275550934302822
 0.38268343236508984
 0.33688985339222005
 0.29028467725446233
 0.24298017990326398
 0.19509032201612833
 0.14673047445536175
 0.09801714032956077
 0.049067674327418126
 6.123233995736766e-17
 -0.049067674327418008
 -0.098017140329560645
 -0.14673047445536164
 -0.19509032201612819
 -0.24298017990326387
 -0.29028467725446216
 -0.33688985339221994
 -0.38268343236508973
 -0.42755509343028186
 -0.4713967368259977
 -0.51410274419322166
 -0.55557023301960196
 -0.59569930449243336
 -0.63439328416364538
 -0.67155895484701844
 -0.70710678118654746
 -0.74095112535495888
 -0.77301045336273699
 -0.80320753148064483
 -0.83146961230254535
 -0.85772861000027201
 -0.88192126434835494
 -0.90398929312344334
 -0.92387953251128674
 -0.9415440651830207
 -0.95694033573220882
 -0.97003125319454397
 -0.98078528040323043
 -0.98917650996478101
 -0.99518472667219682
 -0.99879545620517241
 -1


