# Created by Octave 6.3.0, Sat Sep 25 15:39:07 2021 -03 <kuroneko@kuroneko-VirtualBox>
# name: beta
# type: scalar
640


# name: Lambda
# type: matrix
# rows: 5
# columns: 1
 1
 0.7071067811865307
 4.0708177569591518e-14
 -0.70710678118647308
 -1


# name: nen
# type: scalar
5


# name: nel
# type: scalar
4


# name: h
# type: scalar
0.25


# name: xl
# type: matrix
# rows: 17
# columns: 1
 0
 0.0625
 0.125
 0.1875
 0.25
 0.3125
 0.375
 0.4375
 0.5
 0.5625
 0.625
 0.6875
 0.75
 0.8125
 0.875
 0.9375
 1


# name: U
# type: matrix
# rows: 4
# columns: 5
 -0.00024465827748908052 0.61297608512869295 1.202132727361112 1.7454520479511419 2.2211397705584526
 2.2208001885313631 2.6123292860279066 2.9022075405525678 3.0814161888904938 3.1409277461996217
 3.1409304042193096 3.081415420556715 2.9022085373099684 2.6123285176941273 2.2208028465510496
 2.2211461875862999 1.7454501930291351 1.2021351337466057 0.61297423020668629 -0.00023824124964197402


# name: P
# type: matrix
# rows: 4
# columns: 5
 0.99999961772144064 0.98078360280550936 0.92387915011244104 0.83147193345676862 0.70710630978259104
 0.70710577918567341 0.55556582224555517 0.38268295759935644 0.19509548709859909 -1.0389177576964822e-06
 -1.0347646019144401e-06 -0.1950948821948357 -0.3826837213863446 -0.55556524964412324 -0.70710777903417465
 -0.70710724256380675 -0.83147165059508543 -0.92387946648337071 -0.9807833979285685 -1.0000003722519533


# name: x
# type: range
# base, limit, increment
0 1 0.0625


# name: exata
# type: matrix
# rows: 17
# columns: 1
 1
 0.98078528040323043
 0.92387953251128674
 0.83146961230254524
 0.70710678118654757
 0.55557023301960229
 0.38268343236508984
 0.19509032201612833
 6.123233995736766e-17
 -0.19509032201612819
 -0.38268343236508973
 -0.55557023301960196
 -0.70710678118654746
 -0.83146961230254535
 -0.92387953251128674
 -0.98078528040323043
 -1


