# Created by Octave 6.3.0, Sat Sep 25 15:39:08 2021 -03 <kuroneko@kuroneko-VirtualBox>
# name: beta
# type: scalar
2560


# name: Lambda
# type: matrix
# rows: 17
# columns: 1
 1
 0.98078528040341006
 0.92387953251159238
 0.83146961230292549
 0.70710678118695447
 0.55557023301999353
 0.3826834323654304
 0.19509032201639187
 1.6976543627659923e-13
 -0.19509032201605889
 -0.38268343236511682
 -0.55557023301971142
 -0.70710678118671466
 -0.83146961230273719
 -0.92387953251146282
 -0.9807852804033439
 -1


# name: nen
# type: scalar
5


# name: nel
# type: scalar
16


# name: h
# type: scalar
0.0625


# name: xl
# type: matrix
# rows: 65
# columns: 1
 0
 0.015625
 0.03125
 0.046875
 0.0625
 0.078125
 0.09375
 0.109375
 0.125
 0.140625
 0.15625
 0.171875
 0.1875
 0.203125
 0.21875
 0.234375
 0.25
 0.265625
 0.28125
 0.296875
 0.3125
 0.328125
 0.34375
 0.359375
 0.375
 0.390625
 0.40625
 0.421875
 0.4375
 0.453125
 0.46875
 0.484375
 0.5
 0.515625
 0.53125
 0.546875
 0.5625
 0.578125
 0.59375
 0.609375
 0.625
 0.640625
 0.65625
 0.671875
 0.6875
 0.703125
 0.71875
 0.734375
 0.75
 0.765625
 0.78125
 0.796875
 0.8125
 0.828125
 0.84375
 0.859375
 0.875
 0.890625
 0.90625
 0.921875
 0.9375
 0.953125
 0.96875
 0.984375
 1


# name: U
# type: matrix
# rows: 16
# columns: 5
 -2.4552347685451225e-07 0.15415072760766993 0.30792982458327411 0.46096745760193958 0.61289401658401599
 0.61289354176807231 0.763344984846831 0.91195590583197728 1.0583709199722253 1.2022346210978363
 1.2022341739640516 1.3432043224068035 1.4809360330501227 1.6151017814289039 1.7453740233437283
 1.7453736210746396 1.8714450711345014 1.9930046190363908 2.1097651871849408 2.221439680688905
 2.2214393387436302 2.3277672352972436 2.428483155202823 2.5233514999676645 2.6121366569024307
 2.6121363884225697 2.6946346100340857 2.7706364456238646 2.8399668297181226 2.902450686294642
 2.9024505015970905 2.9579486878757399 3.0063157312302073 3.0474438268741828 3.0812251635253451
 3.0812250697082897 3.1075904564789618 3.1264639892466408 3.1378092667895534 3.1415898856928099
 3.1415898863615563 3.1378092665963591 3.1264639894974757 3.107590456285767 3.0812250703770343
 3.0812251655054599 3.0474438263021182 3.0063157319729013 2.9579486873036749 2.9024505035772035
 2.9024506895100295 2.8399668287890916 2.7706364468298368 2.6946346091050546 2.6121363916379554
 2.6121366612294463 2.5233514987172239 2.4284831568256173 2.327767234046803 2.2214393430706445
 2.2214396859613394 2.1097651856612694 1.9930046210137433 1.87144506961083 1.7453736263470727
 1.7453740293591022 1.6151017796902258 1.4809360353059557 1.343204320668125 1.2022341799794245
 1.202234627625802 1.0583709180861456 0.91195590828040562 0.76334498296075093 0.61289354829603759
 0.61289402337273591 0.4609674556405583 0.30792982712952077 0.15415072564628879 -2.3873475696323265e-07


# name: P
# type: matrix
# rows: 16
# columns: 5
 0.99999999990409338 0.99879545578504203 0.99518472657299739 0.98917651055228284 0.98078528028393908
 0.98078528009846355 0.97003125185498673 0.95694033555720415 0.94154406680681146 0.92387953218398722
 0.92387953200932527 0.90398929091589453 0.88192126410423144 0.85772861259791033 0.83146961177977563
 0.83146961162263922 0.80320752848990051 0.77301045305883709 0.74095112882658176 0.70710678048836473
 0.70710678035479213 0.67155895118797648 0.63439328381161564 0.5956993087046013 0.55557023217280965
 0.55557023206793443 0.51410274000647449 0.47139673643934643 0.42755509822110188 0.38268343140220945
 0.38268343133006183 0.33688984883864281 0.29028467684803072 0.24298018508861255 0.1950903209741498
 0.19509032093750239 0.14673046970993495 0.09801713991895708 0.049067679708017134 -1.0810405804903555e-09
 -1.0807793547980192e-09 -0.049067679082335044 -0.098017140728560326 -0.14673046908628803 -0.19509032309468716
 -0.19509032305752755 -0.2429801844849411 -0.2902846776265206 -0.33688984824099572 -0.382683433399712
 -0.38268343332708182 -0.42755509766263744 -0.47139673715680264 -0.51410273945779306 -0.55557023397051464
 -0.5555702338652051 -0.59569930821280992 -0.63439328444047516 -0.6715589507093499 -0.70710678201718702
 -0.70710678188324516 -0.74095112842036204 -0.77301045357492992 -0.80320752809972251 -0.83146961298096367
 -0.83146961282353704 -0.85772861229286479 -0.88192126448771735 -0.90398929062915401 -0.92387953301138015
 -0.92387953283651836 -0.94154406661467238 -0.95694033579336002 -0.97003125168270909 -0.98078528070574067
 -0.98078528052016356 -0.98917651048043076 -0.99518472665273783 -0.99879545573384521 -1.000000000093255


# name: x
# type: range
# base, limit, increment
0 1 0.015625


# name: exata
# type: matrix
# rows: 65
# columns: 1
 1
 0.99879545620517241
 0.99518472667219693
 0.98917650996478101
 0.98078528040323043
 0.97003125319454397
 0.95694033573220882
 0.94154406518302081
 0.92387953251128674
 0.90398929312344334
 0.88192126434835505
 0.85772861000027212
 0.83146961230254524
 0.80320753148064494
 0.77301045336273699
 0.74095112535495911
 0.70710678118654757
 0.67155895484701833
 0.63439328416364549
 0.59569930449243347
 0.55557023301960229
 0.51410274419322166
 0.47139673682599781
 0.4275550934302822
 0.38268343236508984
 0.33688985339222005
 0.29028467725446233
 0.24298017990326398
 0.19509032201612833
 0.14673047445536175
 0.09801714032956077
 0.049067674327418126
 6.123233995736766e-17
 -0.049067674327418008
 -0.098017140329560645
 -0.14673047445536164
 -0.19509032201612819
 -0.24298017990326387
 -0.29028467725446216
 -0.33688985339221994
 -0.38268343236508973
 -0.42755509343028186
 -0.4713967368259977
 -0.51410274419322166
 -0.55557023301960196
 -0.59569930449243336
 -0.63439328416364538
 -0.67155895484701844
 -0.70710678118654746
 -0.74095112535495888
 -0.77301045336273699
 -0.80320753148064483
 -0.83146961230254535
 -0.85772861000027201
 -0.88192126434835494
 -0.90398929312344334
 -0.92387953251128674
 -0.9415440651830207
 -0.95694033573220882
 -0.97003125319454397
 -0.98078528040323043
 -0.98917650996478101
 -0.99518472667219682
 -0.99879545620517241
 -1


