# Created by Octave 6.3.0, Sat Sep 25 15:39:28 2021 -03 <kuroneko@kuroneko-VirtualBox>
# name: beta
# type: scalar
40960


# name: Lambda
# type: matrix
# rows: 257
# columns: 1
 1
 0.99992470184188376
 0.99969881870163002
 0.99932238459640932
 0.99879545621581356
 0.99811811291331931
 0.99729045669433658
 0.99631261220084821
 0.99518472669263858
 0.99390697002511674
 0.99247953462373728
 0.99090263545502155
 0.98917650999418427
 0.98730141818937123
 0.9852776424225117
 0.98310548746679238
 0.9807852804407603
 0.97831737075905967
 0.97570213007981099
 0.97293995224864149
 0.97003125323937267
 0.96697647109137685
 0.96377606584360964
 0.96043051946532965
 0.95694033578351601
 0.95330604040699374
 0.94952818064727929
 0.94560732543615644
 0.94154406523999856
 0.93733901197084557
 0.93299279889425291
 0.92850608053392381
 0.92387953257314026
 0.91911385175300764
 0.91420975576752828
 0.90916798315551972
 0.90398929318939225
 0.89867446576080667
 0.8932243012632245
 0.88763962047137224
 0.8819212644176353
 0.87607009426540239
 0.87008699117937627
 0.86397285619287467
 0.85772861007213741
 0.85135519317766239
 0.84485356532259115
 0.83822470562816431
 0.83146961237626926
 0.82458930285910303
 0.81758481322597154
 0.81045719832724938
 0.80320753155552338
 0.7958369046839433
 0.78834642770180507
 0.78073722864739059
 0.77301045343808905
 0.765167265697826
 0.75720884658182619
 0.74913639459873538
 0.74095112543012998
 0.73265427174743913
 0.72424708302630991
 0.7157308253584399
 0.70710678126090909
 0.69837624948303711
 0.68954054481079685
 0.68060099786881212
 0.67155895491997042
 0.662415777662681
 0.65317284302580814
 0.64383154296131029
 0.63439328423461749
 0.62485948821277781
 0.61523159065040434
 0.60551104147345647
 0.5956993045608856
 0.58579785752418079
 0.57580819148484574
 0.56573181084984148
 0.55557023308502806
 0.54532498848664024
 0.53499761995082995
 0.52458968274131201
 0.51410274425514724
 0.50353838378669802
 0.49289819228979254
 0.48218377213813296
 0.47139673688398387
 0.46053871101517713
 0.44961132971047013
 0.43861623859329352
 0.4275550934839269
 0.41642956015013799
 0.40524131405632452
 0.39399204011119487
 0.38268343241402752
 0.37131719399954577
 0.35989503658144689
 0.34841868029462458
 0.33688985343612265
 0.32531029220486002
 0.3136817404401655
 0.30200594935916208
 0.29028467729304014
 0.27851968942225891
 0.26671275751071716
 0.25486565963893193
 0.24298017993626608
 0.23105810831224491
 0.21910124018700258
 0.2071113762208984
 0.19509032204334389
 0.18303988798088167
 0.17096188878455695
 0.15885814335662274
 0.14673047447661985
 0.13458070852687296
 0.12241067521744417
 0.11022220731058538
 0.098017140344731052
 0.085797312358072891
 0.073564563611758046
 0.061320736312752533
 0.049067674336411675
 0.036807222948799199
 0.024541228528797015
 0.012271538290047311
 2.7689857297738017e-12
 -0.012271538284509751
 -0.02454122852326069
 -0.036807222943264925
 -0.04906767433088028
 -0.06132073630722485
 -0.073564563606234881
 -0.085797312352555097
 -0.098017140339219447
 -0.1102222073050808
 -0.12241067521194746
 -0.1345807085213849
 -0.14673047447114129
 -0.15885814335115445
 -0.17096188877909976
 -0.18303988797543647
 -0.19509032203791152
 -0.20711137621547968
 -0.21910124018159827
 -0.23105810830685583
 -0.24298017993089308
 -0.25486565963357588
 -0.26671275750537882
 -0.27851968941693894
 -0.29028467728773932
 -0.30200594935388131
 -0.31368174043490549
 -0.3253102921996216
 -0.33688985343090666
 -0.34841868028943168
 -0.3598950365762778
 -0.37131719399440122
 -0.38268343240890829
 -0.39399204010610178
 -0.40524131405125835
 -0.41642956014509941
 -0.42755509347891657
 -0.43861623858831211
 -0.44961132970551837
 -0.46053871101025579
 -0.4713967368790935
 -0.48218377213327412
 -0.49289819228496601
 -0.50353838378190452
 -0.51410274425038749
 -0.52458968273658679
 -0.53499761994613992
 -0.54532498848198629
 -0.55557023308041087
 -0.5657318108452617
 -0.57580819148030427
 -0.58579785751967828
 -0.59569930455642273
 -0.60551104146903367
 -0.61523159064602229
 -0.62485948820843695
 -0.63439328423031882
 -0.64383154295705447
 -0.65317284302159595
 -0.66241577765851278
 -0.67155895491584672
 -0.6806009978647336
 -0.68954054480676419
 -0.69837624947905086
 -0.70710678125696969
 -0.71573082535454802
 -0.72424708302246621
 -0.73265427174364417
 -0.74095112542638419
 -0.74913639459503945
 -0.75720884657818055
 -0.7651672656942311
 -0.77301045343454522
 -0.78073722864389872
 -0.7883464276983656
 -0.79583690468055679
 -0.80320753155219049
 -0.81045719832397078
 -0.81758481322274779
 -0.82458930285593457
 -0.83146961237315664
 -0.83822470562510798
 -0.84485356531959177
 -0.85135519317472041
 -0.85772861006925338
 -0.86397285619004893
 -0.87008699117660915
 -0.87607009426269433
 -0.88192126441498697
 -0.88763962046878397
 -0.89322430126069696
 -0.89867446575834031
 -0.90398929318698751
 -0.90916798315317704
 -0.91420975576524799
 -0.91911385175078986
 -0.92387953257098543
 -0.92850608053183248
 -0.93299279889222542
 -0.93733901196888225
 -0.94154406523809964
 -0.94560732543432235
 -0.94952818064551026
 -0.95330604040529021
 -0.95694033578187798
 -0.96043051946375724
 -0.96377606584210318
 -0.96697647108993667
 -0.97003125323799888
 -0.97293995224733432
 -0.97570213007857109
 -0.97831737075788738
 -0.98078528043965585
 -0.98310548746575599
 -0.98527764242154348
 -0.98730141818847128
 -0.98917650999335272
 -0.99090263545425861
 -0.99247953462304328
 -0.9939069700244918
 -0.99518472669208302
 -0.99631261220036205
 -0.99729045669391969
 -0.9981181129129717
 -0.99879545621553567
 -0.99932238459620082
 -0.99969881870149102
 -0.99992470184181426
 -1


# name: nen
# type: scalar
5


# name: nel
# type: scalar
256


# name: h
# type: scalar
0.00390625


