# Created by Octave 6.2.0, Fri Jul 02 12:15:00 2021 -03 <kuroneko@kuroneko-VirtualBox>
# name: xl
# type: matrix
# rows: 11
# columns: 1
 0
 0.20000000000000001
 0.40000000000000002
 0.60000000000000009
 0.80000000000000004
 1
 1.2
 1.3999999999999999
 1.5999999999999999
 1.7999999999999998
 1.9999999999999998


# name: h
# type: scalar
0.20000000000000001


# name: deltaT
# type: scalar
0.040000000000000008


# name: U
# type: matrix
# rows: 11
# columns: 32
 0 1.12332718893748e-11 7.4436160781634811e-12 4.3146969877460411e-12 2.2766325176964056e-12 1.1217674942553966e-12 5.2506845684702247e-13 2.3626525672562774e-13 1.0307538391995259e-13 4.3873125859559464e-14 1.8305004978569142e-14 7.513251299296763e-15 3.042177761510972e-15 1.2178546378285334e-15 4.8286285214060582e-16 1.8988310841439806e-16 7.4145799918071839e-17 2.8776592978041216e-17 1.1109375092914497e-17 4.2690000732567307e-18 1.6337764460465181e-18 6.230113180658747e-19 2.3681697682685172e-19 8.9762546587076876e-20 3.3937047981538072e-20 1.2801572265929117e-20 4.8190574206185142e-21 1.8107448339913663e-21 6.7924285715700817e-22 2.5440924487758496e-22 9.5156896002755636e-23 3.5546769254327428e-23
 0 -0.022271555548045364 -0.035371323350191386 -0.040914523956147898 -0.040683845578244518 -0.036385548897909605 -0.029558447711421642 -0.021512791476248145 -0.013297267900256017 -0.0056906856036156037 0.00078618480541195533 0.005843668735763103 0.0093862586800679687 0.011470479772953726 0.012261712143709021 0.011993330876492044 0.010930638021923822 0.0093411743052821544 0.0074721783542370064 0.0055352569288769343 0.0036977704264201886 0.0020800362495616868 0.00075720645556513592 -0.00023542728042897677 -0.00089492841986704079 -0.0012421169005707618 -0.0013127892165422776 -0.0011494297344248438 -0.00079383635075714763 -0.00028086364880375878 0.00036666803494829578 0.0011419178125228354
 0 0.29878694107519793 0.23079907214093395 0.16745559574476712 0.11130840500445302 0.063949015683856594 0.026095860171686438 -0.0022761232411251373 -0.021780873634303029 -0.033457351005407622 -0.038609853778002225 -0.038663006329662394 -0.035038777369144486 -0.029059817735999301 -0.021880618620950879 -0.014445644972247746 -0.007471785790003585 -0.0014512154805653909 0.003329939559160252 0.0067619444345034573 0.0088754272682857269 0.0098030906660859299 0.0097425617320807262 0.0089229532140965295 0.0075768501183330079 0.0059186091358547945 0.0041291124063155401 0.0023464974324524587 0.00066193783108605959 -0.0008806813888773018 -0.0022823430442073479 -0.003584657332472888
 0 0.40005892682975219 0.41173325214345186 0.40490396171015969 0.38250240234502408 0.34802163557947519 0.30517342709839435 0.2575911668370639 0.20859230704917581 0.16100692458390678 0.11707281148713625 0.07839241551207074 0.045943177752491203 0.020130397990580563 0.00087063208376209869 -0.012306367187453883 -0.020148230956228672 -0.02357255037544527 -0.023568915335458115 -0.021115699461397731 -0.017114718886251316 -0.012344925490787804 -0.0074346305895760635 -0.0028504540080648527 0.0010997303526721356 0.0042531509822139194 0.0065713479510822624 0.0081157435375340693 0.0090227428753908608 0.009480882345289425 0.0097116099683300736 0.0099541831038828018
 0 0.058240439712434561 0.11847428879720898 0.17601762643692956 0.2268404634151443 0.26790043758424975 0.29723953472873316 0.31397881677095846 0.31822893043581019 0.31093782795737201 0.29369840405526682 0.26853796523906714 0.237709034365541 0.20349744565935662 0.1680594974231838 0.13329555794815295 0.1007633525547747 0.071630495941612457 0.046662877072233086 0.026243361014797635 0.010413963729771727 -0.001065871656734587 -0.0086521272166583986 -0.012946767157433479 -0.01463158965509012 -0.01440982290842893 -0.012958741311899134 -0.010895395846057632 -0.00875628816405747 -0.0069903781959624175 -0.0059632250897217066 -0.0059685578932241051
 0 -0.0049334846335518257 -1.0502939828445406e-05 0.01477917953951652 0.038389688915384246 0.068945964920035671 0.10401526139004889 0.14089162700157482 0.17686589813650314 0.20945955934157059 0.23660754229976605 0.25678190386292798 0.26905472617492948 0.27310404542612871 0.26917083231307759 0.25797787025124613 0.24062280575055212 0.21845779796209766 0.19296727859062188 0.16565361167532799 0.13793820138167973 0.11108311903060369 0.086135873666211699 0.06389777224764287 0.044914604330459011 0.029487256565938397 0.017699267413047448 0.0094580053243695054 0.0045456754129590453 0.0026754050662901158 0.0035463081871110894 0.0068902948450113594
 0 0.00042053055041832893 -0.0008512690586443346 -0.0020488342286449535 -0.001432315276741236 0.0024827139939922935 0.01075499514520389 0.023915113302284734 0.041931884031801245 0.06424166300054969 0.08982934848725789 0.11734647379548228 0.14525033179303115 0.17194835855744064 0.1959337192646427 0.21590079922248762 0.23083268741216029 0.240056342042307 0.24326458690544714 0.24050711395635405 0.23215505474793552 0.2188453051698887 0.20141158011976662 0.18080910827350249 0.15803896152459743 0.13407638436918376 0.10980557014857055 0.085961916324752252 0.063082790292572022 0.041469651619391354 0.02116727304428383 0.0019679062501661514
 0 -3.5844856122045649e-05 0.00014518976178946373 9.4731536341086152e-05 -0.00030700073362270038 -0.00085518354108037107 -0.0010741113739819264 -0.00030668142147144612 0.0021763839037727915 0.007063582096806611 0.014900203435813622 0.026007675541447246 0.040432143311389605 0.05792570386811971 0.077959855303400424 0.099767399995439029 0.12240652015801802 0.14483915262064495 0.16601515972773834 0.18495405744828483 0.20081708501153483 0.21296401793156483 0.22099120162452793 0.22474975786933593 0.22434576380343585 0.22012717103820023 0.21266445788852403 0.20273194079713555 0.19129284790565668 0.17948381954186549 0.16858631257120379 0.15996833697237781
 0 3.0522208315560064e-06 -1.85370077089704e-05 1.1209538193869618e-05 6.0475111383640903e-05 5.1552163276202722e-05 -7.6511360790112494e-05 -0.00031530699858985637 -0.0005522478159397594 -0.00055776092732304162 4.8141683333090694e-06 0.0015490597906617179 0.0045199301944007838 0.009339281420004758 0.016349601980477874 0.025762845936277645 0.03762030413594325 0.051767926680996092 0.067849650376460319 0.085319312182316157 0.1034698357597324 0.12147667072597274 0.1384508829145098 0.15349556512839824 0.16575708512384768 0.17446051071381896 0.17891825901595482 0.17850585265195268 0.17261094161978388 0.16057928926746995 0.14169593404279682 0.11524014345496278
 0 -2.5188230163326273e-07 2.0260374383672072e-06 -3.4573060537420502e-06 -5.6265106532855558e-06 4.9614886545120776e-06 2.3643684602643032e-05 3.0404795422575441e-05 -1.4377571553486567e-06 -8.9407798366825239e-05 -0.00022257983932613297 -0.00034276347519325416 -0.00032979863500183591 6.1601872796164842e-06 0.00092355764460609266 0.0027389478013018641 0.0058077023688566315 0.010497577437613309 0.017157612288178595 0.026085342726103165 0.037495530304956733 0.05149370705693606 0.068058286839137769 0.087036606569564912 0.10816355490199561 0.13111501097850661 0.15560719613256557 0.18154007616093368 0.20915505182106958 0.23914317907769564 0.27262179296033046 0.31091767279069249
 0 1.4535033522001284e-80 3.9622403281429166e-67 1.0758042141813852e-56 2.2010432769344063e-48 1.2500788026109838e-41 4.7426265711290953e-36 2.218613982414948e-31 1.9888057853983341e-27 4.7291625223286955e-24 3.8116786852254326e-21 1.2570546516311827e-18 1.9648829840834523e-16 1.635434178352792e-14 7.9582936058320875e-13 2.4424921606231163e-11 5.031357148891784e-10 7.3238429662420093e-09 7.8644357811319706e-08 6.4592800190722582e-07 4.1841418479136506e-06 2.1943014463880156e-05 9.5280939201895681e-05 0.00034926373167220936 0.0010991141423155552 0.0030133015037492107 0.0072900601384936065 0.01574037635784566 0.030635707246983449 0.054226398992859685 0.087979354788221734 0.13176128659718059


# name: x
# type: range
# base, limit, increment
0 2 0.20000000000000001


