# Created by Octave 6.2.0, Thu Sep 02 17:00:56 2021 -03 <kuroneko@kuroneko-VirtualBox>
# name: alfa
# type: scalar
-1


# name: beta
# type: scalar
40


# name: Lambda
# type: matrix
# rows: 5
# columns: 1
 0
 0.70729986738599859
 1.0002730651219709
 0.7072998673859987
 1.2246467991473532e-16


# name: h
# type: scalar
0.25


# name: xlU1
# type: matrix
# rows: 4
# columns: 1
 0
 0.25
 0.5
 0.75


# name: xlU2
# type: matrix
# rows: 4
# columns: 1
 0.25
 0.5
 0.75
 1


# name: U
# type: matrix
# rows: 4
# columns: 2
 -0.0055026028048569065 0.7247989776900795
 0.68661924418872422 1.0351234896701096
 0.97652885012291479 0.73908670013235545
 0.69440109970370523 0.0101029454266446


# name: x
# type: range
# base, limit, increment
0 1 0.25


# name: exata
# type: matrix
# rows: 5
# columns: 1
 0
 0.70710678118654746
 1
 0.70710678118654757
 1.2246467991473532e-16


