# Created by Octave 6.2.0, Thu Sep 02 17:00:56 2021 -03 <kuroneko@kuroneko-VirtualBox>
# name: alfa
# type: scalar
-1


# name: beta
# type: scalar
2560


# name: Lambda
# type: matrix
# rows: 257
# columns: 1
 0
 0.012271538285770168
 0.024541228523012756
 0.036807222941509524
 0.049067674327618903
 0.061320736302459711
 0.073564563599968685
 0.085797312344791266
 0.098017140329962033
 0.11022220729433448
 0.12241067519971761
 0.13458070850767731
 0.1467304744559626
 0.15885814333451215
 0.17096188876100113
 0.18303988795589024
 0.19509032201692703
 0.20711137619306627
 0.21910124015776689
 0.23105810828161713
 0.24298017990425846
 0.25486565960555807
 0.2667127574759901
 0.27851968938619343
 0.29028467725565088
 0.30200594932046437
 0.31368174040017588
 0.32531029216359464
 0.33688985339359945
 0.34841868025086092
 0.35989503653646265
 0.37131719395335794
 0.38268343236665631
 0.39399204006266164
 0.40524131400664931
 0.41642956009934279
 0.4275550934320323
 0.4386162385403235
 0.44961132965644712
 0.4605387109601255
 0.47139673682792765
 0.48218377208109653
 0.49289819223180142
 0.50353838372777826
 0.51410274419532542
 0.52458968268061545
 0.53499761988928607
 0.54532498842427779
 0.5555702330218748
 0.56573181078592716
 0.57580819142020057
 0.58579785745883439
 0.59569930449486985
 0.60551104140680212
 0.61523159058314214
 0.62485948814494152
 0.63439328416623886
 0.64383154289242384
 0.65317284295644651
 0.66241577759287906
 0.67155895484976325
 0.68060099779823402
 0.68954054473988446
 0.69837624941182697
 0.70710678118943682
 0.71573082528674181
 0.72424708295442508
 0.73265427167540509
 0.74095112535798524
 0.74913639452651914
 0.75720884650957621
 0.76516726562558179
 0.77301045336589203
 0.78073722857527961
 0.7883464276298241
 0.79583690461213041
 0.80320753148392199
 0.8104571982559019
 0.81758481315491938
 0.82458930278838827
 0.8314696123059363
 0.83822470555825579
 0.84485356525315081
 0.85135519310873453
 0.85772861000376799
 0.86397285612510755
 0.87008699111225607
 0.87607009419897508
 0.88192126435194684
 0.88763962040646871
 0.89322430119915153
 0.89867446569761145
 0.90398929312712284
 0.90916798309422253
 0.91420975570725049
 0.91911385169379711
 0.92387953251504484
 0.92850608047699246
 0.93299279883853403
 0.93733901191638813
 0.94154406518685041
 0.94560732538436687
 0.94952818059689825
 0.95330604035806954
 0.95694033573609949
 0.96043051941947
 0.96377606579935737
 0.9669764710487827
 0.97003125319848671
 0.97293995220951479
 0.97570213004249395
 0.97831737072360381
 0.98078528040721613
 0.98310548743521087
 0.98527764239294491
 0.98730141816186967
 0.98917650996879847
 0.99090263543180523
 0.99247953460273997
 0.99390697000639139
 0.9951847266762377
 0.99631261218682265
 0.99729045668273908
 0.99811811290420005
 0.99879545620922516
 0.9993223845924033
 0.99969881870025867
 0.99992470184320026
 1.0000000000040554
 0.99992470184319937
 0.99969881870025668
 0.99932238459239953
 0.99879545620922017
 0.99811811290419405
 0.9972904566827302
 0.99631261218681344
 0.99518472667622815
 0.99390697000638195
 0.99247953460272986
 0.99090263543179369
 0.98917650996878848
 0.98730141816185801
 0.98527764239293292
 0.98310548743519888
 0.98078528040720314
 0.9783173707235906
 0.97570213004248063
 0.97293995220950091
 0.97003125319847228
 0.96697647104876705
 0.96377606579934183
 0.96043051941945468
 0.95694033573608228
 0.95330604035805244
 0.94952818059687938
 0.94560732538434789
 0.94154406518683009
 0.9373390119163677
 0.93299279883851405
 0.92850608047697247
 0.92387953251502464
 0.91911385169377668
 0.91420975570723007
 0.90916798309420055
 0.90398929312710097
 0.8986744656975898
 0.89322430119913021
 0.88763962040644528
 0.88192126435192386
 0.8760700941989521
 0.87008699111223298
 0.86397285612508401
 0.85772861000374401
 0.85135519310871133
 0.84485356525312749
 0.83822470555823192
 0.8314696123059121
 0.82458930278836495
 0.81758481315489484
 0.81045719825587736
 0.80320753148389945
 0.79583690461210865
 0.78834642762980178
 0.78073722857525918
 0.77301045336587126
 0.7651672656255617
 0.75720884650955556
 0.7491363945264975
 0.7409511253579647
 0.7326542716753851
 0.72424708295440521
 0.71573082528672338
 0.7071067811894175
 0.6983762494118072
 0.68954054473986592
 0.68060099779821592
 0.67155895484974515
 0.66241577759286141
 0.65317284295642897
 0.64383154289240629
 0.6343932841662222
 0.62485948814492476
 0.61523159058312593
 0.60551104140678569
 0.59569930449485331
 0.58579785745881885
 0.57580819142018458
 0.56573181078591206
 0.55557023302185959
 0.54532498842426202
 0.53499761988927141
 0.52458968268060058
 0.51410274419531099
 0.50353838372776427
 0.49289819223178744
 0.48218377208108226
 0.47139673682791366
 0.46053871096011179
 0.44961132965643441
 0.43861623854031079
 0.42755509343202042
 0.4164295600993303
 0.40524131400663738
 0.39399204006265048
 0.38268343236664631
 0.37131719395334795
 0.3598950365364525
 0.34841868025085221
 0.33688985339359095
 0.32531029216358665
 0.313681740400168
 0.3020059493204571
 0.29028467725564383
 0.2785196893861866
 0.26671275747598405
 0.25486565960555196
 0.24298017990425286
 0.23105810828161166
 0.21910124015776161
 0.20711137619306147
 0.19509032201692225
 0.18303988795588588
 0.17096188876099683
 0.15885814333450773
 0.14673047445595869
 0.13458070850767367
 0.12241067519971414
 0.11022220729433137
 0.098017140329959285
 0.085797312344788837
 0.073564563599966618
 0.061320736302457962
 0.049067674327617605
 0.03680722294150858
 0.024541228523012177
 0.012271538285769936
 1.2246467991473532e-16


# name: h
# type: scalar
0.00390625


