# Created by Octave 6.3.0, Tue Sep 14 02:52:43 2021 -03 <kuroneko@kuroneko-VirtualBox>
# name: alfa
# type: scalar
-1


# name: beta
# type: scalar
160


# name: Lambda
# type: matrix
# rows: 17
# columns: 1
 0
 0.195090523796555
 0.3826838281716346
 0.55557080764164168
 0.70710751254167881
 0.83147047228520099
 0.92388048807281553
 0.98078629482193869
 1.0000010342923458
 0.98078629482193924
 0.9238804880728162
 0.83147047228520155
 0.70710751254167958
 0.55557080764164235
 0.38268382817163521
 0.19509052379655537
 1.2246467991473532e-16


# name: nen
# type: scalar
2


# name: nel
# type: scalar
16


# name: h
# type: scalar
0.0625


# name: xl
# type: matrix
# rows: 17
# columns: 1
 0
 0.0625
 0.125
 0.1875
 0.25
 0.3125
 0.375
 0.4375
 0.5
 0.5625
 0.625
 0.6875
 0.75
 0.8125
 0.875
 0.9375
 1


# name: U
# type: matrix
# rows: 16
# columns: 2
 -8.8166940668329223e-05 0.19537963686295765
 0.1947039210563152 0.38341456679351699
 0.38201364655832132 0.55671508994356778
 0.55464280185881265 0.70862136439650658
 0.70595734533113619 0.8332957172151273
 0.83014234392782515 0.92594698293879252
 0.92242543779655695 0.98301462538517048
 0.97926023939291262 1.0023055670589496
 0.998462619164868 0.98307846789009135
 0.97929464042660552 0.92607221451697275
 0.92249291785150977 0.83347752528724794
 0.83024030978336893 0.70885276218031579
 0.70608203221438304 0.55698718495200272
 0.55478941812276406 0.38371690256799618
 0.38217655782217719 0.19570059480921964
 0.1948768667315669 0.0001636229420826443


# name: x
# type: range
# base, limit, increment
0 1 0.0625


# name: exata
# type: matrix
# rows: 17
# columns: 1
 0
 0.19509032201612825
 0.38268343236508978
 0.55557023301960218
 0.70710678118654746
 0.83146961230254524
 0.92387953251128674
 0.98078528040323043
 1
 0.98078528040323043
 0.92387953251128674
 0.83146961230254546
 0.70710678118654757
 0.55557023301960218
 0.38268343236508989
 0.19509032201612861
 1.2246467991473532e-16


