# Created by Octave 6.2.0, Thu Sep 02 17:00:56 2021 -03 <kuroneko@kuroneko-VirtualBox>
# name: alfa
# type: scalar
-1


# name: beta
# type: scalar
640


# name: Lambda
# type: matrix
# rows: 65
# columns: 1
 0
 0.049067674525246956
 0.098017140724741908
 0.14673047504694345
 0.19509032280268523
 0.24298018088290138
 0.29028467842481986
 0.33688985475047845
 0.38268343390797677
 0.42755509515408097
 0.47139673872655558
 0.51410274626595998
 0.5555702352595272
 0.59569930689414918
 0.63439328672136586
 0.67155895755458139
 0.70710678403743077
 0.74095112834229415
 0.77301045647932753
 0.80320753471898287
 0.83146961565482946
 0.85772861345842588
 0.88192126790404757
 0.90398929676810924
 0.92387953623614527
 0.94154406897909837
 0.95694033959036096
 0.97003125710547611
 0.98078528435752022
 0.98917651395290207
 0.99518473068454261
 0.9987954602320761
 1.0000000040317596
 0.99879546023207644
 0.99518473068454316
 0.98917651395290374
 0.98078528435752221
 0.97003125710547833
 0.95694033959036362
 0.94154406897910137
 0.92387953623614816
 0.90398929676811213
 0.88192126790405068
 0.85772861345842877
 0.83146961565483191
 0.80320753471898565
 0.77301045647933042
 0.74095112834229704
 0.70710678403743321
 0.67155895755458339
 0.63439328672136752
 0.59569930689415052
 0.55557023525952853
 0.51410274626596109
 0.47139673872655657
 0.42755509515408191
 0.38268343390797782
 0.33688985475047928
 0.29028467842482081
 0.24298018088290185
 0.19509032280268582
 0.14673047504694398
 0.098017140724742352
 0.049067674525247254
 1.2246467991473532e-16


# name: h
# type: scalar
0.015625


# name: xlU1
# type: matrix
# rows: 64
# columns: 1
 0
 0.015625
 0.03125
 0.046875
 0.0625
 0.078125
 0.09375
 0.109375
 0.125
 0.140625
 0.15625
 0.171875
 0.1875
 0.203125
 0.21875
 0.234375
 0.25
 0.265625
 0.28125
 0.296875
 0.3125
 0.328125
 0.34375
 0.359375
 0.375
 0.390625
 0.40625
 0.421875
 0.4375
 0.453125
 0.46875
 0.484375
 0.5
 0.515625
 0.53125
 0.546875
 0.5625
 0.578125
 0.59375
 0.609375
 0.625
 0.640625
 0.65625
 0.671875
 0.6875
 0.703125
 0.71875
 0.734375
 0.75
 0.765625
 0.78125
 0.796875
 0.8125
 0.828125
 0.84375
 0.859375
 0.875
 0.890625
 0.90625
 0.921875
 0.9375
 0.953125
 0.96875
 0.984375


# name: xlU2
# type: matrix
# rows: 64
# columns: 1
 0.015625
 0.03125
 0.046875
 0.0625
 0.078125
 0.09375
 0.109375
 0.125
 0.140625
 0.15625
 0.171875
 0.1875
 0.203125
 0.21875
 0.234375
 0.25
 0.265625
 0.28125
 0.296875
 0.3125
 0.328125
 0.34375
 0.359375
 0.375
 0.390625
 0.40625
 0.421875
 0.4375
 0.453125
 0.46875
 0.484375
 0.5
 0.515625
 0.53125
 0.546875
 0.5625
 0.578125
 0.59375
 0.609375
 0.625
 0.640625
 0.65625
 0.671875
 0.6875
 0.703125
 0.71875
 0.734375
 0.75
 0.765625
 0.78125
 0.796875
 0.8125
 0.828125
 0.84375
 0.859375
 0.875
 0.890625
 0.90625
 0.921875
 0.9375
 0.953125
 0.96875
 0.984375
 1


# name: U
# type: matrix
# rows: 64
# columns: 2
 -1.3797830561775657e-06 0.049072207532709008
 0.049061567833794423 0.098028758160413815
 0.098006321836447613 0.14674914892340513
 0.14671497002545691 0.19511600813293262
 0.19507016900096133 0.24301281578872416
 0.24295542685321372 0.29032418428587142
 0.29025538380179411 0.3369361363936792
 0.3368560901074274 0.38273637983679448
 0.38264528058688296 0.42761457781713563
 0.42751264506963677 0.4714626148249017
 0.47135009414473256 0.51417485709830668
 0.51405201955764135 0.5556484071045632
 0.55551554862979657 0.5957833514290527
 0.59564079208788734 0.63448300147549086
 0.63433108470586663 0.67165412639722721
 0.67149321817994811 0.70720717769851948
 0.70703766567557524 0.74105650496470299
 0.74087879750540397 0.77312056220154302
 0.7729350874187243 0.80332210428667594
 0.80312930900533497 0.83158837305987687
 0.83138872174073297 0.85785127260383676
 0.8576452462244053 0.88204753329319663
 0.8818356281890718 0.9041188642166148
 0.90390159088575284 0.92401209360467496
 0.92378997547756081 0.94167929692534091
 0.94145286910399795 0.9570779123383496
 0.9568477203072322 0.97017084323041036
 0.9699374415422839 0.98092654758419884
 0.98069049852417389 0.98931911396583927
 0.98908098619677665 0.99532832394781678
 0.99508869114036957 0.99893970081693839
 0.99869914026752937 1.0001445444500077
 0.99990363569007057 0.99893995227318189
 0.99869927567302108 0.99532882625452324
 0.99508896162514904 0.98931986591290921
 0.98908139110922311 0.98092754736012522
 0.98069103688881765 0.97017208842664471
 0.96993811206215674 0.95707939995510505
 0.95684852136699294 0.94168102337881943
 0.94145379877382418 0.92401405473569787
 0.92379103151779551 0.90412105530064568
 0.90390277075230285 0.88204994905172285
 0.88183692903953537 0.85785390721708321
 0.85764666492491937 0.83159122018082965
 0.83139025487352347 0.80332515705637242
 0.8031309528769518 0.77312381326559299
 0.77293683806893609 0.74105994649100826
 0.74088065071674114 0.70721080139614168
 0.70703961698348872 0.671657923536361
 0.67149526288356653 0.63448696290849582
 0.63433321787931984 0.59578746761248969
 0.59564300859217389 0.55565266812218594
 0.55551784312516339 0.51417925268495057
 0.5140543865164483 0.47146713439121346
 0.4713525278647685 0.42761921047508417
 0.42751513968785687 0.38274111442590131
 0.38264783009353387 0.33694096150790404
 0.33685868836052379 0.29032908830109189
 0.29025802454191707 0.24301778689073736
 0.24295810371858834 0.19512103434591904
 0.19507287554278518 0.14675421813877729
 0.14671769972343351 0.098033858165987822
 0.098009068114495307 0.049077326042124669
 0.049064324075888836 2.562341159945691e-06


# name: x
# type: range
# base, limit, increment
0 1 0.015625


# name: exata
# type: matrix
# rows: 65
# columns: 1
 0
 0.049067674327418015
 0.098017140329560604
 0.14673047445536175
 0.19509032201612825
 0.24298017990326387
 0.29028467725446233
 0.33688985339222005
 0.38268343236508978
 0.42755509343028208
 0.47139673682599764
 0.51410274419322166
 0.55557023301960218
 0.59569930449243336
 0.63439328416364549
 0.67155895484701833
 0.70710678118654746
 0.74095112535495911
 0.77301045336273699
 0.80320753148064483
 0.83146961230254524
 0.85772861000027212
 0.88192126434835494
 0.90398929312344334
 0.92387953251128674
 0.94154406518302081
 0.95694033573220894
 0.97003125319454397
 0.98078528040323043
 0.98917650996478101
 0.99518472667219682
 0.99879545620517241
 1
 0.99879545620517241
 0.99518472667219693
 0.98917650996478101
 0.98078528040323043
 0.97003125319454397
 0.95694033573220894
 0.94154406518302081
 0.92387953251128674
 0.90398929312344345
 0.88192126434835505
 0.85772861000027212
 0.83146961230254546
 0.80320753148064494
 0.7730104533627371
 0.74095112535495899
 0.70710678118654757
 0.67155895484701855
 0.63439328416364549
 0.59569930449243347
 0.55557023301960218
 0.51410274419322177
 0.47139673682599786
 0.42755509343028203
 0.38268343236508989
 0.33688985339222033
 0.29028467725446239
 0.24298017990326407
 0.19509032201612861
 0.1467304744553618
 0.098017140329560826
 0.049067674327417966
 1.2246467991473532e-16


