# Created by Octave 6.2.0, Thu Sep 02 17:00:56 2021 -03 <kuroneko@kuroneko-VirtualBox>
# name: alfa
# type: scalar
-1


# name: beta
# type: scalar
160


# name: Lambda
# type: matrix
# rows: 17
# columns: 1
 0
 0.19509052379655495
 0.38268382817163454
 0.55557080764164146
 0.7071075125416787
 0.8314704722852011
 0.92388048807281553
 0.98078629482193858
 1.000001034292346
 0.98078629482193924
 0.92388048807281631
 0.83147047228520177
 0.70710751254167969
 0.55557080764164246
 0.38268382817163527
 0.19509052379655539
 1.2246467991473532e-16


# name: h
# type: scalar
0.0625


# name: xlU1
# type: matrix
# rows: 16
# columns: 1
 0
 0.0625
 0.125
 0.1875
 0.25
 0.3125
 0.375
 0.4375
 0.5
 0.5625
 0.625
 0.6875
 0.75
 0.8125
 0.875
 0.9375


# name: xlU2
# type: matrix
# rows: 16
# columns: 1
 0.0625
 0.125
 0.1875
 0.25
 0.3125
 0.375
 0.4375
 0.5
 0.5625
 0.625
 0.6875
 0.75
 0.8125
 0.875
 0.9375
 1


# name: U
# type: matrix
# rows: 16
# columns: 2
 -8.8166940668329223e-05 0.19537963686295759
 0.19470392105631512 0.38341456679351693
 0.38201364655832132 0.55671508994356755
 0.55464280185881243 0.70862136439650647
 0.70595734533113597 0.8332957172151273
 0.83014234392782515 0.92594698293879252
 0.92242543779655695 0.98301462538517026
 0.97926023939291251 1.0023055670589498
 0.99846261916486823 0.98307846789009135
 0.97929464042660552 0.92607221451697275
 0.92249291785150977 0.83347752528724817
 0.83024030978336905 0.70885276218031601
 0.70608203221438326 0.55698718495200283
 0.55478941812276417 0.38371690256799634
 0.38217655782217735 0.19570059480921967
 0.19487686673156696 0.0001636229420826443


# name: x
# type: range
# base, limit, increment
0 1 0.0625


# name: exata
# type: matrix
# rows: 17
# columns: 1
 0
 0.19509032201612825
 0.38268343236508978
 0.55557023301960218
 0.70710678118654746
 0.83146961230254524
 0.92387953251128674
 0.98078528040323043
 1
 0.98078528040323043
 0.92387953251128674
 0.83146961230254546
 0.70710678118654757
 0.55557023301960218
 0.38268343236508989
 0.19509032201612861
 1.2246467991473532e-16


