# Created by Octave 6.3.0, Sat Sep 25 14:29:15 2021 -03 <kuroneko@kuroneko-VirtualBox>
# name: beta
# type: scalar
0


# name: Lambda
# type: matrix
# rows: 17
# columns: 1
 1
 0.98078528040322399
 0.92387953251127652
 0.83146961230253369
 0.70710678118653669
 0.55557023301959374
 0.38268343236508512
 0.19509032201612836
 5.1316975360451293e-15
 -0.19509032201611831
 -0.38268343236507568
 -0.55557023301958519
 -0.70710678118652914
 -0.83146961230252769
 -0.92387953251127231
 -0.98078528040322188
 -1


# name: nen
# type: scalar
4


# name: nel
# type: scalar
16


# name: h
# type: scalar
0.0625


# name: xl
# type: matrix
# rows: 49
# columns: 1
 0
 0.020833333333333332
 0.041666666666666664
 0.0625
 0.083333333333333329
 0.10416666666666666
 0.12499999999999999
 0.14583333333333331
 0.16666666666666666
 0.1875
 0.20833333333333334
 0.22916666666666669
 0.25
 0.27083333333333331
 0.29166666666666663
 0.31249999999999994
 0.33333333333333326
 0.35416666666666657
 0.37499999999999989
 0.3958333333333332
 0.41666666666666652
 0.43749999999999983
 0.45833333333333315
 0.47916666666666646
 0.49999999999999978
 0.52083333333333315
 0.54166666666666652
 0.56249999999999989
 0.58333333333333326
 0.60416666666666663
 0.625
 0.64583333333333337
 0.66666666666666674
 0.68750000000000011
 0.70833333333333348
 0.72916666666666685
 0.75000000000000022
 0.77083333333333359
 0.79166666666666696
 0.81250000000000033
 0.8333333333333337
 0.85416666666666707
 0.87500000000000044
 0.89583333333333381
 0.91666666666666718
 0.93750000000000056
 0.95833333333333393
 0.9791666666666673
 1.0000000000000007


# name: U
# type: matrix
# rows: 16
# columns: 4
 1.3146890983269563e-13 0.20549574235502438 0.41003430732866503 0.61289432243243169
 0.6128943224324096 0.81312870590300901 1.0098069685312427 1.2022354597687261
 1.2022354597687384 1.3895135892910306 1.5707733142394933 1.7453753626075361
 1.7453753626075534 1.9125002446907644 2.0713757223813274 2.2214414690791404
 2.2214414690791378 2.3619905882295198 2.4923763231529623 2.6121388256927602
 2.6121388256927518 2.720710958082214 2.8175962995665595 2.90245315213933
 2.9024531521393326 2.9748759316081004 3.0345376303140243 3.0812278316636768
 3.0812278316636883 3.1147180914119494 3.1348633817168605 3.1415926535896803
 3.1415926535896821 3.1348633817168539 3.1147180914119454 3.081227831663687
 3.0812278316636839 3.0345376303140235 2.9748759316081088 2.9024531521393366
 2.9024531521393468 2.8175962995665684 2.7207109580822224 2.6121388256927736
 2.6121388256927514 2.4923763231529352 2.3619905882295353 2.2214414690791457
 2.2214414690791338 2.0713757223812843 1.9125002446907493 1.7453753626075521
 1.7453753626075408 1.5707733142394431 1.3895135892909876 1.2022354597687315
 1.2022354597687259 1.0098069685311886 0.81312870590297981 0.61289432243243169
 0.61289432243243125 0.41003430732861956 0.20549574235504728 1.4921397450962104e-13


# name: P
# type: matrix
# rows: 16
# columns: 4
 0.9999996362852055 0.99785873970046834 0.99144467808053893 0.98078491952511693
 0.98078492782909721 0.96592564955932947 0.94692995349055287 0.92387918833820049
 0.92387920462704354 0.89687257840297252 0.86602524183236274 0.831469298060867
 0.83146932170860155 0.79335319703052809 0.75183966580310779 0.70710650895241056
 0.70710653905026721 0.65934569721380054 0.60876131305358294 0.55557001325481281
 0.55557004864614823 0.49999991201847482 0.44228860444068741 0.38268327351508669
 0.38268331283983148 0.32143941060746123 0.25881899279744419 0.19509023018542881
 0.19509027193235504 0.13052617291210158 0.065403112408358874 -2.1282393286928266e-08
 2.1282403546237586e-08 -0.065403112408348715 -0.13052617291209151 -0.19509027193234491
 -0.19509023018541899 -0.25881899279743437 -0.32143941060745151 -0.38268331283982182
 -0.38268327351507742 -0.44228860444067825 -0.49999991201846589 -0.55557004864613935
 -0.5555700132548046 -0.60876131305357473 -0.65934569721379266 -0.70710653905025944
 -0.70710650895240346 -0.75183966580310102 -0.79335319703052187 -0.83146932170859522
 -0.83146929806086167 -0.86602524183235752 -0.89687257840296786 -0.92387920462703876
 -0.92387918833819682 -0.94692995349054943 -0.9659256495593268 -0.98078492782909477
 -0.98078491952511526 -0.99144467808053771 -0.9978587397004679 -0.99999963628520527


# name: x
# type: range
# base, limit, increment
0 1 0.020833333333333332


# name: exata
# type: matrix
# rows: 49
# columns: 1
 1
 0.99785892323860348
 0.99144486137381038
 0.98078528040323043
 0.96592582628906831
 0.94693012949510569
 0.92387953251128674
 0.89687274153268837
 0.86602540378443871
 0.83146961230254524
 0.79335334029123517
 0.75183980747897738
 0.70710678118654757
 0.65934581510006895
 0.60876142900872077
 0.5555702330196024
 0.50000000000000033
 0.44228869021900163
 0.38268343236509023
 0.32143946530316192
 0.25881904510252118
 0.19509032201612875
 0.13052619222005216
 0.065403129230143714
 7.273661547324616e-16
 -0.065403129230142493
 -0.13052619222005116
 -0.19509032201612778
 -0.25881904510252041
 -0.32143946530316136
 -0.38268343236508973
 -0.44228869021900113
 -0.50000000000000022
 -0.55557023301960229
 -0.60876142900872099
 -0.65934581510006918
 -0.70710678118654813
 -0.75183980747897783
 -0.79335334029123561
 -0.83146961230254579
 -0.86602540378443915
 -0.89687274153268892
 -0.92387953251128718
 -0.94693012949510613
 -0.96592582628906865
 -0.98078528040323076
 -0.9914448613738106
 -0.99785892323860359
 -1


