# Created by Octave 6.3.0, Sat Sep 25 14:29:15 2021 -03 <kuroneko@kuroneko-VirtualBox>
# name: beta
# type: scalar
0


# name: Lambda
# type: matrix
# rows: 5
# columns: 1
 1
 0.70710678130798732
 1.4062824978585296e-15
 -0.70710678130798543
 -1


# name: nen
# type: scalar
4


# name: nel
# type: scalar
4


# name: h
# type: scalar
0.25


# name: xl
# type: matrix
# rows: 13
# columns: 1
 0
 0.083333333333333329
 0.16666666666666666
 0.25
 0.33333333333333331
 0.41666666666666663
 0.49999999999999994
 0.58333333333333326
 0.66666666666666663
 0.75
 0.83333333333333337
 0.91666666666666674
 1


# name: U
# type: matrix
# rows: 4
# columns: 4
 -1.1727182928448583e-09 0.81460698432381506 1.5692270819574283 2.2214414677215384
 2.2214414677215433 2.7212553288504964 3.0338292077296538 3.1415926521555542
 3.1415926521555582 3.0338292077296507 2.7212553288504937 2.2214414677215437
 2.2214414677215477 1.5692270819574381 0.81460698432382084 -1.1727139259676278e-09


# name: P
# type: matrix
# rows: 4
# columns: 4
 0.99990914818673393 0.96588209387522517 0.86598262759654299 0.70702720034622613
 0.70705787840326173 0.49998092931979654 0.2588022828177613 -2.1692662161898465e-05
 2.1692662164606565e-05 -0.25880228281775886 -0.49998092931979438 -0.70705787840325951
 -0.70702720034622457 -0.86598262759654188 -0.96588209387522483 -0.99990914818673404


# name: x
# type: range
# base, limit, increment
0 1 0.083333333333333329


# name: exata
# type: matrix
# rows: 13
# columns: 1
 1
 0.96592582628906831
 0.86602540378443871
 0.70710678118654757
 0.50000000000000011
 0.25881904510252096
 2.8327694488239898e-16
 -0.25881904510252041
 -0.49999999999999978
 -0.70710678118654746
 -0.86602540378443871
 -0.96592582628906831
 -1


