# Created by Octave 6.2.0, Mon Aug 30 22:15:06 2021 -03 <kuroneko@kuroneko-VirtualBox>
# name: alfa
# type: scalar
1


# name: beta
# type: scalar
1


# name: h
# type: scalar
0.0625


# name: xl
# type: matrix
# rows: 17
# columns: 1
 0
 0.0625
 0.125
 0.1875
 0.25
 0.3125
 0.375
 0.4375
 0.5
 0.5625
 0.625
 0.6875
 0.75
 0.8125
 0.875
 0.9375
 1


# name: u
# type: matrix
# rows: 17
# columns: 1
 -31.000002068584944
 -31.019216678768789
 -31.076122356231352
 -31.168532242732407
 -31.292895073189371
 -31.444431648802851
 -31.617318498986304
 -31.80491167407483
 -32.000002068584834
 -32.195092463094838
 -32.382685638183368
 -32.555572488366828
 -32.707109063980319
 -32.831471894437293
 -32.923881780938359
 -32.980787458400933
 -33.000002068584791


# name: x
# type: range
# base, limit, increment
0 1 0.0625


# name: exata
# type: matrix
# rows: 17
# columns: 1
 1
 0.98078528040323043
 0.92387953251128674
 0.83146961230254524
 0.70710678118654757
 0.55557023301960229
 0.38268343236508984
 0.19509032201612833
 6.123233995736766e-17
 -0.19509032201612819
 -0.38268343236508973
 -0.55557023301960196
 -0.70710678118654746
 -0.83146961230254535
 -0.92387953251128674
 -0.98078528040323043
 -1


