# Created by Octave 6.2.0, Mon Aug 30 22:15:06 2021 -03 <kuroneko@kuroneko-VirtualBox>
# name: alfa
# type: scalar
1


# name: beta
# type: scalar
1


# name: h
# type: scalar
0.015625


# name: xl
# type: matrix
# rows: 65
# columns: 1
 0
 0.015625
 0.03125
 0.046875
 0.0625
 0.078125
 0.09375
 0.109375
 0.125
 0.140625
 0.15625
 0.171875
 0.1875
 0.203125
 0.21875
 0.234375
 0.25
 0.265625
 0.28125
 0.296875
 0.3125
 0.328125
 0.34375
 0.359375
 0.375
 0.390625
 0.40625
 0.421875
 0.4375
 0.453125
 0.46875
 0.484375
 0.5
 0.515625
 0.53125
 0.546875
 0.5625
 0.578125
 0.59375
 0.609375
 0.625
 0.640625
 0.65625
 0.671875
 0.6875
 0.703125
 0.71875
 0.734375
 0.75
 0.765625
 0.78125
 0.796875
 0.8125
 0.828125
 0.84375
 0.859375
 0.875
 0.890625
 0.90625
 0.921875
 0.9375
 0.953125
 0.96875
 0.984375
 1


# name: u
# type: matrix
# rows: 65
# columns: 1
 -127.00000000806492
 -127.00120455173862
 -127.00481528116018
 -127.01082349776584
 -127.01921472723525
 -127.02996875436132
 -127.04305967175046
 -127.05845594223574
 -127.07612047485271
 -127.09601071419478
 -127.11807874293287
 -127.14227139725251
 -127.16853039493014
 -127.19679247574003
 -127.22698955385371
 -127.25904888186479
 -127.29289322604369
 -127.32844105240058
 -127.36560672310783
 -127.40430070280908
 -127.44442977431774
 -127.48589726318535
 -127.52860327059879
 -127.57244491404531
 -127.61731657516545
 -127.66311015419699
 -127.70971533039669
 -127.75701982781266
 -127.80490968576692
 -127.8532695333967
 -127.90198286759293
 -127.95093233366646
 -128.00000000806574
 -128.04906768246502
 -128.09801714853856
 -128.1467304827348
 -128.19509033036456
 -128.2429801883188
 -128.29028468573472
 -128.33688986193437
 -128.38268344096585
 -128.42755510208593
 -128.47139674553239
 -128.51410275294577
 -128.55557024181331
 -128.59569931332192
 -128.63439329302312
 -128.67155896373032
 -128.70710679008715
 -128.740951134266
 -128.773010462277
 -128.80320754039062
 -128.83146962120043
 -128.85772861887799
 -128.88192127319758
 -128.90398930193561
 -128.92387954127761
 -128.94154407389453
 -128.95694034437977
 -128.97003126176887
 -128.98078528889488
 -128.98917651836422
 -128.99518473496983
 -128.99879546439132
 -129.00000000806497


# name: x
# type: range
# base, limit, increment
0 1 0.015625


# name: exata
# type: matrix
# rows: 65
# columns: 1
 1
 0.99879545620517241
 0.99518472667219693
 0.98917650996478101
 0.98078528040323043
 0.97003125319454397
 0.95694033573220882
 0.94154406518302081
 0.92387953251128674
 0.90398929312344334
 0.88192126434835505
 0.85772861000027212
 0.83146961230254524
 0.80320753148064494
 0.77301045336273699
 0.74095112535495911
 0.70710678118654757
 0.67155895484701833
 0.63439328416364549
 0.59569930449243347
 0.55557023301960229
 0.51410274419322166
 0.47139673682599781
 0.4275550934302822
 0.38268343236508984
 0.33688985339222005
 0.29028467725446233
 0.24298017990326398
 0.19509032201612833
 0.14673047445536175
 0.09801714032956077
 0.049067674327418126
 6.123233995736766e-17
 -0.049067674327418008
 -0.098017140329560645
 -0.14673047445536164
 -0.19509032201612819
 -0.24298017990326387
 -0.29028467725446216
 -0.33688985339221994
 -0.38268343236508973
 -0.42755509343028186
 -0.4713967368259977
 -0.51410274419322166
 -0.55557023301960196
 -0.59569930449243336
 -0.63439328416364538
 -0.67155895484701844
 -0.70710678118654746
 -0.74095112535495888
 -0.77301045336273699
 -0.80320753148064483
 -0.83146961230254535
 -0.85772861000027201
 -0.88192126434835494
 -0.90398929312344334
 -0.92387953251128674
 -0.9415440651830207
 -0.95694033573220882
 -0.97003125319454397
 -0.98078528040323043
 -0.98917650996478101
 -0.99518472667219682
 -0.99879545620517241
 -1


