# Created by Octave 6.2.0, Mon Aug 30 19:51:30 2021 -03 <kuroneko@kuroneko-VirtualBox>
# name: alfa
# type: scalar
1


# name: beta
# type: scalar
1


# name: h
# type: scalar
0.0625


# name: xl
# type: matrix
# rows: 17
# columns: 1
 0
 0.0625
 0.125
 0.1875
 0.25
 0.3125
 0.375
 0.4375
 0.5
 0.5625
 0.625
 0.6875
 0.75
 0.8125
 0.875
 0.9375
 1


# name: u
# type: matrix
# rows: 17
# columns: 1
 1.1024791940443615
 1.0704546846049565
 1.000739107886834
 0.89551932213021823
 0.75834659241769364
 0.59400011754865278
 0.40830336810964118
 0.20790029376555627
 -4.3783626567438693e-15
 -0.20790029376556501
 -0.4083033681096499
 -0.59400011754866144
 -0.75834659241770219
 -0.89551932213022645
 -1.0007391078868419
 -1.0704546846049645
 -1.102479194044369


# name: x
# type: range
# base, limit, increment
0 1 0.0625


# name: exata
# type: matrix
# rows: 17
# columns: 1
 1
 0.98078528040323043
 0.92387953251128674
 0.83146961230254524
 0.70710678118654757
 0.55557023301960229
 0.38268343236508984
 0.19509032201612833
 6.123233995736766e-17
 -0.19509032201612819
 -0.38268343236508973
 -0.55557023301960196
 -0.70710678118654746
 -0.83146961230254535
 -0.92387953251128674
 -0.98078528040323043
 -1


