# Created by Octave 6.2.0, Mon Aug 30 19:51:30 2021 -03 <kuroneko@kuroneko-VirtualBox>
# name: alfa
# type: scalar
1


# name: beta
# type: scalar
1


# name: h
# type: scalar
0.015625


# name: xl
# type: matrix
# rows: 65
# columns: 1
 0
 0.015625
 0.03125
 0.046875
 0.0625
 0.078125
 0.09375
 0.109375
 0.125
 0.140625
 0.15625
 0.171875
 0.1875
 0.203125
 0.21875
 0.234375
 0.25
 0.265625
 0.28125
 0.296875
 0.3125
 0.328125
 0.34375
 0.359375
 0.375
 0.390625
 0.40625
 0.421875
 0.4375
 0.453125
 0.46875
 0.484375
 0.5
 0.515625
 0.53125
 0.546875
 0.5625
 0.578125
 0.59375
 0.609375
 0.625
 0.640625
 0.65625
 0.671875
 0.6875
 0.703125
 0.71875
 0.734375
 0.75
 0.765625
 0.78125
 0.796875
 0.8125
 0.828125
 0.84375
 0.859375
 0.875
 0.890625
 0.90625
 0.921875
 0.9375
 0.953125
 0.96875
 0.984375
 1


# name: u
# type: matrix
# rows: 65
# columns: 1
 1.0256969369779945
 1.023689364023763
 1.0192756053216809
 1.0124643594354905
 1.0032701006855562
 0.99171304427895812
 0.97781909760928776
 0.96161979784346785
 0.9431522359459551
 0.92245896732335775
 0.89958790930473365
 0.87459222570454742
 0.8475301987463848
 0.81846508865597134
 0.78746498126174735
 0.75460262397014422
 0.7199552505107093
 0.6836043948732875
 0.6456356948854981
 0.60613868590370668
 0.56520658511450939
 0.52293606696636563
 0.47942703027238392
 0.43478235754533151
 0.38910766714464867
 0.34251105883257077
 0.29510285335233211
 0.24699532665583257
 0.19830243942103545
 0.14913956251071214
 0.0996231990339288
 0.049870703679851781
 2.2655756757761707e-14
 -0.04987070367980647
 -0.099623199033883489
 -0.14913956251066687
 -0.19830243942099018
 -0.24699532665578736
 -0.29510285335228698
 -0.34251105883252586
 -0.38910766714460393
 -0.43478235754528699
 -0.47942703027233974
 -0.52293606696632167
 -0.56520658511446575
 -0.60613868590366315
 -0.64563569488545458
 -0.68360439487324387
 -0.71995525051066567
 -0.75460262397010069
 -0.78746498126170417
 -0.81846508865592815
 -0.84753019874634183
 -0.87459222570450479
 -0.89958790930469135
 -0.92245896732331556
 -0.94315223594591291
 -0.96161979784342599
 -0.97781909760924646
 -0.99171304427891749
 -1.0032701006855165
 -1.0124643594354519
 -1.019275605321643
 -1.0236893640237259
 -1.0256969369779578


# name: x
# type: range
# base, limit, increment
0 1 0.015625


# name: exata
# type: matrix
# rows: 65
# columns: 1
 1
 0.99879545620517241
 0.99518472667219693
 0.98917650996478101
 0.98078528040323043
 0.97003125319454397
 0.95694033573220882
 0.94154406518302081
 0.92387953251128674
 0.90398929312344334
 0.88192126434835505
 0.85772861000027212
 0.83146961230254524
 0.80320753148064494
 0.77301045336273699
 0.74095112535495911
 0.70710678118654757
 0.67155895484701833
 0.63439328416364549
 0.59569930449243347
 0.55557023301960229
 0.51410274419322166
 0.47139673682599781
 0.4275550934302822
 0.38268343236508984
 0.33688985339222005
 0.29028467725446233
 0.24298017990326398
 0.19509032201612833
 0.14673047445536175
 0.09801714032956077
 0.049067674327418126
 6.123233995736766e-17
 -0.049067674327418008
 -0.098017140329560645
 -0.14673047445536164
 -0.19509032201612819
 -0.24298017990326387
 -0.29028467725446216
 -0.33688985339221994
 -0.38268343236508973
 -0.42755509343028186
 -0.4713967368259977
 -0.51410274419322166
 -0.55557023301960196
 -0.59569930449243336
 -0.63439328416364538
 -0.67155895484701844
 -0.70710678118654746
 -0.74095112535495888
 -0.77301045336273699
 -0.80320753148064483
 -0.83146961230254535
 -0.85772861000027201
 -0.88192126434835494
 -0.90398929312344334
 -0.92387953251128674
 -0.9415440651830207
 -0.95694033573220882
 -0.97003125319454397
 -0.98078528040323043
 -0.98917650996478101
 -0.99518472667219682
 -0.99879545620517241
 -1


