# Created by Octave 6.2.0, Mon Aug 30 19:51:31 2021 -03 <kuroneko@kuroneko-VirtualBox>
# name: alfa
# type: scalar
1


# name: beta
# type: scalar
1


# name: h
# type: scalar
0.00390625


# name: xl
# type: matrix
# rows: 257
# columns: 1
 0
 0.00390625
 0.0078125
 0.01171875
 0.015625
 0.01953125
 0.0234375
 0.02734375
 0.03125
 0.03515625
 0.0390625
 0.04296875
 0.046875
 0.05078125
 0.0546875
 0.05859375
 0.0625
 0.06640625
 0.0703125
 0.07421875
 0.078125
 0.08203125
 0.0859375
 0.08984375
 0.09375
 0.09765625
 0.1015625
 0.10546875
 0.109375
 0.11328125
 0.1171875
 0.12109375
 0.125
 0.12890625
 0.1328125
 0.13671875
 0.140625
 0.14453125
 0.1484375
 0.15234375
 0.15625
 0.16015625
 0.1640625
 0.16796875
 0.171875
 0.17578125
 0.1796875
 0.18359375
 0.1875
 0.19140625
 0.1953125
 0.19921875
 0.203125
 0.20703125
 0.2109375
 0.21484375
 0.21875
 0.22265625
 0.2265625
 0.23046875
 0.234375
 0.23828125
 0.2421875
 0.24609375
 0.25
 0.25390625
 0.2578125
 0.26171875
 0.265625
 0.26953125
 0.2734375
 0.27734375
 0.28125
 0.28515625
 0.2890625
 0.29296875
 0.296875
 0.30078125
 0.3046875
 0.30859375
 0.3125
 0.31640625
 0.3203125
 0.32421875
 0.328125
 0.33203125
 0.3359375
 0.33984375
 0.34375
 0.34765625
 0.3515625
 0.35546875
 0.359375
 0.36328125
 0.3671875
 0.37109375
 0.375
 0.37890625
 0.3828125
 0.38671875
 0.390625
 0.39453125
 0.3984375
 0.40234375
 0.40625
 0.41015625
 0.4140625
 0.41796875
 0.421875
 0.42578125
 0.4296875
 0.43359375
 0.4375
 0.44140625
 0.4453125
 0.44921875
 0.453125
 0.45703125
 0.4609375
 0.46484375
 0.46875
 0.47265625
 0.4765625
 0.48046875
 0.484375
 0.48828125
 0.4921875
 0.49609375
 0.5
 0.50390625
 0.5078125
 0.51171875
 0.515625
 0.51953125
 0.5234375
 0.52734375
 0.53125
 0.53515625
 0.5390625
 0.54296875
 0.546875
 0.55078125
 0.5546875
 0.55859375
 0.5625
 0.56640625
 0.5703125
 0.57421875
 0.578125
 0.58203125
 0.5859375
 0.58984375
 0.59375
 0.59765625
 0.6015625
 0.60546875
 0.609375
 0.61328125
 0.6171875
 0.62109375
 0.625
 0.62890625
 0.6328125
 0.63671875
 0.640625
 0.64453125
 0.6484375
 0.65234375
 0.65625
 0.66015625
 0.6640625
 0.66796875
 0.671875
 0.67578125
 0.6796875
 0.68359375
 0.6875
 0.69140625
 0.6953125
 0.69921875
 0.703125
 0.70703125
 0.7109375
 0.71484375
 0.71875
 0.72265625
 0.7265625
 0.73046875
 0.734375
 0.73828125
 0.7421875
 0.74609375
 0.75
 0.75390625
 0.7578125
 0.76171875
 0.765625
 0.76953125
 0.7734375
 0.77734375
 0.78125
 0.78515625
 0.7890625
 0.79296875
 0.796875
 0.80078125
 0.8046875
 0.80859375
 0.8125
 0.81640625
 0.8203125
 0.82421875
 0.828125
 0.83203125
 0.8359375
 0.83984375
 0.84375
 0.84765625
 0.8515625
 0.85546875
 0.859375
 0.86328125
 0.8671875
 0.87109375
 0.875
 0.87890625
 0.8828125
 0.88671875
 0.890625
 0.89453125
 0.8984375
 0.90234375
 0.90625
 0.91015625
 0.9140625
 0.91796875
 0.921875
 0.92578125
 0.9296875
 0.93359375
 0.9375
 0.94140625
 0.9453125
 0.94921875
 0.953125
 0.95703125
 0.9609375
 0.96484375
 0.96875
 0.97265625
 0.9765625
 0.98046875
 0.984375
 0.98828125
 0.9921875
 0.99609375
 1


# name: u
# type: matrix
# rows: 257
# columns: 1
 1.0064254430704533
 1.0062999461357351
 1.0060238642189294
 1.0055972313372072
 1.0050201041801599
 1.0042925621012637
 1.0034147071059298
 1.0023866638361403
 1.0012085795516796
 0.99988062410795653
 0.99840298993042564
 0.99677589198560856
 0.99499956774872
 0.99307427716790553
 0.99100030262509387
 0.98877794889347215
 0.98640754309158696
 0.98388943463408263
 0.98122399517907977
 0.9784116185722056
 0.9754527207872814
 0.97234773986367928
 0.96909713584035473
 0.96570139068656591
 0.96216100822929196
 0.95847651407735734
 0.9546484555422784
 0.95067740155583913
 0.94656394258441268
 0.94230869054003852
 0.93791227868827176
 0.93337536155281542
 0.92869861481695148
 0.9238827352217851
 0.91892844046131827
 0.91383646907436811
 0.90860758033334477
 0.90324255412990895
 0.89774219085752205
 0.89210731129091037
 0.88633875646245885
 0.88043738753555578
 0.87440408567490402
 0.86823975191382063
 0.86194530701854521
 0.85552169134957523
 0.84896986472005209
 0.84229080625121588
 0.83548551422495398
 0.82855500593346287
 0.82150031752604802
 0.81432250385308369
 0.80702263830715659
 0.79960181266141594
 0.79206113690515745
 0.78440173907666244
 0.77662476509331968
 0.76873137857905494
 0.76072276068909217
 0.75260010993207671
 0.74436464198958419
 0.73601758953304408
 0.72756020203810279
 0.71899374559645735
 0.71031950272518762
 0.70153877217361282
 0.69265286872770515
 0.68366312301208765
 0.67457088128964771
 0.66537750525879413
 0.65608437184839086
 0.64669287301039569
 0.63720441551023832
 0.62762042071496615
 0.61794232437919216
 0.60817157642887465
 0.59830964074296478
 0.58835799493295127
 0.5783181301203375
 0.56819155071208383
 0.55797977417404987
 0.5476843308024697
 0.53730676349349493
 0.52684862751083983
 0.51631149025156464
 0.5056969310100311
 0.49500654074006711
 0.48424192181537412
 0.47340468778821626
 0.46249646314642456
 0.45151888306875609
 0.44047359317864104
 0.42936224929635836
 0.41818651718967531
 0.4069480723229888
 0.39564859960500681
 0.38428979313500722
 0.37287335594771287
 0.36140099975682038
 0.34987444469722284
 0.33829541906596355
 0.32666565906196093
 0.31498690852454331
 0.30326091867083294
 0.29148944783201958
 0.27967426118856192
 0.26781713050435818
 0.25591983385992484
 0.24398415538462392
 0.23201188498798037
 0.22000481809012773
 0.20796475535142461
 0.195893502401282
 0.18379286956624186
 0.17166467159734888
 0.15951072739685548
 0.14733285974430183
 0.13513289502201195
 0.12291266294004732
 0.11067399626065924
 0.098418730522281547
 0.086148703763105405
 0.073865756244277297
 0.06157173017276265
 0.049268469423916127
 0.036957819263800887
 0.024641626071298193
 0.012321737060049612
 2.7343560176652602e-13
 -0.012321737059502741
 -0.024641626070751325
 -0.036957819263254033
 -0.049268469423369279
 -0.061571730172215788
 -0.073865756243730443
 -0.086148703762558565
 -0.098418730521734707
 -0.11067399626011235
 -0.12291266293950043
 -0.13513289502146508
 -0.14733285974375501
 -0.1595107273963087
 -0.17166467159680215
 -0.18379286956569513
 -0.19589350240073525
 -0.20796475535087786
 -0.22000481808958089
 -0.23201188498743347
 -0.24398415538407695
 -0.25591983385937772
 -0.26781713050381112
 -0.27967426118801475
 -0.29148944783147224
 -0.30326091867028543
 -0.31498690852399558
 -0.32666565906141304
 -0.33829541906541533
 -0.34987444469667428
 -0.36140099975627155
 -0.37287335594716375
 -0.38428979313445788
 -0.39564859960445714
 -0.4069480723224389
 -0.41818651718912536
 -0.42936224929580835
 -0.44047359317809104
 -0.45151888306820598
 -0.4624964631458745
 -0.47340468778766615
 -0.48424192181482406
 -0.49500654073951722
 -0.50569693100948132
 -0.51631149025101497
 -0.52684862751029027
 -0.53730676349294559
 -0.54768433080192047
 -0.55797977417350064
 -0.5681915507115346
 -0.5783181301197885
 -0.58835799493240226
 -0.59830964074241555
 -0.60817157642832509
 -0.61794232437864227
 -0.62762042071441615
 -0.63720441550968798
 -0.64669287300984502
 -0.65608437184783985
 -0.6653775052582428
 -0.67457088128909581
 -0.68366312301153531
 -0.69265286872715226
 -0.7015387721730596
 -0.71031950272463418
 -0.71899374559590346
 -0.72756020203754823
 -0.73601758953248875
 -0.74436464198902796
 -0.7526001099315196
 -0.76072276068853462
 -0.76873137857849694
 -0.77662476509276124
 -0.784401739076103
 -0.79206113690459745
 -0.79960181266085528
 -0.80702263830659537
 -0.81432250385252214
 -0.82150031752548613
 -0.82855500593290066
 -0.83548551422439177
 -0.84229080625065389
 -0.84896986471949032
 -0.85552169134901357
 -0.86194530701798378
 -0.86823975191325964
 -0.87440408567434347
 -0.88043738753499612
 -0.88633875646189997
 -0.89210731129035192
 -0.89774219085696427
 -0.9032425541293515
 -0.90860758033278766
 -0.91383646907381111
 -0.91892844046076172
 -0.92388273522122899
 -0.92869861481639582
 -0.93337536155226042
 -0.93791227868771743
 -0.94230869053948496
