# Created by Octave 6.2.0, Mon Aug 30 22:15:06 2021 -03 <kuroneko@kuroneko-VirtualBox>
# name: alfa
# type: scalar
1


# name: beta
# type: scalar
1


# name: h
# type: scalar
0.00390625


# name: xl
# type: matrix
# rows: 257
# columns: 1
 0
 0.00390625
 0.0078125
 0.01171875
 0.015625
 0.01953125
 0.0234375
 0.02734375
 0.03125
 0.03515625
 0.0390625
 0.04296875
 0.046875
 0.05078125
 0.0546875
 0.05859375
 0.0625
 0.06640625
 0.0703125
 0.07421875
 0.078125
 0.08203125
 0.0859375
 0.08984375
 0.09375
 0.09765625
 0.1015625
 0.10546875
 0.109375
 0.11328125
 0.1171875
 0.12109375
 0.125
 0.12890625
 0.1328125
 0.13671875
 0.140625
 0.14453125
 0.1484375
 0.15234375
 0.15625
 0.16015625
 0.1640625
 0.16796875
 0.171875
 0.17578125
 0.1796875
 0.18359375
 0.1875
 0.19140625
 0.1953125
 0.19921875
 0.203125
 0.20703125
 0.2109375
 0.21484375
 0.21875
 0.22265625
 0.2265625
 0.23046875
 0.234375
 0.23828125
 0.2421875
 0.24609375
 0.25
 0.25390625
 0.2578125
 0.26171875
 0.265625
 0.26953125
 0.2734375
 0.27734375
 0.28125
 0.28515625
 0.2890625
 0.29296875
 0.296875
 0.30078125
 0.3046875
 0.30859375
 0.3125
 0.31640625
 0.3203125
 0.32421875
 0.328125
 0.33203125
 0.3359375
 0.33984375
 0.34375
 0.34765625
 0.3515625
 0.35546875
 0.359375
 0.36328125
 0.3671875
 0.37109375
 0.375
 0.37890625
 0.3828125
 0.38671875
 0.390625
 0.39453125
 0.3984375
 0.40234375
 0.40625
 0.41015625
 0.4140625
 0.41796875
 0.421875
 0.42578125
 0.4296875
 0.43359375
 0.4375
 0.44140625
 0.4453125
 0.44921875
 0.453125
 0.45703125
 0.4609375
 0.46484375
 0.46875
 0.47265625
 0.4765625
 0.48046875
 0.484375
 0.48828125
 0.4921875
 0.49609375
 0.5
 0.50390625
 0.5078125
 0.51171875
 0.515625
 0.51953125
 0.5234375
 0.52734375
 0.53125
 0.53515625
 0.5390625
 0.54296875
 0.546875
 0.55078125
 0.5546875
 0.55859375
 0.5625
 0.56640625
 0.5703125
 0.57421875
 0.578125
 0.58203125
 0.5859375
 0.58984375
 0.59375
 0.59765625
 0.6015625
 0.60546875
 0.609375
 0.61328125
 0.6171875
 0.62109375
 0.625
 0.62890625
 0.6328125
 0.63671875
 0.640625
 0.64453125
 0.6484375
 0.65234375
 0.65625
 0.66015625
 0.6640625
 0.66796875
 0.671875
 0.67578125
 0.6796875
 0.68359375
 0.6875
 0.69140625
 0.6953125
 0.69921875
 0.703125
 0.70703125
 0.7109375
 0.71484375
 0.71875
 0.72265625
 0.7265625
 0.73046875
 0.734375
 0.73828125
 0.7421875
 0.74609375
 0.75
 0.75390625
 0.7578125
 0.76171875
 0.765625
 0.76953125
 0.7734375
 0.77734375
 0.78125
 0.78515625
 0.7890625
 0.79296875
 0.796875
 0.80078125
 0.8046875
 0.80859375
 0.8125
 0.81640625
 0.8203125
 0.82421875
 0.828125
 0.83203125
 0.8359375
 0.83984375
 0.84375
 0.84765625
 0.8515625
 0.85546875
 0.859375
 0.86328125
 0.8671875
 0.87109375
 0.875
 0.87890625
 0.8828125
 0.88671875
 0.890625
 0.89453125
 0.8984375
 0.90234375
 0.90625
 0.91015625
 0.9140625
 0.91796875
 0.921875
 0.92578125
 0.9296875
 0.93359375
 0.9375
 0.94140625
 0.9453125
 0.94921875
 0.953125
 0.95703125
 0.9609375
 0.96484375
 0.96875
 0.97265625
 0.9765625
 0.98046875
 0.984375
 0.98828125
 0.9921875
 0.99609375
 1


# name: u
# type: matrix
# rows: 257
# columns: 1
 -511.00000000001705
 -511.00007529817793
 -511.00030118132088
 -511.00067761542874
 -511.00120454381192
 -511.00188188711695
 -511.00270954333843
 -511.00368738783436
 -511.00481527334495
 -511.00609303001477
 -511.00752046541839
 -511.00909736458931
 -511.0108234900523
 -511.01269858185924
 -511.01472235762816
 -511.01689451258591
 -511.0192147196139
 -511.02168262929752
 -511.02429786997862
 -511.02706004781163
 -511.0299687468227
 -511.03302352897248
 -511.03622393422199
 -511.03956948060198
 -511.04305966428547
 -511.04669395966363
 -511.05047181942496
 -511.05439267463765
 -511.05845593483537
 -511.06266098810602
 -511.06700720118408
 -511.07149391954584
 -511.07612046750802
 -511.08088614832951
 -511.08579024431629
 -511.09083201692954
 -511.09601070689689
 -511.10132553432663
 -511.10677569882534
 -511.11236037961828
 -511.11807873567307
 -511.12392990582629
 -511.12991300891326
 -511.13602714390066
 -511.14227139002224
 -511.1486448069175
 -511.15514643477331
 -511.16177529446844
 -511.16853038772098
 -511.17541069723876
 -511.18241518687245
 -511.18954280177167
 -511.19679246854383
 -511.20416309541582
 -511.21165357239835
 -511.21926277145309
 -511.22698954666265
 -511.23483273440314
 -511.24279115351931
 -511.2508636055025
 -511.25904887467118
 -511.26734572835392
 -511.27575291707507
 -511.28426917474292
 -511.29289321884039
 -511.30162375061815
 -511.31045945529024
 -511.31939900223205
 -511.32844104518068
 -511.33758422243773
 -511.3468271570743
 -511.35616845713849
 -511.36560671586483
 -511.37514051188629
 -511.38476840944827
 -511.39448895862478
 -511.4043006955369
 -511.41420214257312
 -511.42419180861191
 -511.43426818924632
 -511.44442976701055
 -511.45467501160829
 -511.4650023801434
 -511.47541031735221
 -511.48589725583764
 -511.49646161630534
 -511.50710180780146
 -511.51781622795232
 -511.52860326320564
 -511.53946128907359
 -511.5503886703774
 -511.56138376149369
 -511.57244490660213
 -511.58357043993499
 -511.59475868602783
 -511.60600795997198
 -511.61731656766813
 -511.6286828060816
 -511.64010496349869
 -511.6515813197845
 -511.663110146642
 -511.67468970787223
 -511.68631825963587
 -511.69799405071581
 -511.70971532278082
 -511.72148031065046
 -511.73328724256083
 -511.74513434043143
 -511.75701982013288
 -511.76894189175567
 -511.78089875987968
 -511.79288862384453
 -511.80490967802081
 -511.81696011208197
 -511.82903811127699
 -511.84114185670359
 -511.85326952558222
 -511.8654192915306
 -511.87758932483865
 -511.88977779274416
 -511.90198285970865
 -511.91420268769394
 -511.92643543643891
 -511.93867926373656
 -511.95093232571156
 -511.96319277709785
 -511.97545877151651
 -511.98772846175393
 -512.0000000000399
 -512.01227153832588
 -512.02454122856329
 -512.03680722298202
 -512.0490676743683
 -512.0613207363433
 -512.07356456364096
 -512.08579731238592
 -512.09801714037121
 -512.11022220733571
 -512.12241067524121
 -512.13458070854927
 -512.14673047449764
 -512.15885814337628
 -512.17096188880282
 -512.18303988799778
 -512.19509032205883
 -512.20711137623493
 -512.21910124019962
 -512.23105810832351
 -512.24298017994624
 -512.25486565964763
 -512.26671275751812
 -512.27851968942832
 -512.29028467729779
 -512.30200594936264
 -512.31368174044235
 -512.32531029220581
 -512.33688985343588
 -512.34841868029321
 -512.35989503657891
 -512.37131719399588
 -512.38268343240929
 -512.39399204010545
 -512.40524131404959
 -512.41642956014243
 -512.42755509347523
 -512.43861623858368
 -512.44961132969991
 -512.46053871100366
 -512.4713967368715
 -512.4821837721247
 -512.49289819227545
 -512.50353838377146
 -512.51410274423904
 -512.52458968272435
 -512.53499761993305
 -512.54532498846811
 -512.55557023306574
 -512.56573181082979
 -512.57580819146403
 -512.5857978575026
 -512.59569930453858
 -512.60551104145043
 -512.61523159062665
 -512.62485948818835
 -512.63439328420952
 -512.64383154293557
 -512.65317284299942
 -512.66241577763572
 -512.67155895489248
 -512.68060099784077
 -512.68954054478229
 -512.6983762494541
 -512.70710678123157
 -512.71573082532871
 -512.72424708299616
 -512.73265427171691
 -512.74095112539931
 -512.7491363945677
 -512.75720884655061
 -512.76516726566649
 -512.77301045340664
 -512.78073722861586
 -512.78834642767026
 -512.79583690465245
 -512.80320753152409
 -512.81045719829592
 -512.8175848131948
 -512.82458930282814
 -512.83146961234559
 -512.83822470559778
 -512.84485356529251
 -512.85135519314792
 -512.85772861004284
 -512.86397285616408
 -512.87008699115108
 -512.87607009423766
 -512.88192126439048
 -512.88763962044482
 -512.8932243012373
 -512.89867446573555
 -512.90398929316484
 -512.90916798313174
 -512.91420975574454
 -512.9191138517308
 -512.92387953255172
 -512.92850608051333
 -512.93299279887458
 -512.93733901195219
 -512.94154406522239
 -512.94560732541959
 -512.94952818063177
 -512.95330604039259
 -512.95694033577024
 -512.96043051945321
