# Created by Octave 6.3.0, Sat Sep 25 16:22:44 2021 -03 <kuroneko@kuroneko-VirtualBox>
# name: beta
# type: scalar
40960


# name: Lambda
# type: matrix
# rows: 257
# columns: 1
 1
 0.99992470184893167
 0.99969881871558552
 0.99932238461713396
 0.99879545624316557
 0.99811811294716135
 0.99729045673453087
 0.99631261224725676
 0.99518472674512171
 0.99390697008353368
 0.99247953468794925
 0.99090263552488922
 0.98917651006957197
 0.98730141827013895
 0.98527764250852135
 0.98310548755790994
 0.9807852805368461
 0.9783173708599775
 0.97570213018542662
 0.97293995235881703
 0.97003125335397145
 0.96697647121026709
 0.96377606596665555
 0.96043051959239889
 0.95694033591447381
 0.95330604054170476
 0.94952818078561052
 0.94560732557797567
 0.94154406538517388
 0.93733901211924642
 0.93299279904574761
 0.92850608068838347
 0.92387953273043621
 0.91911385191300832
 0.91420975593010567
 0.90916798332054738
 0.90398929335674605
 0.89867446593035782
 0.89322430143485265
 0.88763962064495017
 0.88192126459304088
 0.87607009444251138
 0.87008699135806933
 0.86397285637303156
 0.85772861025363634
 0.85135519336038357
 0.84485356550641855
 0.8382247058129787
 0.8314696125619554
 0.8245893030455469
 0.81758481341305878
 0.81045719851486397
 0.80320753174355597
 0.79583690487228043
 0.78834642789033726
 0.78073722883600749
 0.7730104536266853
 0.76516726588629347
 0.75720884677005729
 0.74913639478662819
 0.74095112561757925
 0.73265427193434218
 0.72424708321256459
 0.71573082554394574
 0.70710678144556816
 0.69837624966675205
 0.6895405449934715
 0.68060099805034846
 0.6715589551002763
 0.66241577784166439
 0.6531728432033751
 0.64383154313737168
 0.63439328440908616
 0.6248594883855656
 0.61523159082142731
 0.60551104164262814
 0.59569930472812405
 0.58579785768940251
 0.57580819164797137
 0.56573181101079095
 0.55557023324372401
 0.54532498864300616
 0.53499762010479157
 0.52458968289279506
 0.51410274440408021
 0.50353838393301065
 0.49289819243341343
 0.48218377227899611
 0.47139673702202339
 0.46053871115032802
 0.44961132984267044
 0.43861623872248151
 0.42755509361004301
 0.41642956027312344
 0.40524131417612308
 0.39399204022775075
 0.38268343252728826
 0.37131719410945951
 0.35989503668796269
 0.34841868039769414
 0.33688985353569778
 0.32531029230089548
 0.31368174053261721
 0.30200594944798764
 0.29028467737819869
 0.27851968950371125
 0.26671275758842644
 0.25486565971286235
 0.24298018000638374
 0.23105810837851742
 0.21910124024939892
 0.20711137627938933
 0.19509032209790267
 0.18303988803148258
 0.17096188883117536
 0.15885814339923685
 0.14673047451520888
 0.13458070856141799
 0.12241067524792794
 0.11022220733699248
 0.09801714036704727
 0.085797312376285989
 0.073564563625857865
 0.06132073632273044
 0.049067674342260691
 0.036807222950514029
 0.024541228526374102
 0.012271538283484864
 -7.9331425182281544e-12
 -0.012271538299349967
 -0.02454122854223564
 -0.036807222966369589
 -0.049067674358107959
 -0.061320736338567113
 -0.073564563641681624
 -0.08579731239209426
 -0.0980171403828375
 -0.11022220735276236
 -0.1224106752636759
 -0.13458070857714136
 -0.14673047453090535
 -0.15885814341490395
 -0.17096188884681104
 -0.18303988804708396
 -0.19509032211346872
 -0.2071113762949176
 -0.21910124026488623
 -0.2310581083939614
 -0.24298018002178284
 -0.25486565972821373
 -0.26671275760372837
 -0.27851968951896122
 -0.29028467739339336
 -0.30200594946312476
 -0.31368174054769526
 -0.32531029231591235
 -0.33688985355065215
 -0.34841868041258228
 -0.35989503670278317
 -0.37131719412420994
 -0.38268343254196574
 -0.39399204024235412
 -0.40524131419064907
 -0.41642956028757144
 -0.4275550936244103
 -0.43861623873676531
 -0.44961132985686914
 -0.4605387111644389
 -0.47139673703604301
 -0.48218377229292342
 -0.49289819244724525
 -0.50353838394674477
 -0.51410274441771653
 -0.5245896829063309
 -0.53499762011822416
 -0.54532498865633472
 -0.55557023325694599
 -0.56573181102390557
 -0.57580819166097552
 -0.58579785770229476
 -0.59569930474090138
 -0.60551104165529002
 -0.61523159083397094
 -0.62485948839798977
 -0.63439328442138687
 -0.64383154314954816
 -0.65317284321542612
 -0.66241577785358674
 -0.67155895511206853
 -0.68060099806200924
 -0.6895405450049964
 -0.69837624967814149
 -0.70710678145682038
 -0.71573082555506073
 -0.72424708322353892
 -0.73265427194517485
 -0.74095112562826815
 -0.74913639479717242
 -0.75720884678045497
 -0.76516726589654172
 -0.77301045363678522
 -0.78073722884595753
 -0.78834642790013321
 -0.7958369048819196
 -0.80320753175303927
 -0.81045719852419118
 -0.81758481342222633
 -0.82458930305455747
 -0.83146961257080743
 -0.83822470582167008
 -0.84485356551494717
 -0.85135519336874987
 -0.85772861026183855
 -0.86397285638106591
 -0.8700869913659407
 -0.87607009445021811
 -0.88192126460057751
 -0.88763962065231961
 -0.89322430144204934
 -0.89867446593738298
 -0.90398929336359579
 -0.90916798332722104
 -0.91420975593660292
 -0.91911385191932449
 -0.9238795327365722
 -0.92850608069434182
 -0.93299279905152632
 -0.9373390121248445
 -0.94154406539059021
 -0.94560732558320881
 -0.94952818079066315
 -0.95330604054657253
 -0.95694033591915439
 -0.96043051959689552
 -0.96377606597096521
 -0.96697647121438801
 -0.97003125335790452
 -0.9729399523625577
 -0.97570213018897778
 -0.97831737086334014
 -0.98078528054001524
 -0.98310548756088068
 -0.9852776425112959
 -0.98730141827271489
 -0.98917651007194873
 -0.99090263552706992
 -0.99247953468993
 -0.99390697008531481
 -0.99518472674670799
 -0.9963126122486482
 -0.99729045673572669
 -0.99811811294815844
 -0.99879545624396404
 -0.99932238461773237
 -0.99969881871598476
 -0.99992470184913262
 -1


# name: nen
# type: scalar
5


# name: nel
# type: scalar
256


# name: h
# type: scalar
0.00390625


