# Created by Octave 6.3.0, Sat Sep 25 16:22:20 2021 -03 <kuroneko@kuroneko-VirtualBox>
# name: beta
# type: scalar
2560


# name: Lambda
# type: matrix
# rows: 17
# columns: 1
 1
 0.98078528040355994
 0.92387953251184651
 0.8314696123032379
 0.70710678118728365
 0.5555702330203024
 0.38268343236568708
 0.19509032201657528
 2.6699630161134395e-13
 -0.195090322016052
 -0.38268343236519442
 -0.55557023301985742
 -0.70710678118690573
 -0.83146961230294147
 -0.92387953251164123
 -0.98078528040345536
 -1


# name: nen
# type: scalar
5


# name: nel
# type: scalar
16


# name: h
# type: scalar
0.0625


# name: xl
# type: matrix
# rows: 65
# columns: 1
 0
 0.015625
 0.03125
 0.046875
 0.0625
 0.078125
 0.09375
 0.109375
 0.125
 0.140625
 0.15625
 0.171875
 0.1875
 0.203125
 0.21875
 0.234375
 0.25
 0.265625
 0.28125
 0.296875
 0.3125
 0.328125
 0.34375
 0.359375
 0.375
 0.390625
 0.40625
 0.421875
 0.4375
 0.453125
 0.46875
 0.484375
 0.5
 0.515625
 0.53125
 0.546875
 0.5625
 0.578125
 0.59375
 0.609375
 0.625
 0.640625
 0.65625
 0.671875
 0.6875
 0.703125
 0.71875
 0.734375
 0.75
 0.765625
 0.78125
 0.796875
 0.8125
 0.828125
 0.84375
 0.859375
 0.875
 0.890625
 0.90625
 0.921875
 0.9375
 0.953125
 0.96875
 0.984375
 1


# name: U
# type: matrix
# rows: 16
# columns: 5
 -4.7614363244296326e-12 0.15415066111074432 0.30792992795854318 0.4609673647160511 0.61289432242757524
 0.61289432242598874 0.76334476348749469 0.91195620944102973 1.0583706732380376 1.2022354597623435
 1.2022354597645812 1.3432039546956733 1.4809365252292104 1.6151013903321785 1.7453753626034416
 1.7453753626021355 1.8714445711986545 1.993005280867904 2.1097646667514462 2.2214414690737643
 2.2214414690744184 2.3277666223504285 2.4284839612548343 2.5233508701988669 2.6121388256880684
 2.612138825687758 2.6946339076306933 2.770637364919093 2.8399661148148705 2.9024531521343628
 2.9024531521346026 2.9579479230091712 3.0063167284412002 3.047443054310238 3.0812278316589672
 3.0812278316589254 3.1075896585422425 3.1264650260506874 3.1378084662537491 3.1415926535849255
 3.1415926535848127 3.1378084662536376 3.126465026050576 3.1075896585421319 3.0812278316588153
 3.0812278316590174 3.0474430543102895 3.0063167284412531 2.9579479230092258 2.9024531521346586
 2.9024531521348642 2.8399661148153719 2.7706373649195943 2.6946339076311951 2.6121388256882612
 2.6121388256876612 2.5233508701984615 2.4284839612544298 2.3277666223500244 2.2214414690740156
 2.2214414690743838 2.1097646667520658 1.993005280868523 1.8714445711992729 1.7453753626027535
 1.7453753626016189 1.6151013903303575 1.4809365252273896 1.3432039546938521 1.2022354597627589
 1.2022354597634644 1.0583706732391591 0.9119562094421515 0.76334476348861635 0.61289432242710995
 0.61289432242746622 0.46096736471594346 0.30792992795843654 0.15415066111063819 -4.8675172710704566e-12


# name: P
# type: matrix
# rows: 16
# columns: 5
 1.0000000000000004 0.99879545573702122 0.99518472673124869 0.98917651049397604 0.98078528040355983
 0.98078528040355939 0.97003125174750915 0.95694033578927673 0.94154406668932467 0.92387953251184574
 0.9238795325118464 0.90398929075305057 0.88192126440116581 0.85772861242572096 0.83146961230323757
 0.83146961230323702 0.80320752827791364 0.77301045340919117 0.74095112860627743 0.70710678118728276
 0.70710678118728254 0.6715589509349682 0.63439328420190078 0.59569930844462082 0.5555702330203014
 0.55557023302030117 0.51410273972214204 0.47139673685453848 0.42755509793141561 0.38268343236568575
 0.38268343236568564 0.33688984853389592 0.29028467727215967 0.24298018478033903 0.19509032201657384
 0.19509032201657373 0.14673046939647438 0.098017140335715888 0.049067679392996097 2.6548091589624867e-13
 2.6540712870187329e-13 -0.049067679392467978 -0.098017140335190489 -0.14673046939595163 -0.19509032201605359
 -0.19509032201605356 -0.2429801847798265 -0.2902846772716548 -0.33688984853339859 -0.38268343236519592
 -0.38268343236519575 -0.4275550979309376 -0.47139673685407235 -0.51410273972168774 -0.55557023301985875
 -0.55557023301985875 -0.59569930844419516 -0.63439328420149177 -0.67155895093457585 -0.70710678118690706
 -0.70710678118690684 -0.74095112860592172 -0.77301045340885555 -0.80320752827759845 -0.83146961230294225
 -0.83146961230294247 -0.85772861242544851 -0.88192126440091612 -0.90398929075282364 -0.92387953251164223
 -0.92387953251164212 -0.94154406668914603 -0.95694033578912308 -0.97003125174738036 -0.98078528040345581
 -0.98078528040345547 -0.98917651049389788 -0.99518472673119662 -0.99879545573699524 -1.0000000000000002


# name: x
# type: range
# base, limit, increment
0 1 0.015625


# name: exata
# type: matrix
# rows: 65
# columns: 1
 1
 0.99879545620517241
 0.99518472667219693
 0.98917650996478101
 0.98078528040323043
 0.97003125319454397
 0.95694033573220882
 0.94154406518302081
 0.92387953251128674
 0.90398929312344334
 0.88192126434835505
 0.85772861000027212
 0.83146961230254524
 0.80320753148064494
 0.77301045336273699
 0.74095112535495911
 0.70710678118654757
 0.67155895484701833
 0.63439328416364549
 0.59569930449243347
 0.55557023301960229
 0.51410274419322166
 0.47139673682599781
 0.4275550934302822
 0.38268343236508984
 0.33688985339222005
 0.29028467725446233
 0.24298017990326398
 0.19509032201612833
 0.14673047445536175
 0.09801714032956077
 0.049067674327418126
 6.123233995736766e-17
 -0.049067674327418008
 -0.098017140329560645
 -0.14673047445536164
 -0.19509032201612819
 -0.24298017990326387
 -0.29028467725446216
 -0.33688985339221994
 -0.38268343236508973
 -0.42755509343028186
 -0.4713967368259977
 -0.51410274419322166
 -0.55557023301960196
 -0.59569930449243336
 -0.63439328416364538
 -0.67155895484701844
 -0.70710678118654746
 -0.74095112535495888
 -0.77301045336273699
 -0.80320753148064483
 -0.83146961230254535
 -0.85772861000027201
 -0.88192126434835494
 -0.90398929312344334
 -0.92387953251128674
 -0.9415440651830207
 -0.95694033573220882
 -0.97003125319454397
 -0.98078528040323043
 -0.98917650996478101
 -0.99518472667219682
 -0.99879545620517241
 -1


