# Created by Octave 6.3.0, Sat Sep 25 16:22:19 2021 -03 <kuroneko@kuroneko-VirtualBox>
# name: beta
# type: scalar
640


# name: Lambda
# type: matrix
# rows: 5
# columns: 1
 1
 0.70710678118654491
 1.0199248852890321e-13
 -0.70710678118640047
 -1


# name: nen
# type: scalar
5


# name: nel
# type: scalar
4


# name: h
# type: scalar
0.25


# name: xl
# type: matrix
# rows: 17
# columns: 1
 0
 0.0625
 0.125
 0.1875
 0.25
 0.3125
 0.375
 0.4375
 0.5
 0.5625
 0.625
 0.6875
 0.75
 0.8125
 0.875
 0.9375
 1


# name: U
# type: matrix
# rows: 4
# columns: 5
 1.1948113860253566e-10 0.61290958436535969 1.2022351108062075 1.7453606394246304 2.2214414686751343
 2.2214414688507542 2.6121456861490939 2.9024523096759025 3.081222271878258 3.1415926531442966
 3.1415926531475171 3.0812222718813147 2.902452309678818 2.6121456861518899 2.2214414688534503
 2.2214414686825132 1.7453606394318764 1.202235110813372 0.61290958437249377 1.2663600077649321e-10


# name: P
# type: matrix
# rows: 4
# columns: 5
 1.0000000000001865 0.98078341582360906 0.92387975383741039 0.83147170435360152 0.70710678118591308
 0.70710678118618742 0.55556550405394201 0.38268352404099393 0.19509514520278259 -5.9465987728022629e-13
 -5.8993555352560913e-13 -0.19509514520379989 -0.38268352404185318 -0.55556550405465133 -0.70710678118675407
 -0.70710678118702175 -0.83147170435433082 -0.92387975383776633 -0.98078341582359485 -0.99999999999980338


# name: x
# type: range
# base, limit, increment
0 1 0.0625


# name: exata
# type: matrix
# rows: 17
# columns: 1
 1
 0.98078528040323043
 0.92387953251128674
 0.83146961230254524
 0.70710678118654757
 0.55557023301960229
 0.38268343236508984
 0.19509032201612833
 6.123233995736766e-17
 -0.19509032201612819
 -0.38268343236508973
 -0.55557023301960196
 -0.70710678118654746
 -0.83146961230254535
 -0.92387953251128674
 -0.98078528040323043
 -1


