# Created by Octave 6.3.0, Fri Sep 24 19:46:55 2021 -03 <kuroneko@kuroneko-VirtualBox>
# name: beta
# type: scalar
0


# name: Lambda
# type: matrix
# rows: 65
# columns: 1
 1
 0.99879545632632993
 0.99518472690480919
 0.98917651029918008
 0.9807852808298072
 0.9700312537037703
 0.95694033631466124
 0.94154406582940275
 0.92387953321245164
 0.90398929387041593
 0.88192126513235358
 0.85772861081272911
 0.83146961313512813
 0.80320753232527631
 0.77301045421161407
 0.74095112620057246
 0.70710678202169908
 0.67155895566483881
 0.63439328495761094
 0.59569930525638093
 0.55557023374774506
 0.51410274488016272
 0.47139673746674243
 0.42755509402025133
 0.38268343290012996
 0.33688985386861359
 0.29028467766893645
 0.24298018025299853
 0.19509032229876302
 0.14673047466900144
 0.098017140472779776
 0.049067674399264467
 -2.9269516103754115e-15
 -0.049067674399270317
 -0.098017140472785605
 -0.14673047466900727
 -0.19509032229876885
 -0.24298018025300436
 -0.29028467766894223
 -0.3368898538686193
 -0.38268343290013568
 -0.4275550940202571
 -0.47139673746674826
 -0.51410274488016849
 -0.55557023374775094
 -0.59569930525638681
 -0.63439328495761671
 -0.67155895566484447
 -0.70710678202170441
 -0.74095112620057757
 -0.77301045421161907
 -0.80320753232528108
 -0.83146961313513279
 -0.85772861081273355
 -0.88192126513235791
 -0.90398929387041993
 -0.92387953321245531
 -0.94154406582940608
 -0.95694033631466413
 -0.97003125370377286
 -0.98078528082980942
 -0.98917651029918219
 -0.99518472690481052
 -0.9987954563263306
 -1


# name: nen
# type: scalar
2


# name: nel
# type: scalar
64


# name: h
# type: scalar
0.015625


# name: xl
# type: matrix
# rows: 65
# columns: 1
 0
 0.015625
 0.03125
 0.046875
 0.0625
 0.078125
 0.09375
 0.109375
 0.125
 0.140625
 0.15625
 0.171875
 0.1875
 0.203125
 0.21875
 0.234375
 0.25
 0.265625
 0.28125
 0.296875
 0.3125
 0.328125
 0.34375
 0.359375
 0.375
 0.390625
 0.40625
 0.421875
 0.4375
 0.453125
 0.46875
 0.484375
 0.5
 0.515625
 0.53125
 0.546875
 0.5625
 0.578125
 0.59375
 0.609375
 0.625
 0.640625
 0.65625
 0.671875
 0.6875
 0.703125
 0.71875
 0.734375
 0.75
 0.765625
 0.78125
 0.796875
 0.8125
 0.828125
 0.84375
 0.859375
 0.875
 0.890625
 0.90625
 0.921875
 0.9375
 0.953125
 0.96875
 0.984375
 1


# name: U
# type: matrix
# rows: 64
# columns: 2
 -0.15418159829471514 -3.0953306158210125e-05
 -0.30802272903105649 -0.1542434464482767
 -0.46112180601413516 -0.30808435359834974
 -0.61311000015756534 -0.46118305853614672
 -0.76362115858913293 -0.61317073307167291
 -0.91229268674490405 -0.76368122558437435
 -1.0587664218914838 -0.9123519431146363
 -1.2026894959712873 -1.0588247248818945
 -1.3437151856927336 -1.2027467051254312
 -1.4815037478168567 -1.3437711631886984
 -1.6157232376286454 -1.4815583587999512
 -1.7460503086209418 -1.6157763505362652
 -1.8721709914643785 -1.7461017954994027
 -1.9937814503871323 -1.8722207282772843
 -2.1105887151418536 -1.9938293173141659
 -2.2223113867966351 -2.1106345968673903
 -2.3286803156496991 -2.2223551727875677
 -2.4294392496346258 -2.3287219004217388
 -2.5243454516540123 -2.4294785330064261
 -2.6131702843543771 -2.5243823389884739
 -2.6956997609336319 -2.6132046867867054
 -2.7717350606539459 -2.6957315955853236
 -2.841093007818404 -2.7717642508325628
 -2.9036065130572393 -2.8411194832022364
 -2.959124975860798 -2.9036302098647724
 -3.0075146473893475 -2.9591458370043506
 -3.048658952685726 -3.0075326226125831
 -3.0824587715146783 -3.0486739986847731
 -3.1088326771521118 -3.0824708520423907
 -3.127717132549281 -3.1088417631054579
 -3.1390666433990453 -3.1277232020393959
 -3.1428538677356648 -3.1390696818039929
 -3.1390696818039925 -3.1428538677356643
 -3.127723202039395 -3.139066643399044
 -3.1088417631054597 -3.1277171325492819
 -3.082470852042396 -3.1088326771521162
 -3.0486739986847731 -3.0824587715146778
 -3.0075326226125818 -3.0486589526857264
 -2.9591458370043462 -3.0075146473893453
 -2.9036302098647693 -2.959124975860794
 -2.8411194832022417 -2.9036065130572482
 -2.7717642508325686 -2.8410930078184098
 -2.695731595585332 -2.7717350606539473
 -2.6132046867867067 -2.6956997609336355
 -2.5243823389884708 -2.6131702843543732
 -2.4294785330064261 -2.5243454516540123
 -2.328721900421733 -2.4294392496346173
 -2.2223551727875477 -2.3286803156496862
 -2.1106345968673783 -2.222311386796628
 -1.9938293173141635 -2.1105887151418514
 -1.8722207282772818 -1.9937814503871252
 -1.7461017954993874 -1.8721709914643654
 -1.615776350536245 -1.7460503086209194
 -1.4815583587999501 -1.6157232376286466
 -1.34377116318867 -1.4815037478168236
 -1.2027467051254159 -1.3437151856927159
 -1.0588247248818874 -1.2026894959712706
 -0.91235194311460555 -1.0587664218914483
 -0.76368122558435181 -0.91229268674488395
 -0.61317073307164927 -0.76362115858911395
 -0.46118305853614078 -0.61311000015756179
 -0.30808435359830116 -0.46112180601408426
 -0.15424344644823526 -0.30802272903101269
 -3.0953306121498748e-05 -0.15418159829468081


# name: P
# type: matrix
# rows: 64
# columns: 2
 -0.99989952056431297 -0.99869521877635481
 -0.9986949770686927 -0.99508497272158336
 -0.99508448988855436 -0.98907747979926863
 -0.98907675700405939 -0.98068721258635838
 -0.98068625157024614 -0.96993438397177234
 -0.96993318704992892 -0.95684489846178322
 -0.9568434685176983 -0.94145028977379164
 -0.94144863025232572 -0.92378764486883935
 -0.92378575976792499 -0.90389951460587059
 -0.90389740846688105 -0.8818338112329871
 -0.88183148912979581 -0.85764369296264542
 -0.85764116048940209 -0.83138743590886577
 -0.83138469916652047 -0.8031282936949713
 -0.80312535927657591 -0.77293434507006731
 -0.77293122004489279 -0.74087832990137226
 -0.74087502179787801 -0.70703747393750638
 -0.70703399072520356 -0.67149330276489927
 -0.67148965283515127 -0.6343314454055109
 -0.63432763755131816 -0.59564142802901787
 -0.59563747142383483 -0.55551645827642926
 -0.55551236245206426 -0.51405320071471461
 -0.51404897553836737 -0.47135154396339635
 -0.4713471996138866 -0.42751436005411514
 -0.42750990699736158 -0.382647256602896
 -0.38264270556670227 -0.33685832239215058
 -0.33685368434036156 -0.29025786697533301
 -0.29025315308142163 -0.24295815493156395
 -0.24295337655171356 -0.19507313541042573
 -0.19506830405617195 -0.14671816761848089
 -0.14671329492897928 -0.09800974290883864
 -0.098004840622824996 -0.049065204143282214
 -0.049060284070792951 -2.4630030367335817e-06
 2.4630030425847761e-06 0.049060284070798793
 0.049065204143288049 0.098004840622830824
 0.098009742908844455 0.14671329492898511
 0.14671816761848669 0.19506830405617781
 0.19507313541043156 0.24295337655171936
 0.24295815493156975 0.29025315308142746
 0.29025786697533879 0.33685368434036728
 0.3368583223921563 0.38264270556670799
 0.38264725660290172 0.42750990699736735
 0.42751436005412091 0.47134719961389249
 0.47135154396340218 0.51404897553837325
 0.51405320071472049 0.55551236245207014
 0.55551645827643514 0.59563747142384071
 0.59564142802902376 0.63432763755132404
 0.63433144540551667 0.67148965283515694
 0.67149330276490482 0.70703399072520889
 0.70703747393751171 0.74087502179788323
 0.74087832990137736 0.77293122004489789
 0.77293434507007219 0.80312535927658069
 0.80312829369497607 0.83138469916652502
 0.83138743590887043 0.85764116048940642
 0.85764369296264975 0.88183148912980014
 0.88183381123299154 0.90389740846688504
 0.90389951460587448 0.92378575976792865
 0.92378764486884302 0.94144863025232917
 0.94145028977379508 0.95684346851770119
 0.956844898461786 0.96993318704993148
 0.96993438397177478 0.98068625157024825
 0.98068721258636049 0.9890767570040615
 0.98907747979927063 0.99508448988855558
 0.99508497272158469 0.99869497706869337
 0.99869521877635536 0.99989952056431308


# name: x
# type: range
# base, limit, increment
0 1 0.015625


