# Created by Octave 6.3.0, Fri Sep 24 19:46:57 2021 -03 <kuroneko@kuroneko-VirtualBox>
# name: beta
# type: scalar
0


# name: Lambda
# type: matrix
# rows: 65
# columns: 1
 1
 0.99879545620517152
 0.99518472667219526
 0.98917650996477857
 0.98078528040322754
 0.97003125319454064
 0.95694033573220483
 0.94154406518301625
 0.92387953251128174
 0.90398929312343801
 0.8819212643483495
 0.85772861000026634
 0.83146961230253935
 0.80320753148063873
 0.77301045336273044
 0.74095112535495256
 0.70710678118654102
 0.67155895484701167
 0.63439328416363849
 0.59569930449242603
 0.55557023301959463
 0.514102744193214
 0.4713967368259897
 0.42755509343027387
 0.38268343236508134
 0.3368898533922115
 0.29028467725445373
 0.24298017990325513
 0.19509032201611937
 0.14673047445535276
 0.098017140329551514
 0.049067674327408842
 -9.2287804709949421e-15
 -0.049067674327427285
 -0.098017140329569888
 -0.14673047445537105
 -0.19509032201613752
 -0.24298017990327314
 -0.29028467725447155
 -0.33688985339222915
 -0.38268343236509866
 -0.42755509343029074
 -0.47139673682600614
 -0.51410274419322999
 -0.55557023301961028
 -0.59569930449244113
 -0.63439328416365304
 -0.67155895484702555
 -0.70710678118655446
 -0.74095112535496577
 -0.77301045336274332
 -0.80320753148065094
 -0.8314696123025509
 -0.85772861000027734
 -0.88192126434835993
 -0.90398929312344789
 -0.92387953251129074
 -0.94154406518302425
 -0.95694033573221193
 -0.97003125319454653
 -0.98078528040323265
 -0.98917650996478268
 -0.99518472667219804
 -0.99879545620517307
 -1


# name: nen
# type: scalar
3


# name: nel
# type: scalar
64


# name: h
# type: scalar
0.015625


# name: xl
# type: matrix
# rows: 129
# columns: 1
 0
 0.0078125
 0.015625
 0.0234375
 0.03125
 0.0390625
 0.046875
 0.0546875
 0.0625
 0.0703125
 0.078125
 0.0859375
 0.09375
 0.1015625
 0.109375
 0.1171875
 0.125
 0.1328125
 0.140625
 0.1484375
 0.15625
 0.1640625
 0.171875
 0.1796875
 0.1875
 0.1953125
 0.203125
 0.2109375
 0.21875
 0.2265625
 0.234375
 0.2421875
 0.25
 0.2578125
 0.265625
 0.2734375
 0.28125
 0.2890625
 0.296875
 0.3046875
 0.3125
 0.3203125
 0.328125
 0.3359375
 0.34375
 0.3515625
 0.359375
 0.3671875
 0.375
 0.3828125
 0.390625
 0.3984375
 0.40625
 0.4140625
 0.421875
 0.4296875
 0.4375
 0.4453125
 0.453125
 0.4609375
 0.46875
 0.4765625
 0.484375
 0.4921875
 0.5
 0.5078125
 0.515625
 0.5234375
 0.53125
 0.5390625
 0.546875
 0.5546875
 0.5625
 0.5703125
 0.578125
 0.5859375
 0.59375
 0.6015625
 0.609375
 0.6171875
 0.625
 0.6328125
 0.640625
 0.6484375
 0.65625
 0.6640625
 0.671875
 0.6796875
 0.6875
 0.6953125
 0.703125
 0.7109375
 0.71875
 0.7265625
 0.734375
 0.7421875
 0.75
 0.7578125
 0.765625
 0.7734375
 0.78125
 0.7890625
 0.796875
 0.8046875
 0.8125
 0.8203125
 0.828125
 0.8359375
 0.84375
 0.8515625
 0.859375
 0.8671875
 0.875
 0.8828125
 0.890625
 0.8984375
 0.90625
 0.9140625
 0.921875
 0.9296875
 0.9375
 0.9453125
 0.953125
 0.9609375
 0.96875
 0.9765625
 0.984375
 0.9921875
 1


# name: U
# type: matrix
# rows: 64
# columns: 3
 -0.15418160573797907 -0.077085173679544303 -3.0960542217234831e-05
 -0.30802273502515543 -0.23106981610321597 -0.15424345223565214
 -0.46112181056403467 -0.38449779110062693 -0.30808435794255373
 -0.61311000327176524 -0.53699947724117003 -0.46118306144612731
 -0.76362116027953109 -0.68820748460551073 -0.61317073455984006
 -0.91229268702688815 -0.83775753985961832 -0.76368122566662211
 -1.0587664207837844 -0.98528936382122123 -0.91235194181012524
 -1.2026894934959969 -1.1304475394042504 -1.0588247222132305
 -1.343715181875254 -1.2728823678493948 -1.2027467011184565
 -1.4815037426858066 -1.4122507111789895 -1.3437711578725093
 -1.6157232312158416 -1.5482168188468222 -1.4815583522067928
 -1.7460503009612083 -1.6804531365902473 -1.6157763427014236
 -1.8721709825956372 -1.8086410955373533 -1.7461017864611936
 -1.9937814403501617 -1.932471879667037 -1.8722207180769319
 -2.1105887039802655 -2.0516471697740806 -1.9938293059956347
 -2.2223113745567367 -2.1658798621460393 -2.1106345844773733
 -2.3286803023804596 -2.2748947602214753 -2.222355159375395
 -2.4294392353874037 -2.3784292375622509 -2.3287218860391339
 -2.5243454364825775 -2.4762338705439646 -2.4294785177074698
 -2.613170268314704 -2.5680730392390494 -2.524382322829462
 -2.6956997440837691 -2.6537254950459901 -2.6132046698259677
 -2.7717350430539383 -2.7329848936964551 -2.6957315778831572
 -2.841092989530082 -2.8056602923568197 -2.7717642324510545
 -2.903606494144066 -2.8715766096260444 -2.8411194642050726
 -2.9591249563877819 -2.930575047322288 -2.9036301903171693
 -3.0075146274228191 -2.9825134730414771 -2.959145816972796
 -3.0486589322932249 -3.0272667625667635 -3.0075326021648006
 -3.0824587507647645 -3.0647271013038115 -3.0486739778894449
 -3.1088326561142003 -3.0948042440154149 -3.0824708309690463
 -3.1277171112934834 -3.1174257322303416 -3.1088417418242837
 -3.1390666219959851 -3.1325370688020726 -3.1277231806210888
 -3.142853846256342 -3.140101849197225 -3.1390696603195849
 -3.1390696603195831 -3.1401018491972237 -3.142853846256342
 -3.127723180621083 -3.1325370688020664 -3.1390666219959806
 -3.1088417418242793 -3.1174257322303358 -3.1277171112934714
 -3.0824708309690338 -3.0948042440153953 -3.1088326561141901
 -3.0486739778894378 -3.064727101303804 -3.0824587507647525
 -3.0075326021647868 -3.0272667625667622 -3.0486589322932116
 -2.9591458169727995 -2.9825134730414664 -3.0075146274228124
 -2.9036301903171449 -2.9305750473222711 -2.9591249563877606
 -2.8411194642050588 -2.871576609626052 -2.9036064941440594
 -2.7717642324510119 -2.8056602923567548 -2.8410929895300492
 -2.6957315778831599 -2.7329848936964605 -2.7717350430539294
 -2.6132046698259677 -2.6537254950460007 -2.6956997440837691
 -2.52438232282943 -2.5680730392390596 -2.6131702683146787
 -2.4294785177074409 -2.4762338705439397 -2.5243454364825433
 -2.3287218860391179 -2.3784292375622287 -2.4294392353873855
 -2.2223551593753963 -2.2748947602214593 -2.3286803023804579
 -2.1106345844773897 -2.1658798621460669 -2.2223113745567473
 -1.9938293059956358 -2.0516471697740721 -2.1105887039802531
 -1.8722207180769133 -1.9324718796670333 -1.993781440350139
 -1.7461017864611292 -1.8086410955372685 -1.872170982595581
 -1.6157763427014253 -1.6804531365902944 -1.7460503009611819
 -1.4815583522067799 -1.5482168188468064 -1.6157232312157814
 -1.3437711578724607 -1.4122507111788705 -1.481503742685748
 -1.2027467011183577 -1.2728823678491894 -1.3437151818751554
 -1.0588247222131801 -1.1304475394041893 -1.2026894934959342
 -0.91235194181003865 -0.98528936382110732 -1.0587664207836949
 -0.76368122566649443 -0.83775753985945756 -0.91229268702681043
 -0.61317073455976001 -0.6882074846053996 -0.76362116027947591
 -0.46118306144611637 -0.53699947724121733 -0.61311000327173026
 -0.30808435794247757 -0.38449779110053822 -0.46112181056395274
 -0.15424345223562405 -0.23106981610320385 -0.30802273502509897
 -3.0960542126344984e-05 -0.07708517367945876 -0.15418160573787695


