# Created by Octave 6.3.0, Fri Sep 24 19:47:00 2021 -03 <kuroneko@kuroneko-VirtualBox>
# name: beta
# type: scalar
0


# name: Lambda
# type: matrix
# rows: 257
# columns: 1
 1
 0.99992470183914806
 0.99969881869621124
 0.99932238458835998
 0.9987954562051865
 0.99811811290016672
 0.99729045667871097
 0.99631261218280198
 0.99518472667222413
 0.99390697000238648
 0.99247953459874383
 0.9909026354278172
 0.98917650996482143
 0.98730141815790184
 0.98527764238898774
 0.98310548743126569
 0.98078528040328272
 0.97831737071968272
 0.97570213003858597
 0.97293995220562002
 0.97003125319460592
 0.96697647104491624
 0.96377606579550612
 0.96043051941563407
 0.9569403357322791
 0.95330604035426603
 0.94952818059311084
 0.94560732538059744
 0.94154406518309863
 0.93733901191265434
 0.93299279883481989
 0.92850608047329797
 0.92387953251137056
 0.91911385169014281
 0.91420975570361707
 0.90916798309060998
 0.90398929312353205
 0.89867446569404363
 0.89322430119560592
 0.88763962040294531
 0.88192126434844687
 0.87607009419549886
 0.87008699110880405
 0.86397285612167973
 0.85772861000036515
 0.85135519310535834
 0.84485356524980026
 0.83822470555493112
 0.83146961230263805
 0.82458930278511788
 0.81758481315167619
 0.81045719825268703
 0.80320753148073676
 0.79583690460897505
 0.78834642762669738
 0.78073722857218497
 0.7730104533628267
 0.76516726562254778
 0.75720884650657261
 0.74913639452354663
 0.74095112535504559
 0.73265427167249852
 0.7242470829515516
 0.71573082528390219
 0.70710678118662984
 0.69837624940905385
 0.68954054473714654
 0.68060099779553118
 0.67155895484709494
 0.66241577759024661
 0.65317284295384981
 0.64383154288986255
 0.63439328416371465
 0.62485948814245351
 0.61523159058069199
 0.60551104140438861
 0.59569930449249431
 0.58579785745649759
 0.57580819141790174
 0.56573181078366741
 0.55557023301965414
 0.54532498842209609
 0.53499761988714456
 0.52458968267851391
 0.51410274419326429
 0.50353838372575765
 0.49289819222982167
 0.48218377207915786
 0.47139673682603028
 0.46053871095827004
 0.44961132965463396
 0.43861623853855225
 0.42755509343030396
 0.41642956009765625
 0.40524131400500613
 0.39399204006106159
 0.38268343236510044
 0.37131719395184537
 0.35989503653499316
 0.34841868024943679
 0.33688985339221944
 0.32531029216225948
 0.31368174039888513
 0.30200594931921876
 0.29028467725445006
 0.27851968938503779
 0.26671275747487999
 0.25486565960449314
 0.24298017990323939
 0.23105810828064349
 0.21910124015683902
 0.20711137619218459
 0.19509032201609111
 0.18303988795510062
 0.17096188876025775
 0.15885814333381482
 0.14673047445531193
 0.13458070850707318
 0.12241067519915998
 0.11022220729382361
 0.098017140329497918
 0.085797312344373974
 0.073564563599598273
 0.061320736302136192
 0.049067674327342367
 0.036807222941279936
 0.024541228522830139
 0.012271538285634521
 -8.8656042025338822e-14
 -0.012271538285811829
 -0.024541228523007434
 -0.036807222941457218
 -0.049067674327519628
 -0.061320736302313411
 -0.073564563599775465
 -0.085797312344551124
 -0.098017140329675012
 -0.11022220729400062
 -0.12241067519933689
 -0.13458070850724999
 -0.14673047445548865
 -0.1588581433339914
 -0.17096188876043422
 -0.18303988795527695
 -0.19509032201626719
 -0.20711137619236045
 -0.21910124015701463
 -0.23105810828081885
 -0.2429801799034145
 -0.25486565960466806
 -0.26671275747505468
 -0.27851968938521227
 -0.29028467725462431
 -0.30200594931939279
 -0.31368174039905888
 -0.32531029216243307
 -0.3368898533923928
 -0.34841868024960992
 -0.35989503653516602
 -0.3713171939520179
 -0.38268343236527247
 -0.39399204006123317
 -0.40524131400517716
 -0.41642956009782672
 -0.42755509343047388
 -0.43861623853872156
 -0.44961132965480261
 -0.46053871095843796
 -0.47139673682619748
 -0.48218377207932445
 -0.49289819222998749
 -0.50353838372592263
 -0.5141027441934285
 -0.52458968267867723
 -0.53499761988730687
 -0.54532498842225741
 -0.55557023301981445
 -0.56573181078382662
 -0.57580819141805983
 -0.58579785745665447
 -0.59569930449264985
 -0.60551104140454293
 -0.61523159058084498
 -0.62485948814260528
 -0.63439328416386498
 -0.64383154289001143
 -0.65317284295399702
 -0.66241577759039227
 -0.67155895484723915
 -0.68060099779567396
 -0.68954054473728787
 -0.69837624940919374
 -0.70710678118676829
 -0.7157308252840392
 -0.72424708295168705
 -0.73265427167263253
 -0.74095112535517826
 -0.74913639452367786
 -0.75720884650670228
 -0.76516726562267579
 -0.77301045336295282
 -0.78073722857230932
 -0.78834642762681995
 -0.79583690460909595
 -0.80320753148085589
 -0.81045719825280416
 -0.81758481315179143
 -0.82458930278523124
 -0.83146961230274952
 -0.83822470555504047
 -0.84485356524990751
 -0.85135519310546359
 -0.85772861000046852
 -0.86397285612178087
 -0.8700869911089032
 -0.87607009419559589
 -0.88192126434854168
 -0.8876396204030379
 -0.8932243011956964
 -0.89867446569413212
 -0.90398929312361875
 -0.9091679830906948
 -0.91420975570369989
 -0.91911385169022364
 -0.92387953251144916
 -0.92850608047337457
 -0.93299279883489428
 -0.93733901191272651
 -0.94154406518316835
 -0.94560732538066494
 -0.94952818059317623
 -0.95330604035432931
 -0.95694033573234016
 -0.96043051941569269
 -0.96377606579556241
 -0.96697647104497009
 -0.97003125319465744
 -0.97293995220566909
 -0.97570213003863282
 -0.97831737071972702
 -0.98078528040332491
 -0.98310548743130555
 -0.98527764238902515
 -0.98730141815793704
 -0.98917650996485418
 -0.99090263542784784
 -0.99247953459877247
 -0.9939069700024129
 -0.99518472667224789
 -0.99631261218282308
 -0.99729045667872906
 -0.99811811290018171
 -0.99879545620519861
 -0.99932238458836931
 -0.99969881869621746
 -0.99992470183915116
 -1


# name: nen
# type: scalar
3


# name: nel
# type: scalar
256


# name: h
# type: scalar
0.00390625


