# Created by Octave 6.3.0, Fri Sep 24 19:46:56 2021 -03 <kuroneko@kuroneko-VirtualBox>
# name: beta
# type: scalar
0


# name: Lambda
# type: matrix
# rows: 257
# columns: 1
 1
 0.99992470183926563
 0.99969881869644406
 0.9993223845887057
 0.9987954562056427
 0.99811811290073105
 0.99729045667938132
 0.99631261218357581
 0.9951847266730991
 0.99390697000336026
 0.99247953459981408
 0.99090263542898149
 0.98917650996607742
 0.98730141815924743
 0.98527764239042059
 0.98310548743278359
 0.98078528040488333
 0.97831737072136393
 0.97570213004034601
 0.97293995220745644
 0.97003125319651684
 0.96697647104689932
 0.96377606579755914
 0.96043051941775515
 0.95694033573446602
 0.95330604035651634
 0.94952818059542232
 0.94560732538296788
 0.94154406518552591
 0.93733901191513658
 0.93299279883735475
 0.92850608047588357
 0.92387953251400479
 0.91911385169282367
 0.91420975570634222
 0.90916798309337732
 0.90398929312633958
 0.89867446569688936
 0.89322430119848784
 0.88763962040586142
 0.8819212643513954
 0.87607009419847781
 0.87008699111181154
 0.86397285612471364
 0.85772861000342371
 0.85135519310843943
 0.84485356525290212
 0.83822470555805162
 0.83146961230577532
 0.82458930278826992
 0.81758481315484099
 0.81045719825586282
 0.80320753148392188
 0.79583690461216761
 0.78834642762989537
 0.78073722857538663
 0.77301045336603036
 0.76516726562575177
 0.75720884650977494
 0.74913639452674541
 0.74095112535823915
 0.73265427167568509
 0.7242470829547295
 0.71573082528706977
 0.70710678118978554
 0.698376249412196
 0.68954054474027371
 0.68060099779864192
 0.67155895485018757
 0.66241577759331971
 0.65317284295690203
 0.64383154289289235
 0.63439328416672047
 0.62485948814543402
 0.61523159058364563
 0.60551104140731415
 0.59569930449539032
 0.58579785745936264
 0.57580819142073447
 0.5657318107864665
 0.55557023302241837
 0.54532498842482413
 0.53499761988983519
 0.52458968268116579
 0.51410274419587632
 0.50353838372832871
 0.49289819223235048
 0.48218377208164326
 0.47139673682847111
 0.46053871096066534
 0.44961132965698275
 0.43861623854085369
 0.42755509343255699
 0.41642956009985982
 0.40524131400715924
 0.3939920400631633
 0.3826834323671498
 0.37131719395384155
 0.35989503653693528
 0.34841868025132394
 0.33688985339405086
 0.32531029216403434
 0.3136817404006027
 0.30200594932087838
 0.290284677256051
 0.27851968938657945
 0.26671275747636175
 0.25486565960591429
 0.24298017990459936
 0.23105810828194182
 0.21910124015807514
 0.20711137619335804
 0.19509032201720139
 0.18303988795614726
 0.1709618887612403
 0.15885814333473286
 0.14673047445616516
 0.13458070850786127
 0.12241067519988263
 0.11022220729448055
 0.098017140330088889
 0.085797312344898749
 0.073564563600056643
 0.061320736302527976
 0.049067674327667454
 0.036807222941538188
 0.024541228523021475
 0.012271538285758886
 -3.1296240362379209e-14
 -0.012271538285821478
 -0.024541228523084067
 -0.036807222941600784
 -0.04906767432773005
 -0.061320736302590578
 -0.073564563600119245
 -0.085797312344961352
 -0.098017140330151506
 -0.11022220729454316
 -0.12241067519994521
 -0.13458070850792384
 -0.14673047445622772
 -0.15885814333479539
 -0.17096188876130275
 -0.18303988795620965
 -0.19509032201726365
 -0.20711137619342018
 -0.2191012401581372
 -0.23105810828200379
 -0.24298017990466125
 -0.25486565960597607
 -0.26671275747642337
 -0.27851968938664096
 -0.29028467725611246
 -0.30200594932093966
 -0.31368174040066388
 -0.32531029216409535
 -0.33688985339411165
 -0.34841868025138456
 -0.35989503653699578
 -0.37131719395390195
 -0.38268343236721003
 -0.39399204006322336
 -0.40524131400721913
 -0.41642956009991949
 -0.42755509343261644
 -0.43861623854091303
 -0.44961132965704198
 -0.46053871096072435
 -0.47139673682852978
 -0.4821837720817016
 -0.49289819223240844
 -0.50353838372838633
 -0.51410274419593371
 -0.52458968268122286
 -0.53499761988989192
 -0.54532498842488064
 -0.55557023302247466
 -0.56573181078652257
 -0.57580819142079032
 -0.58579785745941815
 -0.59569930449544539
 -0.60551104140736889
 -0.61523159058370003
 -0.62485948814548797
 -0.6343932841667741
 -0.64383154289294564
 -0.65317284295695499
 -0.66241577759337245
 -0.67155895485024009
 -0.6806009977986941
 -0.68954054474032567
 -0.69837624941224774
 -0.70710678118983672
 -0.71573082528712051
 -0.72424708295477969
 -0.73265427167573471
 -0.74095112535828833
 -0.74913639452679415
 -0.75720884650982312
 -0.76516726562579951
 -0.77301045336607777
 -0.78073722857543359
 -0.78834642762994178
 -0.79583690461221379
 -0.80320753148396795
 -0.81045719825590867
 -0.81758481315488662
 -0.82458930278831521
 -0.83146961230582028
 -0.83822470555809614
 -0.84485356525294641
 -0.85135519310848351
 -0.85772861000346745
 -0.86397285612475694
 -0.87008699111185439
 -0.87607009419852033
 -0.88192126435143747
 -0.88763962040590294
 -0.8932243011985288
 -0.89867446569692966
 -0.90398929312637932
 -0.9091679830934164
 -0.91420975570638074
 -0.91911385169286164
 -0.92387953251404242
 -0.92850608047592065
 -0.93299279883739106
 -0.93733901191517188
 -0.94154406518556044
 -0.9456073253830013
 -0.94952818059545474
 -0.95330604035654776
 -0.95694033573449633
 -0.96043051941778446
 -0.96377606579758734
 -0.96697647104692619
 -0.97003125319654238
 -0.97293995220748064
 -0.97570213004036888
 -0.97831737072138547
 -0.98078528040490354
 -0.98310548743280235
 -0.9852776423904378
 -0.9873014181592632
 -0.98917650996609163
 -0.99090263542899437
 -0.99247953459982585
 -0.99390697000337103
 -0.99518472667310875
 -0.99631261218358436
 -0.99729045667938854
 -0.99811811290073715
 -0.99879545620564758
 -0.99932238458870948
 -0.9996988186964465
 -0.99992470183926685
 -1


# name: nen
# type: scalar
2


# name: nel
# type: scalar
256


# name: h
# type: scalar
0.00390625


