# Created by Octave 6.3.0, Fri Sep 24 19:47:09 2021 -03 <kuroneko@kuroneko-VirtualBox>
# name: beta
# type: scalar
0


# name: Lambda
# type: matrix
# rows: 17
# columns: 1
 1
 0.98078528040325508
 0.92387953251132759
 0.83146961230259386
 0.70710678118659676
 0.5555702330196457
 0.38268343236512248
 0.19509032201614684
 2.6892068818698799e-15
 -0.19509032201614154
 -0.38268343236511737
 -0.55557023301964092
 -0.70710678118659254
 -0.83146961230259053
 -0.92387953251132504
 -0.98078528040325375
 -1


# name: nen
# type: scalar
5


# name: nel
# type: scalar
16


# name: h
# type: scalar
0.0625


# name: xl
# type: matrix
# rows: 65
# columns: 1
 0
 0.015625
 0.03125
 0.046875
 0.0625
 0.078125
 0.09375
 0.109375
 0.125
 0.140625
 0.15625
 0.171875
 0.1875
 0.203125
 0.21875
 0.234375
 0.25
 0.265625
 0.28125
 0.296875
 0.3125
 0.328125
 0.34375
 0.359375
 0.375
 0.390625
 0.40625
 0.421875
 0.4375
 0.453125
 0.46875
 0.484375
 0.5
 0.515625
 0.53125
 0.546875
 0.5625
 0.578125
 0.59375
 0.609375
 0.625
 0.640625
 0.65625
 0.671875
 0.6875
 0.703125
 0.71875
 0.734375
 0.75
 0.765625
 0.78125
 0.796875
 0.8125
 0.828125
 0.84375
 0.859375
 0.875
 0.890625
 0.90625
 0.921875
 0.9375
 0.953125
 0.96875
 0.984375
 1


# name: U
# type: matrix
# rows: 16
# columns: 5
 -0.61487102709619157 -0.46072035053135874 -0.30694114167438413 -0.15390362996296816 -0.0019767046639677156
 -1.2080896101096368 -1.0576391063307129 -0.90902784908413747 -0.76261318026896585 -0.61874847277335454
 -1.7548819869109631 -1.6139133844044864 -1.4761811260420814 -1.3420159337354138 -1.211742084072126
 -2.2342352331044162 -2.1081658762086497 -1.9866055901782591 -1.8698457674796924 -1.7581691266327937
 -2.6277280722631677 -2.5214027356630324 -2.4206859155849267 -2.3258184770012149 -2.2370307156495586
 -2.9202387952517674 -2.8377435020049342 -2.761740638792102 -2.6924112867856813 -2.6299244688051924
 -3.1005263790275723 -3.0450313769895829 -2.996663218052424 -2.9555362407405275 -2.9217516995032131
 -3.1616624728525666 -3.1353004038297994 -3.1164257103910553 -3.1050815944475625 -3.1012976509265755
 -3.1012976509265719 -3.1050815944475643 -3.1164257103910629 -3.1353004038297931 -3.161662472852568
 -2.9217516995031914 -2.9555362407404808 -2.9966632180523476 -3.0450313769895136 -3.1005263790275492
 -2.6299244688051258 -2.6924112867855654 -2.7617406387919687 -2.8377435020048147 -2.9202387952517244
 -2.2370307156495541 -2.3258184770011519 -2.4206859155848384 -2.5214027356629489 -2.6277280722631349
 -1.7581691266327844 -1.8698457674796014 -1.9866055901780411 -2.1081658762084405 -2.2342352331043296
 -1.2117420840720703 -1.3420159337352706 -1.4761811260418911 -1.6139133844043294 -1.7548819869108876
 -0.61874847277324374 -0.76261318026873315 -0.90902784908389522 -1.0576391063305546 -1.2080896101095735
 -0.001976704663925652 -0.15390362996291151 -0.30694114167434894 -0.46072035053133609 -0.61487102709620312


# name: P
# type: matrix
# rows: 16
# columns: 5
 -1.0000000002602856 -0.99159718431473209 -0.98560055375460276 -0.98200141027136001 -0.98078527995445586
 -0.980785281362624 -0.96308643465903199 -0.94772447720499275 -0.93466787274400176 -0.92387953137069034
 -0.92387953413291091 -0.89756481342447259 -0.87342788048639741 -0.85141557303486615 -0.83146961051395263
 -0.8314696145240752 -0.79755027977015081 -0.76556594014470247 -0.73544385033334914 -0.70710677881868778
 -0.70710678392260529 -0.66688633613560677 -0.62828373005756721 -0.59120943290517991 -0.55557023016346663
 -0.55557023616503876 -0.51059432459753329 -0.46685692856989097 -0.42425516852453093 -0.38268342913043479
 -0.38268343579902442 -0.3346804595097696 -0.28748907713365268 -0.2409970159425211 -0.19509031852725764
 -0.19509032560659453 -0.14590501205400772 -0.09707318168889853 -0.048477483190522495 3.6090120197895839e-09
 -3.6090174082124216e-09 0.048477483190517034 0.097073181688893048 0.14590501205400233 0.19509032560658932
 0.19509031852725248 0.24099701594251569 0.2874890771336473 0.33468045950976444 0.38268343579901937
 0.38268342913042996 0.42425516852452566 0.46685692856988575 0.5105943245975284 0.55557023616503409
 0.55557023016346174 0.59120943290517536 0.62828373005756277 0.66688633613560244 0.70710678392260118
 0.70710677881868356 0.73544385033334503 0.76556594014469848 0.79755027977014714 0.83146961452407153
 0.83146961051394952 0.85141557303486293 0.87342788048639453 0.89756481342446981 0.92387953413290802
 0.92387953137068823 0.93466787274399954 0.94772447720499087 0.96308643465903032 0.98078528136262222
 0.98078527995445453 0.98200141027135901 0.98560055375460209 0.99159718431473176 1.0000000002602858


# name: x
# type: range
# base, limit, increment
0 1 0.015625


# name: exata
# type: matrix
# rows: 65
# columns: 1
 1
 0.99879545620517241
 0.99518472667219693
 0.98917650996478101
 0.98078528040323043
 0.97003125319454397
 0.95694033573220882
 0.94154406518302081
 0.92387953251128674
 0.90398929312344334
 0.88192126434835505
 0.85772861000027212
 0.83146961230254524
 0.80320753148064494
 0.77301045336273699
 0.74095112535495911
 0.70710678118654757
 0.67155895484701833
 0.63439328416364549
 0.59569930449243347
 0.55557023301960229
 0.51410274419322166
 0.47139673682599781
 0.4275550934302822
 0.38268343236508984
 0.33688985339222005
 0.29028467725446233
 0.24298017990326398
 0.19509032201612833
 0.14673047445536175
 0.09801714032956077
 0.049067674327418126
 6.123233995736766e-17
 -0.049067674327418008
 -0.098017140329560645
 -0.14673047445536164
 -0.19509032201612819
 -0.24298017990326387
 -0.29028467725446216
 -0.33688985339221994
 -0.38268343236508973
 -0.42755509343028186
 -0.4713967368259977
 -0.51410274419322166
 -0.55557023301960196
 -0.59569930449243336
 -0.63439328416364538
 -0.67155895484701844
 -0.70710678118654746
 -0.74095112535495888
 -0.77301045336273699
 -0.80320753148064483
 -0.83146961230254535
 -0.85772861000027201
 -0.88192126434835494
 -0.90398929312344334
 -0.92387953251128674
 -0.9415440651830207
 -0.95694033573220882
 -0.97003125319454397
 -0.98078528040323043
 -0.98917650996478101
 -0.99518472667219682
 -0.99879545620517241
 -1


