# Created by Octave 6.3.0, Fri Sep 24 19:46:56 2021 -03 <kuroneko@kuroneko-VirtualBox>
# name: beta
# type: scalar
0


# name: Lambda
# type: matrix
# rows: 17
# columns: 1
 1
 0.98078528038816826
 0.92387953248652888
 0.83146961227314675
 0.70710678115705816
 0.55557023299389108
 0.38268343234619662
 0.19509032200614707
 -1.7023419710919068e-15
 -0.19509032200615037
 -0.38268343234619967
 -0.55557023299389385
 -0.70710678115706072
 -0.83146961227314875
 -0.9238795324865301
 -0.98078528038816881
 -1


# name: nen
# type: scalar
3


# name: nel
# type: scalar
16


# name: h
# type: scalar
0.0625


# name: xl
# type: matrix
# rows: 33
# columns: 1
 0
 0.03125
 0.0625
 0.09375
 0.125
 0.15625
 0.1875
 0.21875
 0.25
 0.28125
 0.3125
 0.34375
 0.375
 0.40625
 0.4375
 0.46875
 0.5
 0.53125
 0.5625
 0.59375
 0.625
 0.65625
 0.6875
 0.71875
 0.75
 0.78125
 0.8125
 0.84375
 0.875
 0.90625
 0.9375
 0.96875
 1


# name: U
# type: matrix
# rows: 16
# columns: 3
 -0.61487102729385223 -0.30707611296034271 -0.0019767048440718941
 -1.2080896101179175 -0.90942757551165965 -0.61874847276478462
 -1.7548819867405607 -1.4768302463598477 -1.2117420838862354
 -2.2342352327728379 -1.987479159067302 -1.7581691262876582
 -2.6277280717941696 -2.4217503622939058 -2.2370307151694031
 -2.9202387946742756 -2.7629550572417489 -2.6299244682194129
 -3.1005263783747785 -2.9979809388337917 -2.9217516988453265
 -3.161662472160502 -3.1177960942444658 -3.1012976502327851
 -3.1012976502327834 -3.1177960942444649 -3.1616624721605007
 -2.9217516988453207 -2.9979809388337832 -3.1005263783747727
 -2.6299244682194032 -2.7629550572417383 -2.9202387946742721
 -2.2370307151694022 -2.4217503622939018 -2.6277280717941691
 -1.7581691262876484 -1.9874791590672951 -2.234235232772833
 -1.2117420838862085 -1.4768302463598117 -1.7548819867405325
 -0.61874847276476541 -0.90942757551162556 -1.2080896101179022
 -0.0019767048440588368 -0.3070761129603265 -0.61487102729384102


# name: P
# type: matrix
# rows: 16
# columns: 3
 -0.99999924561840203 -0.98560029642518887 -0.9807901416445225
 -0.98077893935907934 -0.94772422975191462 -0.92388982256548036
 -0.92386784849214121 -0.87342765242359111 -0.83148493573273174
 -0.83145303432281159 -0.76556574024026136 -0.70712654912531869
 -0.7070859463321103 -0.62828356599678981 -0.55559368579889279
 -0.55554594196496887 -0.46685680665993834 -0.38270966870979561
 -0.38265661860391897 -0.28748900206116873 -0.19511833367960385
 -0.19506201598759243 -0.097073156339904224 -2.8710510411099397e-05
 2.8710510414475809e-05 0.09707315633990754 0.19506201598759568
 0.19511833367960718 0.28748900206117189 0.38265661860392197
 0.38270966870979883 0.46685680665994123 0.55554594196497153
 0.55559368579889545 0.62828356599679236 0.70708594633211275
 0.70712654912532125 0.76556574024026358 0.83145303432281348
 0.83148493573273408 0.87342765242359266 0.92386784849214199
 0.92388982256548169 0.9477242297519155 0.98077893935907978
 0.98079014164452316 0.98560029642518909 0.99999924561840181


# name: x
# type: range
# base, limit, increment
0 1 0.03125


# name: exata
# type: matrix
# rows: 33
# columns: 1
 1
 0.99518472667219693
 0.98078528040323043
 0.95694033573220882
 0.92387953251128674
 0.88192126434835505
 0.83146961230254524
 0.77301045336273699
 0.70710678118654757
 0.63439328416364549
 0.55557023301960229
 0.47139673682599781
 0.38268343236508984
 0.29028467725446233
 0.19509032201612833
 0.09801714032956077
 6.123233995736766e-17
 -0.098017140329560645
 -0.19509032201612819
 -0.29028467725446216
 -0.38268343236508973
 -0.4713967368259977
 -0.55557023301960196
 -0.63439328416364538
 -0.70710678118654746
 -0.77301045336273699
 -0.83146961230254535
 -0.88192126434835494
 -0.92387953251128674
 -0.95694033573220882
 -0.98078528040323043
 -0.99518472667219682
 -1


