# Created by Octave 6.3.0, Fri Sep 24 19:47:00 2021 -03 <kuroneko@kuroneko-VirtualBox>
# name: beta
# type: scalar
0


# name: Lambda
# type: matrix
# rows: 5
# columns: 1
 1
 0.70710678130798732
 1.4062824978585296e-15
 -0.70710678130798543
 -1


# name: nen
# type: scalar
4


# name: nel
# type: scalar
4


# name: h
# type: scalar
0.25


# name: xl
# type: matrix
# rows: 13
# columns: 1
 0
 0.083333333333333329
 0.16666666666666666
 0.25
 0.33333333333333331
 0.41666666666666663
 0.49999999999999994
 0.58333333333333326
 0.66666666666666663
 0.75
 0.83333333333333337
 0.91666666666666674
 1


# name: U
# type: matrix
# rows: 4
# columns: 4
 -2.3431457507088354 -1.5285387652122981 -0.77391866757866568 -0.12170428181455417
 -3.4354127827423495 -2.9355989216133911 -2.6230250427342265 -2.5152615983083249
 -2.515261598308332 -2.6230250427342323 -2.9355989216133946 -3.4354127827423513
 -0.12170428181455449 -0.77391866757865757 -1.5285387652123021 -2.3431457507088385


# name: P
# type: matrix
# rows: 4
# columns: 4
 -1.0000908518132661 -0.83885576033010001 -0.74349308081410714 -0.70718636226974796
 -0.70715568421271291 -0.44282811242418751 -0.21260223805423223 -2.169266216462545e-05
 2.1692662161877458e-05 0.21260223805422995 0.44282811242418563 0.70715568421271102
 0.70718636226974629 0.74349308081410592 0.83885576033009945 1.0000908518132656


# name: x
# type: range
# base, limit, increment
0 1 0.083333333333333329


# name: exata
# type: matrix
# rows: 13
# columns: 1
 1
 0.96592582628906831
 0.86602540378443871
 0.70710678118654757
 0.50000000000000011
 0.25881904510252096
 2.8327694488239898e-16
 -0.25881904510252041
 -0.49999999999999978
 -0.70710678118654746
 -0.86602540378443871
 -0.96592582628906831
 -1


