# Created by Octave 6.2.0, Mon Aug 23 15:11:52 2021 -03 <kuroneko@kuroneko-VirtualBox>
# name: alfa
# type: scalar
0


# name: beta
# type: scalar
100


# name: h
# type: scalar
0.25


# name: xlU1
# type: matrix
# rows: 4
# columns: 1
 0
 0.25
 0.5
 0.75


# name: xlU2
# type: matrix
# rows: 4
# columns: 1
 0.25
 0.5
 0.75
 1


# name: U
# type: matrix
# rows: 4
# columns: 2
 0.98828107209056115 0.7176002723752738
 0.70102720558927256 0.0031211096463003374
 0.0031211096463003339 -0.71318635678382225
 -0.69661328999782113 -1.011718927909439


# name: x
# type: range
# base, limit, increment
0 1 0.25


# name: exata
# type: matrix
# rows: 5
# columns: 1
 1
 0.70710678118654757
 6.123233995736766e-17
 -0.70710678118654746
 -1


