# Created by Octave 6.2.0, Mon Aug 23 15:11:52 2021 -03 <kuroneko@kuroneko-VirtualBox>
# name: alfa
# type: scalar
0


# name: beta
# type: scalar
100


# name: h
# type: scalar
0.0625


# name: xlU1
# type: matrix
# rows: 16
# columns: 1
 0
 0.0625
 0.125
 0.1875
 0.25
 0.3125
 0.375
 0.4375
 0.5
 0.5625
 0.625
 0.6875
 0.75
 0.8125
 0.875
 0.9375


# name: xlU2
# type: matrix
# rows: 16
# columns: 1
 0.0625
 0.125
 0.1875
 0.25
 0.3125
 0.375
 0.4375
 0.5
 0.5625
 0.625
 0.6875
 0.75
 0.8125
 0.875
 0.9375
 1


# name: U
# type: matrix
# rows: 16
# columns: 2
 0.99692564168473485 0.98383986320097294
 0.97780929243637815 0.92679695388761907
 0.92111628044145999 0.83413775739008345
 0.8290252863571379 0.70942311466589081
 0.70507531544084812 0.55744573949415399
 0.55402969556295867 0.38404603717282926
 0.38169302518801751 0.19588766101845159
 0.19468810591101546 0.0002014319062007425
 0.00020143190620074218 -0.19549253812124107
 -0.19429298301380493 -0.38367383954216211
 -0.38132082755735036 -0.55711077047624558
 -0.55369472654505025 -0.70913824693224681
 -0.70479044770720423 -0.83391393824795257
 -0.82880146721500714 -0.9266427845811136
 -0.92096211113495463 -0.98376126837008293
 -0.97773069760548814 -1.0030743583152653


# name: x
# type: range
# base, limit, increment
0 1 0.0625


# name: exata
# type: matrix
# rows: 17
# columns: 1
 1
 0.98078528040323043
 0.92387953251128674
 0.83146961230254524
 0.70710678118654757
 0.55557023301960229
 0.38268343236508984
 0.19509032201612833
 6.123233995736766e-17
 -0.19509032201612819
 -0.38268343236508973
 -0.55557023301960196
 -0.70710678118654746
 -0.83146961230254535
 -0.92387953251128674
 -0.98078528040323043
 -1


