# Created by Octave 6.3.0, Fri Sep 24 21:23:28 2021 -03 <kuroneko@kuroneko-VirtualBox>
# name: beta
# type: scalar
400


# name: Lambda
# type: matrix
# rows: 5
# columns: 1
 1
 0.70710678118654757
 6.123233995736766e-17
 -0.70710678118654746
 -1


# name: nen
# type: scalar
2


# name: nel
# type: scalar
4


# name: h
# type: scalar
0.25


# name: xl
# type: matrix
# rows: 5
# columns: 1
 0
 0.25
 0.5
 0.75
 1


# name: U
# type: matrix
# rows: 4
# columns: 2
 -42.145811933893071 39.802666183385497
 -19.807865271076253 14.151011021583827
 14.133260225878058 -19.790114475370419
 39.795313563061086 -42.138459313568774


# name: P
# type: matrix
# rows: 4
# columns: 2
 0.90049413433076153 0.80691900603596423
 0.66617807972004117 0.041668317954250148
 0.04162394096498559 -0.74799110566378924
 -0.60731293788794161 -1.0994874841184277


# name: x
# type: range
# base, limit, increment
0 1 0.25


# name: exata
# type: matrix
# rows: 5
# columns: 1
 1
 0.70710678118654757
 6.123233995736766e-17
 -0.70710678118654746
 -1


