# Created by Octave 6.3.0, Fri Sep 24 21:23:28 2021 -03 <kuroneko@kuroneko-VirtualBox>
# name: beta
# type: scalar
6400


# name: Lambda
# type: matrix
# rows: 65
# columns: 1
 1
 0.99879545620517241
 0.99518472667219693
 0.98917650996478101
 0.98078528040323043
 0.97003125319454397
 0.95694033573220882
 0.94154406518302081
 0.92387953251128674
 0.90398929312344334
 0.88192126434835505
 0.85772861000027212
 0.83146961230254524
 0.80320753148064494
 0.77301045336273699
 0.74095112535495911
 0.70710678118654757
 0.67155895484701833
 0.63439328416364549
 0.59569930449243347
 0.55557023301960229
 0.51410274419322166
 0.47139673682599781
 0.4275550934302822
 0.38268343236508984
 0.33688985339222005
 0.29028467725446233
 0.24298017990326398
 0.19509032201612833
 0.14673047445536175
 0.09801714032956077
 0.049067674327418126
 6.123233995736766e-17
 -0.049067674327418008
 -0.098017140329560645
 -0.14673047445536164
 -0.19509032201612819
 -0.24298017990326387
 -0.29028467725446216
 -0.33688985339221994
 -0.38268343236508973
 -0.42755509343028186
 -0.4713967368259977
 -0.51410274419322166
 -0.55557023301960196
 -0.59569930449243336
 -0.63439328416364538
 -0.67155895484701844
 -0.70710678118654746
 -0.74095112535495888
 -0.77301045336273699
 -0.80320753148064483
 -0.83146961230254535
 -0.85772861000027201
 -0.88192126434835494
 -0.90398929312344334
 -0.92387953251128674
 -0.9415440651830207
 -0.95694033573220882
 -0.97003125319454397
 -0.98078528040323043
 -0.98917650996478101
 -0.99518472667219682
 -0.99879545620517241
 -1


# name: nen
# type: scalar
2


# name: nel
# type: scalar
64


# name: h
# type: scalar
0.015625


# name: xl
# type: matrix
# rows: 65
# columns: 1
 0
 0.015625
 0.03125
 0.046875
 0.0625
 0.078125
 0.09375
 0.109375
 0.125
 0.140625
 0.15625
 0.171875
 0.1875
 0.203125
 0.21875
 0.234375
 0.25
 0.265625
 0.28125
 0.296875
 0.3125
 0.328125
 0.34375
 0.359375
 0.375
 0.390625
 0.40625
 0.421875
 0.4375
 0.453125
 0.46875
 0.484375
 0.5
 0.515625
 0.53125
 0.546875
 0.5625
 0.578125
 0.59375
 0.609375
 0.625
 0.640625
 0.65625
 0.671875
 0.6875
 0.703125
 0.71875
 0.734375
 0.75
 0.765625
 0.78125
 0.796875
 0.8125
 0.828125
 0.84375
 0.859375
 0.875
 0.890625
 0.90625
 0.921875
 0.9375
 0.953125
 0.96875
 0.984375
 1


# name: U
# type: matrix
# rows: 64
# columns: 2
 -767.61454691449762 767.46036530875972
 -765.91947969930334 765.45730631908555
 -762.37924537089248 761.61019363234618
 -757.0023726638542 755.92829527997628
 -749.80181493548571 748.42529945277511
 -740.79491896005675 739.11928152487781
 -730.00338313888369 728.03266050858747
 -717.45320522698239 715.19214504499905
 -703.17461970220984 700.62866906056615
 -687.20202492775479 684.37731724454261
 -669.5739002834548 666.47724052690091
 -650.33271346562924 646.97156176032058
 -629.52481817864646 625.90727183344279
 -607.20034246480918 603.33511646571696
 -583.41306794150387 579.30947395650855
 -558.22030023657908 553.88822418302288
 -531.68273093406151 527.13260916260242
 -503.86429136281504 499.10708551534435
 -474.83199858037869 469.87916918246401
 -444.65579392298878 439.51927277446794
 -413.40837451079233 408.10053594101601
 -381.16501811410194 375.69864917109794
 -348.00340180266289 342.39167144801172
 -314.00341481478199 308.25984219843713
 -279.24696609716148 273.38538798863419
 -243.8177869790668 237.85232443343443
 -207.80122945622566 201.74625379527174
 -171.28406057038478 165.15415876083148
 -134.35425337991876 128.1641928921407
 -97.100775025017924 90.865468256915278
 -59.613372398057834 53.347840749783757
 -21.98235593547642 15.701693621566875
 15.701617947980747 -21.982280261890256
 53.34776525850188 -59.613296906776128
 90.865393129802612 -97.100699897905145
 128.16411831018536 -134.35417879796364
 165.15408490370851 -171.28398671326181
 201.74618084090832 -207.80115650186201
 237.85225255758473 -243.81771510321755
 273.3853173644527 -279.24689547297999
 308.25977299606484 -314.00334561240879
 342.39160383416129 -348.00333418881291
 375.69858330865895 -381.16495225166295
 408.10047198865686 -413.40831055843319
 439.5192108862534 -444.65573203477607
 469.87910950748983 -474.83193890540542
 499.10702819737389 -503.86423404484549
 527.1325543397179 -531.68267611117699
 553.88817198729612 -558.22024804085322
 579.30942451368719 -583.4130184986825
 603.33506989491025 -607.20029589400156
 625.90722824684553 -629.52477459204829
 646.97152126293622 -650.33267296824488
 666.47720321629049 -669.5738629728462
 684.37728321058921 -687.20199089380048
 700.62863838526528 -703.17458902690896
 715.19211780224759 -717.45317798422911
 728.03263676401593 -730.00335939431125
 739.11926133568886 -740.7948987708678
 748.4252828676058 -749.80179835031731
 755.92828233877708 -757.00235972265682
 761.61018436630184 -762.37923610485268
 765.45730075051324 -765.91947413073467
 767.46036345107268 -767.61454505681331


# name: P
# type: matrix
# rows: 64
# columns: 2
 0.88008431792055486 1.1187111431223318
 0.87916866605468158 1.114811531324176
 0.87613501986620235 1.1082262409011026
 0.87099068767450016 1.0989711363945447
 0.86374806262641679 1.087068514161909
 0.85442459284007133 1.0725470486627009
 0.84304273937081797 1.0554417233792384
 0.82962992210059827 1.0357937465383786
 0.81421845368103907 1.0136504518372909
 0.79684546168944836 0.9890651844124333
 0.77755279918522913 0.96209717232644754
 0.75638694388219074 0.93281138388256779
 0.73339888617966853 0.90127837111028775
 0.70864400632218405 0.86757409979934097
 0.6821819409835852 0.83177976649146113
 0.65407643959707595 0.79398160287080066
 0.62439521077724736 0.75427066802424958
 0.59320975920409513 0.71274262907212016
 0.56059521336198204 0.66949753069767559
 0.52663014454853863 0.62463955413072181
 0.49139637758952481 0.57827676616590373
 0.45497879371565836 0.53052085882033007
 0.41746512607629555 0.48148688025771874
 0.37894574838258849 0.43129295762729669
 0.33951345718930015 0.38006001248514909
 0.29926324833977619 0.32791146948359923
 0.25829208811263688 0.27497295903041102
 0.21669867962151951 0.22137201463413175
 0.17458322503063109 0.16723776566470042
 0.13204718415895933 0.11270062626948478
 0.089193030054681599 0.057891981194176746
 0.046124002128615144 0.002943869265433263
 0.0029438574414354336 -0.052011334702223154
 -0.040243379256172156 -0.10684123880892704
 -0.083333666128247968 -0.16141375301315272
 -0.12622319489945347 -0.21559740734819494
 -0.16880864093830023 -0.26926166864483281
 -0.21098741217523609 -0.32227725499716831
 -0.25265789625592683 -0.37451644721406235
 -0.29371970533431929 -0.42585339650585119
 -0.33407391791575364 -0.47616442766510486
 -0.37362331716750935 -0.52532833701103576
 -0.41227262512267154 -0.57322668437977875
 -0.44992873221309565 -0.61974407845712332
 -0.48650092157851588 -0.66476845476629476
 -0.52190108761140597 -0.70819134564109432
 -0.55604394821110337 -0.74990814153400887
 -0.58884725023586282 -0.78981834302977194
 -0.62023196765787647 -0.82782580295725983
 -0.65012249194389748 -0.86383895801644783
 -0.6784468142028216 -0.89777104936241714
 -0.70513669866140805 -0.92954033161501615
 -0.73012784705023903 -0.95907026979063714
 -0.75336005350387947 -0.98628972368169798
 -0.774777349602082 -1.0111331192396331
 -0.7943281392026118 -1.0335406065485189
 -0.81196532274087507 -1.053458204008763
 -0.82764641069689238 -1.0708379283835101
 -0.84133362595627759 -1.0856379103944558
 -0.85299399481861171 -1.0978224955886113
 -0.86259942643397847 -1.1073623302329996
 -0.87012678047627856 -1.1142344320303725
 -0.87555792289030709 -1.1184222454855739
 -0.87887976957827629 -1.1199156817891818


# name: x
# type: range
# base, limit, increment
0 1 0.015625


