# Created by Octave 6.3.0, Fri Sep 24 21:23:28 2021 -03 <kuroneko@kuroneko-VirtualBox>
# name: beta
# type: scalar
1600


# name: Lambda
# type: matrix
# rows: 17
# columns: 1
 1
 0.98078528040323043
 0.92387953251128674
 0.83146961230254524
 0.70710678118654757
 0.55557023301960229
 0.38268343236508984
 0.19509032201612833
 6.123233995736766e-17
 -0.19509032201612819
 -0.38268343236508973
 -0.55557023301960196
 -0.70710678118654746
 -0.83146961230254535
 -0.92387953251128674
 -0.98078528040323043
 -1


# name: nen
# type: scalar
2


# name: nel
# type: scalar
16


# name: h
# type: scalar
0.0625


# name: xl
# type: matrix
# rows: 17
# columns: 1
 0
 0.0625
 0.125
 0.1875
 0.25
 0.3125
 0.375
 0.4375
 0.5
 0.5625
 0.625
 0.6875
 0.75
 0.8125
 0.875
 0.9375
 1


# name: U
# type: matrix
# rows: 16
# columns: 2
 -190.46288175881148 189.84801073171491
 -183.75848970583593 181.93750577329411
 -169.99236194641503 167.03524449973497
 -149.69352305020709 145.71391245449524
 -123.6420460122747 118.7928764709327
 -92.839074485349556 87.306696864405239
 -58.468349390704702 52.465369859537873
 -21.850718418403147 15.607828113886995
 15.606623408693544 -21.849513713209639
 52.46421145048933 -58.467190981656103
 87.305629268511382 -92.838006889455812
 118.79194071530554 -123.64111025664789
 145.71314449969884 -149.69275509541069
 167.03467385784165 -169.99179130452126
 181.93715437375135 -183.75813830629363
 189.84789207860831 -190.46276310570556


# name: P
# type: matrix
# rows: 16
# columns: 2
 0.8813449934914146 1.0994415228816612
 0.86669128106393056 1.0379771922624943
 0.81873110875122901 0.93662398024899574
 0.73930755907891366 0.79927683393930793
 0.63147283451965142 0.63121392714094526
 0.4993709630638441 0.43889382311140446
 0.34807854554795603 0.22970727559418394
 0.18340966473135722 0.011693206297203183
 0.011692453356457265 -0.20677022636015338
 -0.16047409244372793 -0.41728759517656816
 -0.32647370886620869 -0.6117688357279264
 -0.47992712374552599 -0.78274014300617667
 -0.61493720840553467 -0.92363118555442891
 -0.7263156010072781 -1.029027599620161
 -0.80978209238479348 -1.0948790601178164
 -0.86212911208299137 -1.1186549323503938


# name: x
# type: range
# base, limit, increment
0 1 0.0625


# name: exata
# type: matrix
# rows: 17
# columns: 1
 1
 0.98078528040323043
 0.92387953251128674
 0.83146961230254524
 0.70710678118654757
 0.55557023301960229
 0.38268343236508984
 0.19509032201612833
 6.123233995736766e-17
 -0.19509032201612819
 -0.38268343236508973
 -0.55557023301960196
 -0.70710678118654746
 -0.83146961230254535
 -0.92387953251128674
 -0.98078528040323043
 -1


