# Created by Octave 6.2.0, Mon Aug 23 15:22:47 2021 -03 <kuroneko@kuroneko-VirtualBox>
# name: alfa
# type: scalar
-1


# name: beta
# type: scalar
1


# name: h
# type: scalar
0.015625


# name: xlU1
# type: matrix
# rows: 64
# columns: 1
 0
 0.015625
 0.03125
 0.046875
 0.0625
 0.078125
 0.09375
 0.109375
 0.125
 0.140625
 0.15625
 0.171875
 0.1875
 0.203125
 0.21875
 0.234375
 0.25
 0.265625
 0.28125
 0.296875
 0.3125
 0.328125
 0.34375
 0.359375
 0.375
 0.390625
 0.40625
 0.421875
 0.4375
 0.453125
 0.46875
 0.484375
 0.5
 0.515625
 0.53125
 0.546875
 0.5625
 0.578125
 0.59375
 0.609375
 0.625
 0.640625
 0.65625
 0.671875
 0.6875
 0.703125
 0.71875
 0.734375
 0.75
 0.765625
 0.78125
 0.796875
 0.8125
 0.828125
 0.84375
 0.859375
 0.875
 0.890625
 0.90625
 0.921875
 0.9375
 0.953125
 0.96875
 0.984375


# name: xlU2
# type: matrix
# rows: 64
# columns: 1
 0.015625
 0.03125
 0.046875
 0.0625
 0.078125
 0.09375
 0.109375
 0.125
 0.140625
 0.15625
 0.171875
 0.1875
 0.203125
 0.21875
 0.234375
 0.25
 0.265625
 0.28125
 0.296875
 0.3125
 0.328125
 0.34375
 0.359375
 0.375
 0.390625
 0.40625
 0.421875
 0.4375
 0.453125
 0.46875
 0.484375
 0.5
 0.515625
 0.53125
 0.546875
 0.5625
 0.578125
 0.59375
 0.609375
 0.625
 0.640625
 0.65625
 0.671875
 0.6875
 0.703125
 0.71875
 0.734375
 0.75
 0.765625
 0.78125
 0.796875
 0.8125
 0.828125
 0.84375
 0.859375
 0.875
 0.890625
 0.90625
 0.921875
 0.9375
 0.953125
 0.96875
 0.984375
 1


# name: U
# type: matrix
# rows: 64
# columns: 2
 10.788550476085566 10.94149657727926
 10.763733495446985 10.913902048496753
 10.712985738026164 10.860014973734497
 10.636429459615705 10.779965171675538
 10.534249090995846 10.67394548930459
 10.406690793624513 10.542211337322676
 10.254061866612908 10.385080074840527
 10.076730006414889 10.202930244832503
 9.8751224210141011 9.9962006621935284
 9.6497248007424954 9.7653893565955308
 9.4010801482098856 9.5110523726904628
 9.1297874701628245 9.2338024305497388
 8.8365003344252013 8.9343074495682462
 8.521925295395981 8.6132889393878855
 8.1868201918976489 8.2715202617175283
 7.8319923214761973 7.9098247672370041
 7.4582964955508926 7.5290738120734728
 7.0666329800981487 7.1301846586276385
 6.6579453268324107 6.7141182658087626
 6.2332181001071341 6.2818769740001841
 5.7934745050133554 5.8345020903338831
 5.3397739223885763 5.3730713800899528
 4.8732093566757602 4.8986964702658691
 4.3949048027799815 4.4125201715697759
 3.9060125382661703 3.9157137252893137
 3.407710347421292 3.40947398166852
 2.9011986838693389 2.8950205165912748
 2.387697778573 2.3735926935157603
 1.8684447001903928 1.8464466777393393
 1.3446903748686367 1.3148524101866541
 0.81769657265283624 0.7800905480103395
 0.28873286777176521 0.24344937937601746
 -0.24092641987778954 -0.29377828013687807
 -0.77000529467919554 -0.83029820204098437
 -1.2972291592812166 -1.3648178628508361
 -1.8213278852146662 -1.8960495578851462
 -2.3410388727432108 -2.4227135034602432
 -2.8551100925764001 -2.9435409200007325
 -3.362303102118569 -3.4572770886413129
 -3.8613960289847666 -3.9626843739536493
 -4.3511865145987834 -4.4585452055189636
 -4.8304946107801827 -4.9436650111617233
 -5.2981656223428182 -5.4168750947786419
 -5.7530728888568108 -5.8770354518300998
 -6.1941204988718006 -6.3230375157105136
 -6.6202459300641836 -6.7538068283829586
 -7.0304226089459796 -7.1683056288422149
 -7.4236623839705107 -7.565535353172149
 -7.7990179060760241 -7.9445390401736535
 -8.1555849109325393 -8.3044036367679759
 -8.4925043973937342 -8.6442621976214564
 -8.8089646969060773 -8.9632959736929241
 -9.1042034288893845 -9.2607363846717519
 -9.3775093373784646 -9.535866870555207
 -9.6282240045009875 -9.7880246179042008
 -9.8557434366638503 -10.016602156618964
 -10.059519519626621 -10.221048823387703
 -10.239061338956761 -10.400872088282755
 -10.393936362685503 -10.555638741308337
 -10.523771483315231 -10.684975936041345
 -10.628253916668138 -10.788572087851072
 -10.707131955410699 -10.866177624533861
 -10.760215575438677 -10.917605587554394
 -10.78737689366184 -10.94273208244519


# name: x
# type: range
# base, limit, increment
0 1 0.015625


# name: exata
# type: matrix
# rows: 65
# columns: 1
 1
 0.99879545620517241
 0.99518472667219693
 0.98917650996478101
 0.98078528040323043
 0.97003125319454397
 0.95694033573220882
 0.94154406518302081
 0.92387953251128674
 0.90398929312344334
 0.88192126434835505
 0.85772861000027212
 0.83146961230254524
 0.80320753148064494
 0.77301045336273699
 0.74095112535495911
 0.70710678118654757
 0.67155895484701833
 0.63439328416364549
 0.59569930449243347
 0.55557023301960229
 0.51410274419322166
 0.47139673682599781
 0.4275550934302822
 0.38268343236508984
 0.33688985339222005
 0.29028467725446233
 0.24298017990326398
 0.19509032201612833
 0.14673047445536175
 0.09801714032956077
 0.049067674327418126
 6.123233995736766e-17
 -0.049067674327418008
 -0.098017140329560645
 -0.14673047445536164
 -0.19509032201612819
 -0.24298017990326387
 -0.29028467725446216
 -0.33688985339221994
 -0.38268343236508973
 -0.42755509343028186
 -0.4713967368259977
 -0.51410274419322166
 -0.55557023301960196
 -0.59569930449243336
 -0.63439328416364538
 -0.67155895484701844
 -0.70710678118654746
 -0.74095112535495888
 -0.77301045336273699
 -0.80320753148064483
 -0.83146961230254535
 -0.85772861000027201
 -0.88192126434835494
 -0.90398929312344334
 -0.92387953251128674
 -0.9415440651830207
 -0.95694033573220882
 -0.97003125319454397
 -0.98078528040323043
 -0.98917650996478101
 -0.99518472667219682
 -0.99879545620517241
 -1


