# Created by Octave 6.2.0, Mon Aug 23 15:22:47 2021 -03 <kuroneko@kuroneko-VirtualBox>
# name: alfa
# type: scalar
0


# name: beta
# type: scalar
1


# name: h
# type: scalar
0.0625


# name: xlU1
# type: matrix
# rows: 16
# columns: 1
 0
 0.0625
 0.125
 0.1875
 0.25
 0.3125
 0.375
 0.4375
 0.5
 0.5625
 0.625
 0.6875
 0.75
 0.8125
 0.875
 0.9375


# name: xlU2
# type: matrix
# rows: 16
# columns: 1
 0.0625
 0.125
 0.1875
 0.25
 0.3125
 0.375
 0.4375
 0.5
 0.5625
 0.625
 0.6875
 0.75
 0.8125
 0.875
 0.9375
 1


# name: U
# type: matrix
# rows: 16
# columns: 2
 0.69256416847347468 1.2862435601774753
 0.68318648371798829 1.2156216701445037
 0.64755432552861381 1.0982841210563654
 0.58703701776182404 0.93874012912086202
 0.5039602066165999 0.74312088047477343
 0.4015164873552397 0.51894391313903032
 0.2836427146578579 0.27482422224845354
 0.15486871150484155 0.02014319062006819
 0.020143190620068155 -0.23531193252741495
 -0.115356421783803 -0.48172415007232167
 -0.24642295159114924 -0.70962397868396443
 -0.36801958556443071 -0.91025335575649513
 -0.47547343325223307 -1.0759022068432664
 -0.56465510354872517 -1.2002047394939597
 -0.63213739487806986 -1.2783840770884725
 -0.67532700062898565 -1.3074358315265253


# name: x
# type: range
# base, limit, increment
0 1 0.0625


# name: exata
# type: matrix
# rows: 17
# columns: 1
 1
 0.98078528040323043
 0.92387953251128674
 0.83146961230254524
 0.70710678118654757
 0.55557023301960229
 0.38268343236508984
 0.19509032201612833
 6.123233995736766e-17
 -0.19509032201612819
 -0.38268343236508973
 -0.55557023301960196
 -0.70710678118654746
 -0.83146961230254535
 -0.92387953251128674
 -0.98078528040323043
 -1


