# Created by Octave 6.2.0, Wed May 05 13:41:45 2021 -03 <kuroneko@kuroneko-VirtualBox>
# name: xl
# type: matrix
# rows: 1
# columns: 17
 -2 -1.75 -1.5 -1.25 -1 -0.75 -0.5 -0.25 0 0.25 0.5 0.75 1 1.25 1.5 1.75 2


# name: h
# type: scalar
0.25


# name: u
# type: matrix
# rows: 17
# columns: 1
 -0.91415079518786013
 -0.98909599860602604
 -1.002711305893992
 -0.95393805218287897
 -0.8458655624639082
 -0.68519803049407024
 -0.48192906577837569
 -0.24869585604806912
 -2.6394494774122228e-17
 0.24869585604806924
 0.48192906577837541
 0.68519803049407058
 0.84586556246390798
 0.95393805218287953
 1.0027113058939923
 0.98909599860602615
 0.91415079518786024


# name: x
# type: range
# base, limit, increment
-2 2 0.25


# name: exata
# type: matrix
# rows: 1
# columns: 17
 -0.90929742682568171 -0.98398594687393692 -0.99749498660405445 -0.9489846193555862 -0.8414709848078965 -0.68163876002333412 -0.47942553860420301 -0.24740395925452294 0 0.24740395925452294 0.47942553860420301 0.68163876002333412 0.8414709848078965 0.9489846193555862 0.99749498660405445 0.98398594687393692 0.90929742682568171


