# Created by Octave 6.2.0, Mon Aug 30 16:27:29 2021 -03 <kuroneko@kuroneko-VirtualBox>
# name: alfa
# type: scalar
1


# name: beta
# type: scalar
1


# name: h
# type: scalar
0.015625


# name: xlU1
# type: matrix
# rows: 64
# columns: 1
 0
 0.015625
 0.03125
 0.046875
 0.0625
 0.078125
 0.09375
 0.109375
 0.125
 0.140625
 0.15625
 0.171875
 0.1875
 0.203125
 0.21875
 0.234375
 0.25
 0.265625
 0.28125
 0.296875
 0.3125
 0.328125
 0.34375
 0.359375
 0.375
 0.390625
 0.40625
 0.421875
 0.4375
 0.453125
 0.46875
 0.484375
 0.5
 0.515625
 0.53125
 0.546875
 0.5625
 0.578125
 0.59375
 0.609375
 0.625
 0.640625
 0.65625
 0.671875
 0.6875
 0.703125
 0.71875
 0.734375
 0.75
 0.765625
 0.78125
 0.796875
 0.8125
 0.828125
 0.84375
 0.859375
 0.875
 0.890625
 0.90625
 0.921875
 0.9375
 0.953125
 0.96875
 0.984375


# name: xlU2
# type: matrix
# rows: 64
# columns: 1
 0.015625
 0.03125
 0.046875
 0.0625
 0.078125
 0.09375
 0.109375
 0.125
 0.140625
 0.15625
 0.171875
 0.1875
 0.203125
 0.21875
 0.234375
 0.25
 0.265625
 0.28125
 0.296875
 0.3125
 0.328125
 0.34375
 0.359375
 0.375
 0.390625
 0.40625
 0.421875
 0.4375
 0.453125
 0.46875
 0.484375
 0.5
 0.515625
 0.53125
 0.546875
 0.5625
 0.578125
 0.59375
 0.609375
 0.625
 0.640625
 0.65625
 0.671875
 0.6875
 0.703125
 0.71875
 0.734375
 0.75
 0.765625
 0.78125
 0.796875
 0.8125
 0.828125
 0.84375
 0.859375
 0.875
 0.890625
 0.90625
 0.921875
 0.9375
 0.953125
 0.96875
 0.984375
 1


# name: U
# type: matrix
# rows: 64
# columns: 2
 -8.942732082447689 -8.7897859812539565
 -8.9200146751465361 -8.7698461220967303
 -8.8758081711919363 -8.7287789354835681
 -8.8102190679239651 -8.6666833558640946
 -8.7234053752373164 -8.5837089769285377
 -8.6155762349216491 -8.4800556912234484
 -8.4869914168207021 -8.3559732085930474
 -8.3379606930239856 -8.2117604546063365
 -8.1688430915986672 -8.0477648504192061
 -7.9800460316595414 -7.8643814758064714
 -7.7720243418606669 -7.6620521173800569
 -7.5452791646733166 -7.4412642042863695
 -7.3003567490898646 -7.2025496339467878
 -7.0378471346621252 -6.9464834906701896
 -6.7583827300443948 -6.6736826602244861
 -6.4626367894655354 -6.3848043437047011
 -6.1513217908007762 -6.0805444742781702
 -5.8251877191497883 -5.7616360406202745
 -5.4850202600571976 -5.4288473210808235
 -5.1316389067270887 -5.0829800328340156
 -4.7658949857922002 -4.724867400471652
 -4.3886696063934503 -4.3553721486920551
 -4.000871537510827 -3.9753844239207012
 -3.6034350186593738 -3.5858196498695634
 -3.1973175092243795 -3.1876163222012224
 -2.7834973818576572 -2.7817337476104171
 -2.3629715654924981 -2.369149732770552
 -1.9367531436542078 -1.9508582287114393
 -1.5058689138533021 -1.5278669363043491
 -1.0713569139404018 -1.1011948786223797
 -0.63426392138204968 -0.6718699460245432
 -0.1956429314820905 -0.24092641987783736
 0.24344937937606642 0.19059751911697731
 0.68195519935570581 0.6216622919939141
 1.1188181295278359 1.051229425958212
 1.5529857288290514 1.4782640561585652
 1.9834120494840675 1.9017374187670271
 2.4090601567854253 2.3206293293610827
 2.8289046271603793 2.7339306406376238
 3.2419340185057486 3.1406456735368522
 3.6471533068406377 3.5397946159204423
 4.0435862834064498 3.9304158830248923
 4.4302779064391489 4.3115684340033056
 4.8062966019488211 4.6823340389755117
 5.170736507962439 5.0418194911237038
 5.5227196568254229 5.3891587585066247
 5.8613980903019707 5.7235150704057105
 6.1859559023811466 6.0440829331794816
 6.4956112048657477 6.3500900707680898
 6.7896180110095052 6.6407992851740403
 7.0672680326643693 6.9155102324366169
 7.3278923866090233 7.1735611098221455
 7.5708632059467691 7.4143302501643689
 7.7955951526920799 7.6372376195153038
 8.0015468279010626 7.8417462144978174
 8.1882220759489197 8.0273633559937707
 8.3551711798122348 8.1936418760511174
 8.501991944476849 8.3401811951508193
 8.6283306658606804 8.4666282872378105
 8.7338829829179172 8.5726785301917658
 8.818394610871545 8.6580764396885712
 8.8816619538073791 8.7226162846841788
 8.923532595154855 8.7661425830390982
 8.9439056648714086 8.7885504760880195


# name: x
# type: range
# base, limit, increment
0 1 0.015625


# name: exata
# type: matrix
# rows: 65
# columns: 1
 1
 0.99879545620517241
 0.99518472667219693
 0.98917650996478101
 0.98078528040323043
 0.97003125319454397
 0.95694033573220882
 0.94154406518302081
 0.92387953251128674
 0.90398929312344334
 0.88192126434835505
 0.85772861000027212
 0.83146961230254524
 0.80320753148064494
 0.77301045336273699
 0.74095112535495911
 0.70710678118654757
 0.67155895484701833
 0.63439328416364549
 0.59569930449243347
 0.55557023301960229
 0.51410274419322166
 0.47139673682599781
 0.4275550934302822
 0.38268343236508984
 0.33688985339222005
 0.29028467725446233
 0.24298017990326398
 0.19509032201612833
 0.14673047445536175
 0.09801714032956077
 0.049067674327418126
 6.123233995736766e-17
 -0.049067674327418008
 -0.098017140329560645
 -0.14673047445536164
 -0.19509032201612819
 -0.24298017990326387
 -0.29028467725446216
 -0.33688985339221994
 -0.38268343236508973
 -0.42755509343028186
 -0.4713967368259977
 -0.51410274419322166
 -0.55557023301960196
 -0.59569930449243336
 -0.63439328416364538
 -0.67155895484701844
 -0.70710678118654746
 -0.74095112535495888
 -0.77301045336273699
 -0.80320753148064483
 -0.83146961230254535
 -0.85772861000027201
 -0.88192126434835494
 -0.90398929312344334
 -0.92387953251128674
 -0.9415440651830207
 -0.95694033573220882
 -0.97003125319454397
 -0.98078528040323043
 -0.98917650996478101
 -0.99518472667219682
 -0.99879545620517241
 -1


