# Created by Octave 6.2.0, Mon Aug 30 16:27:29 2021 -03 <kuroneko@kuroneko-VirtualBox>
# name: alfa
# type: scalar
1


# name: beta
# type: scalar
1


# name: h
# type: scalar
0.0625


# name: xlU1
# type: matrix
# rows: 16
# columns: 1
 0
 0.0625
 0.125
 0.1875
 0.25
 0.3125
 0.375
 0.4375
 0.5
 0.5625
 0.625
 0.6875
 0.75
 0.8125
 0.875
 0.9375


# name: xlU2
# type: matrix
# rows: 16
# columns: 1
 0.0625
 0.125
 0.1875
 0.25
 0.3125
 0.375
 0.4375
 0.5
 0.5625
 0.625
 0.6875
 0.75
 0.8125
 0.875
 0.9375
 1


# name: U
# type: matrix
# rows: 16
# columns: 2
 -9.1137416123388473 -8.5200622206348466
 -8.746268465377355 -8.2138332789508404
 -8.0426811262552764 -7.5919513307275244
 -7.0300180618387396 -6.6783149504797024
 -5.7471953457853013 -5.5080346719271276
 -4.2435111356576085 -4.1260837098738179
 -2.5767511723750536 -2.5855696647844582
 -0.81096810659683671 -0.94569362748161012
 0.98598000872174496 0.73052488557426187
 2.7450374652491147 2.378669736960596
 4.3986046714217091 3.9354036443288933
 5.8831359668374663 5.340902196645402
 7.1415816463483273 6.5411528727572943
 8.1255803482351716 7.4900307122899363
 8.7973175542172726 8.1510708720068692
 9.1309787801833355 8.4988699492857958


# name: x
# type: range
# base, limit, increment
0 1 0.0625


# name: exata
# type: matrix
# rows: 17
# columns: 1
 1
 0.98078528040323043
 0.92387953251128674
 0.83146961230254524
 0.70710678118654757
 0.55557023301960229
 0.38268343236508984
 0.19509032201612833
 6.123233995736766e-17
 -0.19509032201612819
 -0.38268343236508973
 -0.55557023301960196
 -0.70710678118654746
 -0.83146961230254535
 -0.92387953251128674
 -0.98078528040323043
 -1


