# Created by Octave 6.2.0, Mon Aug 23 15:22:47 2021 -03 <kuroneko@kuroneko-VirtualBox>
# name: alfa
# type: scalar
-1


# name: beta
# type: scalar
1


# name: h
# type: scalar
0.0625


# name: xlU1
# type: matrix
# rows: 16
# columns: 1
 0
 0.0625
 0.125
 0.1875
 0.25
 0.3125
 0.375
 0.4375
 0.5
 0.5625
 0.625
 0.6875
 0.75
 0.8125
 0.875
 0.9375


# name: xlU2
# type: matrix
# rows: 16
# columns: 1
 0.0625
 0.125
 0.1875
 0.25
 0.3125
 0.375
 0.4375
 0.5
 0.5625
 0.625
 0.6875
 0.75
 0.8125
 0.875
 0.9375
 1


# name: U
# type: matrix
# rows: 16
# columns: 2
 10.498869949285833 11.092549340989837
 10.112641432813362 10.64507661923988
 9.3377897773125405 9.7885195728402934
 8.204092097362425 8.5557952087214648
 6.7551157590185209 6.9942764328766955
 5.0465441103681039 5.1639715361518954
 3.1440366016907824 3.1352181092813782
 1.120705529606522 0.98598000872174874
 -0.94569362748160724 -1.2011487506290901
 -2.9757503088167319 -3.3421180371052515
 -4.8914505746040255 -5.3546516016968422
 -6.6191751379663595 -7.1614089081584256
 -8.0925285128528284 -8.692957286443864
 -9.2548905553326488 -9.8904401912778859
 -10.061592343973452 -10.707839026183857
 -10.481632781441345 -11.113741612338886


# name: x
# type: range
# base, limit, increment
0 1 0.0625


# name: exata
# type: matrix
# rows: 17
# columns: 1
 1
 0.98078528040323043
 0.92387953251128674
 0.83146961230254524
 0.70710678118654757
 0.55557023301960229
 0.38268343236508984
 0.19509032201612833
 6.123233995736766e-17
 -0.19509032201612819
 -0.38268343236508973
 -0.55557023301960196
 -0.70710678118654746
 -0.83146961230254535
 -0.92387953251128674
 -0.98078528040323043
 -1


