# Created by Octave 6.2.0, Mon Aug 30 16:27:13 2021 -03 <kuroneko@kuroneko-VirtualBox>
# name: alfa
# type: scalar
-1


# name: beta
# type: scalar
1


# name: h
# type: scalar
0.25


# name: xlU1
# type: matrix
# rows: 4
# columns: 1
 0
 0.25
 0.5
 0.75


# name: xlU2
# type: matrix
# rows: 4
# columns: 1
 0.25
 0.5
 0.75
 1


# name: U
# type: matrix
# rows: 4
# columns: 2
 8.7130748483221598 10.641423539325221
 3.77942331888912 3.9923850620600874
 -3.3681631328000323 -4.9953384383440946
 -8.542725301579976 -11.056860430209941


# name: x
# type: range
# base, limit, increment
0 1 0.25


# name: exata
# type: matrix
# rows: 5
# columns: 1
 1
 0.70710678118654757
 6.123233995736766e-17
 -0.70710678118654746
 -1


