# Created by Octave 6.3.0, Sat Sep 25 14:29:24 2021 -03 <kuroneko@kuroneko-VirtualBox>
# name: beta
# type: scalar
0


# name: Lambda
# type: matrix
# rows: 5
# columns: 1
 1
 0.70710678118648296
 8.1416355139178409e-16
 -0.70710678118648185
 -1


# name: nen
# type: scalar
5


# name: nel
# type: scalar
4


# name: h
# type: scalar
0.25


# name: xl
# type: matrix
# rows: 17
# columns: 1
 0
 0.0625
 0.125
 0.1875
 0.25
 0.3125
 0.375
 0.4375
 0.5
 0.5625
 0.625
 0.6875
 0.75
 0.8125
 0.875
 0.9375
 1


# name: U
# type: matrix
# rows: 4
# columns: 5
 6.4411439145336189e-13 0.61292530358870034 1.2021929864664835 1.7453923538731506 2.2214414690799265
 2.2214414690799344 2.6121996309290014 2.9023506125162375 3.0812828420974614 3.1415926535905792
 3.1415926535905743 3.0812828420974485 2.9023506125162259 2.6121996309289748 2.2214414690799251
 2.2214414690798945 1.7453923538730849 1.2021929864664289 0.61292530358865105 6.3177723921957448e-13


# name: P
# type: matrix
# rows: 4
# columns: 5
 0.99999895040836595 0.98078401103240809 0.92387944386595511 0.83147107235977846 0.70710854378115995
 0.7071035342450821 0.55556697780086262 0.38268339564697296 0.19509365621972879 3.5422769321807904e-06
 -3.5422769303144706e-06 -0.19509365621972685 -0.38268339564697096 -0.55556697780086095 -0.70710353424508088
 -0.7071085437811595 -0.83147107235977791 -0.92387944386595466 -0.98078401103240798 -0.99999895040836628


# name: x
# type: range
# base, limit, increment
0 1 0.0625


# name: exata
# type: matrix
# rows: 17
# columns: 1
 1
 0.98078528040323043
 0.92387953251128674
 0.83146961230254524
 0.70710678118654757
 0.55557023301960229
 0.38268343236508984
 0.19509032201612833
 6.123233995736766e-17
 -0.19509032201612819
 -0.38268343236508973
 -0.55557023301960196
 -0.70710678118654746
 -0.83146961230254535
 -0.92387953251128674
 -0.98078528040323043
 -1


