# Created by Octave 6.3.0, Sat Sep 25 14:29:40 2021 -03 <kuroneko@kuroneko-VirtualBox>
# name: beta
# type: scalar
0


# name: Lambda
# type: matrix
# rows: 257
# columns: 1
 1
 0.99992470183959992
 0.99969881869710608
 0.99932238458968892
 0.99879545620694044
 0.99811811290233676
 0.99729045668128868
 0.99631261218577849
 0.99518472667559044
 0.99390697000613393
 0.99247953460286331
 0.99090263543229995
 0.98917650996965867
 0.98730141816308514
 0.98527764239450832
 0.98310548743711523
 0.98078528040945256
 0.97831737072616398
 0.97570213004537043
 0.9729399522126988
 0.9700312532019707
 0.96697647105255835
 0.96377606580341724
 0.96043051942380586
 0.95694033574070336
 0.9533060403629342
 0.9495281806020146
 0.94560732538972847
 0.94154406519244849
 0.9373390119222148
 0.93299279884458253
 0.92850608048325467
 0.92387953252151289
 0.91911385170046267
 0.9142097557141059
 0.9091679831012599
 0.90398929313433507
 0.89867446570499165
 0.89322430120669127
 0.88763962041416
 0.88192126435978324
 0.87607009420694915
 0.87008699112036081
 0.86397285613333541
 0.85772861001211231
 0.85135519311718932
 0.84485356526170774
 0.83822470556690776
 0.83146961231467631
 0.82458930279721043
 0.81758481316381582
 0.81045719826486673
 0.80320753149294954
 0.7958369046212137
 0.78834642763895502
 0.78073722858445493
 0.77301045337510221
 0.76516726563482196
 0.75720884651883869
 0.74913639453579806
 0.7409511253672757
 0.73265427168470099
 0.72424708296372009
 0.71573082529603049
 0.70710678119871184
 0.69837624942108345
 0.68954054474911752
 0.68060099780743766
 0.67155895485893113
 0.66241577760200654
 0.6531728429655278
 0.64383154290145317
 0.63439328417521212
 0.62485948815385239
 0.61523159059198673
 0.60551104141557377
 0.59569930450356479
 0.58579785746744806
 0.57580819142872708
 0.56573181079436252
 0.55557023303021402
 0.54532498843251553
 0.53499761989741867
 0.52458968268863793
 0.51410274420323354
 0.50353838373556759
 0.49289819223946779
 0.48218377208863583
 0.47139673683533573
 0.46053871096739885
 0.44961132966358203
 0.43861623854731557
 0.4275550934388786
 0.41642956010603843
 0.40524131401319208
 0.3939920400690477
 0.38268343237288305
 0.37131719395942114
 0.35989503654235871
 0.3484186802565889
 0.336889853399155
 0.32531029216897545
 0.31368174040537861
 0.30200594932548697
 0.29028467726049029
 0.27851968939084748
 0.26671275748045664
 0.25486565960983432
 0.24298017990834278
 0.23105810828550705
 0.21910124016146065
 0.20711137619656239
 0.19509032202022325
 0.18303988795898532
 0.17096188876389337
 0.1588581433371998
 0.14673047445844492
 0.13458070850995288
 0.1224106752017852
 0.11022220729619325
 0.098017140331610991
 0.085797312346229573
 0.073564563601195648
 0.061320736303474677
 0.049067674328421441
 0.036807222942099142
 0.02454122852338915
 0.012271538285933109
 -5.0614120990876099e-14
 -0.012271538286034342
 -0.024541228523490402
 -0.036807222942200429
 -0.04906767432852277
 -0.061320736303576061
 -0.073564563601297081
 -0.085797312346331062
 -0.098017140331712549
 -0.11022220729629489
 -0.12241067520188695
 -0.13458070851005477
 -0.14673047445854695
 -0.15885814333730197
 -0.17096188876399568
 -0.18303988795908782
 -0.19509032202032589
 -0.20711137619666517
 -0.2191012401615636
 -0.23105810828561016
 -0.24298017990844606
 -0.25486565960993768
 -0.26671275748056023
 -0.27851968939095129
 -0.29028467726059431
 -0.30200594932559127
 -0.31368174040548313
 -0.32531029216908031
 -0.33688985339926031
 -0.34841868025669465
 -0.35989503654246491
 -0.37131719395952784
 -0.3826834323729903
 -0.3939920400691555
 -0.4052413140133006
 -0.41642956010614762
 -0.42755509343898851
 -0.43861623854742615
 -0.44961132966369327
 -0.46053871096751092
 -0.47139673683544864
 -0.48218377208874963
 -0.49289819223958264
 -0.50353838373568349
 -0.51410274420335045
 -0.52458968268875594
 -0.53499761989753802
 -0.5453249884326361
 -0.55557023303033592
 -0.56573181079448598
 -0.57580819142885209
 -0.58579785746757462
 -0.59569930450369291
 -0.60551104141570344
 -0.61523159059211785
 -0.62485948815398495
 -0.63439328417534602
 -0.64383154290158817
 -0.65317284296566391
 -0.66241577760214343
 -0.67155895485906858
 -0.68060099780757577
 -0.68954054474925619
 -0.69837624942122256
 -0.7071067811988514
 -0.71573082529617027
 -0.72424708296385987
 -0.73265427168484065
 -0.74095112536741503
 -0.74913639453593694
 -0.75720884651897724
 -0.76516726563495985
 -0.77301045337523944
 -0.78073722858459149
 -0.78834642763909091
 -0.79583690462134871
 -0.80320753149308355
 -0.81045719826499973
 -0.81758481316394771
 -0.82458930279734088
 -0.83146961231480532
 -0.8382247055670351
 -0.84485356526183375
 -0.85135519311731367
 -0.85772861001223499
 -0.86397285613345642
 -0.87008699112048005
 -0.87607009420706616
 -0.88192126435989793
 -0.88763962041427213
 -0.89322430120680096
 -0.8986744657050989
 -0.90398929313443988
 -0.90916798310136238
 -0.91420975571420593
 -0.91911385170056026
 -0.92387953252160815
 -0.9285060804833476
 -0.93299279884467323
 -0.93733901192230329
 -0.94154406519253475
 -0.94560732538981274
 -0.94952818060209709
 -0.95330604036301492
 -0.95694033574078208
 -0.96043051942388247
 -0.96377606580349118
 -0.96697647105262952
 -0.97003125320203887
 -0.97293995221276375
 -0.97570213004543238
 -0.97831737072622282
 -0.98078528040950841
 -0.98310548743716808
 -0.98527764239455817
 -0.98730141816313155
 -0.98917650996970174
 -0.99090263543233947
 -0.99247953460289917
 -0.99390697000616623
 -0.99518472667561941
 -0.99631261218580403
 -0.99729045668131089
 -0.99811811290235553
 -0.99879545620695553
 -0.99932238458970046
 -0.99969881869711386
 -0.99992470183960391
 -1


# name: nen
# type: scalar
5


# name: nel
# type: scalar
256


# name: h
# type: scalar
0.00390625


