# Created by Octave 6.3.0, Sat Sep 25 14:29:25 2021 -03 <kuroneko@kuroneko-VirtualBox>
# name: beta
# type: scalar
0


# name: Lambda
# type: matrix
# rows: 17
# columns: 1
 1
 0.98078528040325508
 0.92387953251132759
 0.83146961230259386
 0.70710678118659676
 0.5555702330196457
 0.38268343236512248
 0.19509032201614684
 2.6892068818698799e-15
 -0.19509032201614154
 -0.38268343236511737
 -0.55557023301964092
 -0.70710678118659254
 -0.83146961230259053
 -0.92387953251132504
 -0.98078528040325375
 -1


# name: nen
# type: scalar
5


# name: nel
# type: scalar
16


# name: h
# type: scalar
0.0625


# name: xl
# type: matrix
# rows: 65
# columns: 1
 0
 0.015625
 0.03125
 0.046875
 0.0625
 0.078125
 0.09375
 0.109375
 0.125
 0.140625
 0.15625
 0.171875
 0.1875
 0.203125
 0.21875
 0.234375
 0.25
 0.265625
 0.28125
 0.296875
 0.3125
 0.328125
 0.34375
 0.359375
 0.375
 0.390625
 0.40625
 0.421875
 0.4375
 0.453125
 0.46875
 0.484375
 0.5
 0.515625
 0.53125
 0.546875
 0.5625
 0.578125
 0.59375
 0.609375
 0.625
 0.640625
 0.65625
 0.671875
 0.6875
 0.703125
 0.71875
 0.734375
 0.75
 0.765625
 0.78125
 0.796875
 0.8125
 0.828125
 0.84375
 0.859375
 0.875
 0.890625
 0.90625
 0.921875
 0.9375
 0.953125
 0.96875
 0.984375
 1


# name: U
# type: matrix
# rows: 16
# columns: 5
 -3.2516582019563143e-13 0.15415067656458553 0.30792988542167177 0.46096739713313589 0.61289432243202557
 0.61289432243211373 0.76334482621116972 0.91195608345776791 1.0583707522731187 1.2022354597685272
 1.2022354597686136 1.3432040622752175 1.4809363206376474 1.6151015129443451 1.7453753626074939
 1.7453753626075534 1.8714447195034396 1.9930050055338675 2.109764828232461 2.2214414690792355
 2.2214414690793078 2.3277668056794956 2.4284836257575364 2.5233510643413299 2.6121388256929574
 2.6121388256930405 2.694634118939967 2.7706369821527721 2.839966334159238 2.9024531521396422
 2.9024531521396879 2.9579481541777244 3.0063163131148767 3.0474432904267643 3.0812278316640427
 3.0812278316640564 3.1075899006868357 3.1264645941255718 3.1378087100690699 3.1415926535900542
 3.141592653590056 3.1378087100690673 3.1264645941255518 3.1075899006868131 3.0812278316640458
 3.0812278316640365 3.0474432904267346 3.0063163131148336 2.9579481541776587 2.9024531521396537
 2.9024531521395964 2.8399663341591244 2.7706369821526602 2.6946341189398244 2.6121388256929734
 2.6121388256928793 2.5233510643411807 2.4284836257574129 2.3277668056792988 2.2214414690792217
 2.2214414690791848 2.1097648282323465 1.9930050055337374 1.8714447195032984 1.7453753626074939
 1.7453753626074391 1.6151015129441895 1.4809363206374901 1.3432040622750157 1.2022354597685272
 1.2022354597683749 1.0583707522727599 0.91195608345756463 0.76334482621089583 0.61289432243201647
 0.61289432243197883 0.46096739713297474 0.3079298854214626 0.15415067656434694 -4.3791057736519238e-13


# name: P
# type: matrix
# rows: 16
# columns: 5
 0.99999999973971643 0.99879545588689622 0.99518472664865298 0.98917651033352338 0.98078528085205596
 0.98078527944388805 0.97003125220151531 0.95694033570959069 0.94154406622461817 0.92387953365196673
 0.92387953088974628 0.90398929149381635 0.88192126432752449 0.85772861167468917 0.83146961409123665
 0.83146961008111409 0.80320752927703909 0.77301045334448881 0.74095112759784354 0.70710678355450696
 0.707106778450589 0.67155895215411165 0.6343932841486758 0.59569930721758757 0.55557023587582577
 0.55557022987425353 0.51410274111449694 0.47139673681487781 0.4275550965329763 0.38268343559981105
 0.38268342893122131 0.33688985004598787 0.29028467724761703 0.2429801832642608 0.19509032550503652
 0.19509031842569929 0.14673047097021399 0.098017140327251187 0.049067677817555111 3.6090174876379802e-09
 -3.6090121332281033e-09 -0.049067677817549719 -0.098017140327245775 -0.14673047097020867 -0.19509031842569405
 -0.1950903255050313 -0.24298018326425555 -0.29028467724761176 -0.3368898500459826 -0.38268342893121604
 -0.38268343559980594 -0.42755509653297102 -0.4713967368148726 -0.51410274111449195 -0.55557022987424853
 -0.55557023587582133 -0.5956993072175828 -0.63439328414867113 -0.67155895215410744 -0.70710677845058512
 -0.70710678355450296 -0.74095112759783954 -0.77301045334448493 -0.80320752927703554 -0.83146961008111098
 -0.83146961409123332 -0.85772861167468606 -0.8819212643275216 -0.9039892914938138 -0.92387953088974384
 -0.9238795336519644 -0.94154406622461584 -0.9569403357095887 -0.97003125220151365 -0.98078527944388694
 -0.98078528085205463 -0.98917651033352239 -0.99518472664865221 -0.99879545588689578 -0.99999999973971598


# name: x
# type: range
# base, limit, increment
0 1 0.015625


# name: exata
# type: matrix
# rows: 65
# columns: 1
 1
 0.99879545620517241
 0.99518472667219693
 0.98917650996478101
 0.98078528040323043
 0.97003125319454397
 0.95694033573220882
 0.94154406518302081
 0.92387953251128674
 0.90398929312344334
 0.88192126434835505
 0.85772861000027212
 0.83146961230254524
 0.80320753148064494
 0.77301045336273699
 0.74095112535495911
 0.70710678118654757
 0.67155895484701833
 0.63439328416364549
 0.59569930449243347
 0.55557023301960229
 0.51410274419322166
 0.47139673682599781
 0.4275550934302822
 0.38268343236508984
 0.33688985339222005
 0.29028467725446233
 0.24298017990326398
 0.19509032201612833
 0.14673047445536175
 0.09801714032956077
 0.049067674327418126
 6.123233995736766e-17
 -0.049067674327418008
 -0.098017140329560645
 -0.14673047445536164
 -0.19509032201612819
 -0.24298017990326387
 -0.29028467725446216
 -0.33688985339221994
 -0.38268343236508973
 -0.42755509343028186
 -0.4713967368259977
 -0.51410274419322166
 -0.55557023301960196
 -0.59569930449243336
 -0.63439328416364538
 -0.67155895484701844
 -0.70710678118654746
 -0.74095112535495888
 -0.77301045336273699
 -0.80320753148064483
 -0.83146961230254535
 -0.85772861000027201
 -0.88192126434835494
 -0.90398929312344334
 -0.92387953251128674
 -0.9415440651830207
 -0.95694033573220882
 -0.97003125319454397
 -0.98078528040323043
 -0.98917650996478101
 -0.99518472667219682
 -0.99879545620517241
 -1


