# Created by Octave 6.3.0, Sat Sep 25 14:29:27 2021 -03 <kuroneko@kuroneko-VirtualBox>
# name: beta
# type: scalar
0


# name: Lambda
# type: matrix
# rows: 65
# columns: 1
 1
 0.99879545620528365
 0.99518472667241065
 0.98917650996508821
 0.98078528040362234
 0.9700312531950116
 0.95694033573274373
 0.94154406518361455
 0.92387953251193111
 0.90398929312413001
 0.88192126434907581
 0.85772861000101908
 0.83146961230331096
 0.8032075314814221
 0.77301045336351848
 0.74095112535573804
 0.70710678118731751
 0.67155895484777306
 0.63439328416437868
 0.59569930449313946
 0.55557023302027586
 0.51410274419385804
 0.47139673682659206
 0.42755509343083059
 0.38268343236558855
 0.33688985339266575
 0.29028467725485196
 0.24298017990359486
 0.19509032201639837
 0.14673047445556922
 0.098017140329704114
 0.04906767432749666
 1.3314178174692534e-14
 -0.04906767432747005
 -0.098017140329677566
 -0.1467304744555428
 -0.19509032201637214
 -0.24298017990356882
 -0.29028467725482626
 -0.33688985339264038
 -0.38268343236556351
 -0.42755509343080589
 -0.4713967368265678
 -0.51410274419383406
 -0.55557023302025221
 -0.59569930449311626
 -0.63439328416435592
 -0.67155895484775074
 -0.70710678118729586
 -0.74095112535571717
 -0.77301045336349827
 -0.80320753148140267
 -0.83146961230329264
 -0.85772861000100176
 -0.88192126434905938
 -0.90398929312411458
 -0.92387953251191712
 -0.9415440651836019
 -0.95694033573273252
 -0.97003125319500183
 -0.98078528040361412
 -0.98917650996508177
 -0.99518472667240632
 -0.99879545620528154
 -1


# name: nen
# type: scalar
5


# name: nel
# type: scalar
64


# name: h
# type: scalar
0.015625


# name: xl
# type: matrix
# rows: 257
# columns: 1
 0
 0.00390625
 0.0078125
 0.01171875
 0.015625
 0.01953125
 0.0234375
 0.02734375
 0.03125
 0.03515625
 0.0390625
 0.04296875
 0.046875
 0.05078125
 0.0546875
 0.05859375
 0.0625
 0.06640625
 0.0703125
 0.07421875
 0.078125
 0.08203125
 0.0859375
 0.08984375
 0.09375
 0.09765625
 0.1015625
 0.10546875
 0.109375
 0.11328125
 0.1171875
 0.12109375
 0.125
 0.12890625
 0.1328125
 0.13671875
 0.140625
 0.14453125
 0.1484375
 0.15234375
 0.15625
 0.16015625
 0.1640625
 0.16796875
 0.171875
 0.17578125
 0.1796875
 0.18359375
 0.1875
 0.19140625
 0.1953125
 0.19921875
 0.203125
 0.20703125
 0.2109375
 0.21484375
 0.21875
 0.22265625
 0.2265625
 0.23046875
 0.234375
 0.23828125
 0.2421875
 0.24609375
 0.25
 0.25390625
 0.2578125
 0.26171875
 0.265625
 0.26953125
 0.2734375
 0.27734375
 0.28125
 0.28515625
 0.2890625
 0.29296875
 0.296875
 0.30078125
 0.3046875
 0.30859375
 0.3125
 0.31640625
 0.3203125
 0.32421875
 0.328125
 0.33203125
 0.3359375
 0.33984375
 0.34375
 0.34765625
 0.3515625
 0.35546875
 0.359375
 0.36328125
 0.3671875
 0.37109375
 0.375
 0.37890625
 0.3828125
 0.38671875
 0.390625
 0.39453125
 0.3984375
 0.40234375
 0.40625
 0.41015625
 0.4140625
 0.41796875
 0.421875
 0.42578125
 0.4296875
 0.43359375
 0.4375
 0.44140625
 0.4453125
 0.44921875
 0.453125
 0.45703125
 0.4609375
 0.46484375
 0.46875
 0.47265625
 0.4765625
 0.48046875
 0.484375
 0.48828125
 0.4921875
 0.49609375
 0.5
 0.50390625
 0.5078125
 0.51171875
 0.515625
 0.51953125
 0.5234375
 0.52734375
 0.53125
 0.53515625
 0.5390625
 0.54296875
 0.546875
 0.55078125
 0.5546875
 0.55859375
 0.5625
 0.56640625
 0.5703125
 0.57421875
 0.578125
 0.58203125
 0.5859375
 0.58984375
 0.59375
 0.59765625
 0.6015625
 0.60546875
 0.609375
 0.61328125
 0.6171875
 0.62109375
 0.625
 0.62890625
 0.6328125
 0.63671875
 0.640625
 0.64453125
 0.6484375
 0.65234375
 0.65625
 0.66015625
 0.6640625
 0.66796875
 0.671875
 0.67578125
 0.6796875
 0.68359375
 0.6875
 0.69140625
 0.6953125
 0.69921875
 0.703125
 0.70703125
 0.7109375
 0.71484375
 0.71875
 0.72265625
 0.7265625
 0.73046875
 0.734375
 0.73828125
 0.7421875
 0.74609375
 0.75
 0.75390625
 0.7578125
 0.76171875
 0.765625
 0.76953125
 0.7734375
 0.77734375
 0.78125
 0.78515625
 0.7890625
 0.79296875
 0.796875
 0.80078125
 0.8046875
 0.80859375
 0.8125
 0.81640625
 0.8203125
 0.82421875
 0.828125
 0.83203125
 0.8359375
 0.83984375
 0.84375
 0.84765625
 0.8515625
 0.85546875
 0.859375
 0.86328125
 0.8671875
 0.87109375
 0.875
 0.87890625
 0.8828125
 0.88671875
 0.890625
 0.89453125
 0.8984375
 0.90234375
 0.90625
 0.91015625
 0.9140625
 0.91796875
 0.921875
 0.92578125
 0.9296875
 0.93359375
 0.9375
 0.94140625
 0.9453125
 0.94921875
 0.953125
 0.95703125
 0.9609375
 0.96484375
 0.96875
 0.97265625
 0.9765625
 0.98046875
 0.984375
 0.98828125
 0.9921875
 0.99609375
 1


