# Created by Octave 6.2.0, Wed May 05 13:41:45 2021 -03 <kuroneko@kuroneko-VirtualBox>
# name: xl
# type: matrix
# rows: 1
# columns: 65
 -2 -1.9375 -1.875 -1.8125 -1.75 -1.6875 -1.625 -1.5625 -1.5 -1.4375 -1.375 -1.3125 -1.25 -1.1875 -1.125 -1.0625 -1 -0.9375 -0.875 -0.8125 -0.75 -0.6875 -0.625 -0.5625 -0.5 -0.4375 -0.375 -0.3125 -0.25 -0.1875 -0.125 -0.0625 0 0.0625 0.125 0.1875 0.25 0.3125 0.375 0.4375 0.5 0.5625 0.625 0.6875 0.75 0.8125 0.875 0.9375 1 1.0625 1.125 1.1875 1.25 1.3125 1.375 1.4375 1.5 1.5625 1.625 1.6875 1.75 1.8125 1.875 1.9375 2


# name: h
# type: scalar
0.0625


# name: u
# type: matrix
# rows: 65
# columns: 1
 -0.90959510048113945
 -0.93381777183833925
 -0.95439652399253649
 -0.97124767632903963
 -0.98430631532534241
 -0.99352120883654327
 -0.99885643679024161
 -1.0002911481162955
 -0.99781974488474612
 -0.99145187664322165
 -0.98121241011026927
 -0.96714133009532899
 -0.94929358388837859
 -0.92773886655007665
 -0.90256134879205085
 -0.87385934828188805
 -0.84174494571747305
 -0.80634354715353362
 -0.76779339429387305
 -0.72624502466042551
 -0.68186068374746645
 -0.63481369145642785
 -0.58528776528539028
 -0.53347630291618742
 -0.47958162700059587
 -0.42381419509470869
 -0.36639177782668453
 -0.30753860850710396
 -0.24748450750269027
 -0.18646398479269621
 -0.12471532421245281
 -0.062479652960092523
 0
 0.062479652960092523
 0.12471532421245281
 0.18646398479269619
 0.24748450750269033
 0.30753860850710396
 0.36639177782668453
 0.42381419509470869
 0.4795816270005957
 0.53347630291618742
 0.58528776528539028
 0.63481369145642763
 0.68186068374746645
 0.7262450246604254
 0.76779339429387317
 0.80634354715353362
 0.84174494571747316
 0.87385934828188816
 0.90256134879205085
 0.92773886655007654
 0.94929358388837903
 0.96714133009532888
 0.98121241011026994
 0.99145187664322176
 0.99781974488474601
 1.0002911481162959
 0.9988564367902415
 0.99352120883654382
 0.9843063153253423
 0.97124767632903974
 0.95439652399253694
 0.93381777183833903
 0.90959510048113967


# name: x
# type: range
# base, limit, increment
-2 2 0.0625


# name: exata
# type: matrix
# rows: 1
# columns: 65
 -0.90929742682568171 -0.9335142808623762 -0.95408578160969382 -0.97093159779745053 -0.98398594687393692 -0.9931978518853749 -0.99853134053983161 -0.99996558567824889 -0.99749498660405445 -0.99112919095376162 -0.98089305702315566 -0.96682655669618023 -0.9489846193555862 -0.92743691738486767 -0.90226759409909518 -0.87357493516707108 -0.8414709848078965 -0.80608110826069301 -0.76754350223602708 -0.72600865526071257 -0.68163876002333412 -0.63460708001526933 -0.58509727294046221 -0.53330267353602012 -0.47942553860420301 -0.42367625720393803 -0.36627252908604757 -0.30743851458038085 -0.24740395925452294 -0.18640329676226988 -0.12467473338522769 -0.062459317842380201 0 0.062459317842380201 0.12467473338522769 0.18640329676226988 0.24740395925452294 0.30743851458038085 0.36627252908604757 0.42367625720393803 0.47942553860420301 0.53330267353602012 0.58509727294046221 0.63460708001526933 0.68163876002333412 0.72600865526071257 0.76754350223602708 0.80608110826069301 0.8414709848078965 0.87357493516707108 0.90226759409909518 0.92743691738486767 0.9489846193555862 0.96682655669618023 0.98089305702315566 0.99112919095376162 0.99749498660405445 0.99996558567824889 0.99853134053983161 0.9931978518853749 0.98398594687393692 0.97093159779745053 0.95408578160969382 0.9335142808623762 0.90929742682568171


