# Created by Octave 6.2.0, Wed May 05 13:41:45 2021 -03 <kuroneko@kuroneko-VirtualBox>
# name: xl
# type: matrix
# rows: 1
# columns: 257
 -2 -1.984375 -1.96875 -1.953125 -1.9375 -1.921875 -1.90625 -1.890625 -1.875 -1.859375 -1.84375 -1.828125 -1.8125 -1.796875 -1.78125 -1.765625 -1.75 -1.734375 -1.71875 -1.703125 -1.6875 -1.671875 -1.65625 -1.640625 -1.625 -1.609375 -1.59375 -1.578125 -1.5625 -1.546875 -1.53125 -1.515625 -1.5 -1.484375 -1.46875 -1.453125 -1.4375 -1.421875 -1.40625 -1.390625 -1.375 -1.359375 -1.34375 -1.328125 -1.3125 -1.296875 -1.28125 -1.265625 -1.25 -1.234375 -1.21875 -1.203125 -1.1875 -1.171875 -1.15625 -1.140625 -1.125 -1.109375 -1.09375 -1.078125 -1.0625 -1.046875 -1.03125 -1.015625 -1 -0.984375 -0.96875 -0.953125 -0.9375 -0.921875 -0.90625 -0.890625 -0.875 -0.859375 -0.84375 -0.828125 -0.8125 -0.796875 -0.78125 -0.765625 -0.75 -0.734375 -0.71875 -0.703125 -0.6875 -0.671875 -0.65625 -0.640625 -0.625 -0.609375 -0.59375 -0.578125 -0.5625 -0.546875 -0.53125 -0.515625 -0.5 -0.484375 -0.46875 -0.453125 -0.4375 -0.421875 -0.40625 -0.390625 -0.375 -0.359375 -0.34375 -0.328125 -0.3125 -0.296875 -0.28125 -0.265625 -0.25 -0.234375 -0.21875 -0.203125 -0.1875 -0.171875 -0.15625 -0.140625 -0.125 -0.109375 -0.09375 -0.078125 -0.0625 -0.046875 -0.03125 -0.015625 0 0.015625 0.03125 0.046875 0.0625 0.078125 0.09375 0.109375 0.125 0.140625 0.15625 0.171875 0.1875 0.203125 0.21875 0.234375 0.25 0.265625 0.28125 0.296875 0.3125 0.328125 0.34375 0.359375 0.375 0.390625 0.40625 0.421875 0.4375 0.453125 0.46875 0.484375 0.5 0.515625 0.53125 0.546875 0.5625 0.578125 0.59375 0.609375 0.625 0.640625 0.65625 0.671875 0.6875 0.703125 0.71875 0.734375 0.75 0.765625 0.78125 0.796875 0.8125 0.828125 0.84375 0.859375 0.875 0.890625 0.90625 0.921875 0.9375 0.953125 0.96875 0.984375 1 1.015625 1.03125 1.046875 1.0625 1.078125 1.09375 1.109375 1.125 1.140625 1.15625 1.171875 1.1875 1.203125 1.21875 1.234375 1.25 1.265625 1.28125 1.296875 1.3125 1.328125 1.34375 1.359375 1.375 1.390625 1.40625 1.421875 1.4375 1.453125 1.46875 1.484375 1.5 1.515625 1.53125 1.546875 1.5625 1.578125 1.59375 1.609375 1.625 1.640625 1.65625 1.671875 1.6875 1.703125 1.71875 1.734375 1.75 1.765625 1.78125 1.796875 1.8125 1.828125 1.84375 1.859375 1.875 1.890625 1.90625 1.921875 1.9375 1.953125 1.96875 1.984375 2


# name: h
# type: scalar
0.015625


# name: u
# type: matrix
# rows: 257
# columns: 1
 -0.90931595217733352
 -0.91570708370508258
 -0.9218746994116126
 -0.92781724166461121
 -0.93353327358347904
 -0.9390213959549385
 -0.94428026993101832
 -0.94930861136554123
 -0.95410519273274486
 -0.95866884299687205
 -0.96299844801331103
 -0.96709295076971324
 -0.97095135165232238
 -0.97457270868780199
 -0.97795613777379597
 -0.98110081289461104
 -0.98400596632291915
 -0.98667088880717568
 -0.98909492974477753
 -0.99127749734089421
 -0.99321805875295088
 -0.99491614022070896
 -0.996371327181933
 -0.99758326437359657
 -0.99855165591861572
 -0.99927626539808345
 -0.9997569159089873
 -0.99999349010739957
 -0.99998593023712179
 -0.99973423814378803
 -0.99923847527441356
 -0.99849876266239213
 -0.99751528089794894
 -0.99628827008405263
 -0.99481802977779443
 -0.99310491891725938
 -0.99114935573389518
 -0.98895181765040496
 -0.98651284116419635
 -0.98383302171639719
 -0.98091301354649263
 -0.97775352953259809
 -0.97435534101742183
 -0.97071927761995447
 -0.966846227032924
 -0.96273713480608558
 -0.95839300411537254
 -0.95381489551799048
 -0.94900392669349287
 -0.94396127217092096
 -0.93868816304205271
 -0.93318588666085656
 -0.92745578632919623
 -0.9214992609688869
 -0.91531776478016691
 -0.90891280688667497
 -0.90228595096702147
 -0.895438814873037
 -0.88837307023479584
 -0.88109044205251541
 -0.87359270827541902
 -0.86588169936767512
 -0.85795929786151792
 -0.84982743789765114
 -0.84148810475305824
 -0.83294333435632306
 -0.82419521279059005
 -0.81524587578427166
 -0.80609750818964887
 -0.79675234344946222
 -0.78721266305165516
 -0.77748079597237874
 -0.7675591181074054
 -0.75745005169208934
 -0.74715606471001139
 -0.73667967029045633
 -0.72602342609487036
 -0.71518993369243977
 -0.70418183792496269
 -0.69300182626114093
 -0.68165262814047944
 -0.67013701430692807
 -0.65845779613244781
 -0.64661782493065245
 -0.63461999126070179
 -0.6224672242216126
 -0.61016249073716355
 -0.59770879483155925
 -0.58510917689604425
 -0.57236671294663399
 -0.55948451387314879
 -0.54646572467973564
 -0.53331352371706076
 -0.52003112190635958
 -0.50662176195553876
 -0.49308871756751244
 -0.4794352926409769
 -0.46566482046381041
 -0.45178066289929875
 -0.43778620956538444
 -0.42368487700714041
 -0.40948010786266925
 -0.3951753700226327
 -0.38077415578361529
 -0.3662799809955315
 -0.35169638420327998
 -0.33702692578285942
 -0.32227518707215363
 -0.30744476949659927
 -0.29253929368994924
 -0.27756239861034721
 -0.26251774065192812
 -0.24740899275216177
 -0.23223984349515808
 -0.21701399621115197
 -0.2017351680723885
 -0.18640708918562865
 -0.17103350168149709
 -0.1556181588008948
 -0.14016482397869878
 -0.12467726992497433
 -0.1091592777039207
 -0.093614635810779431
 -0.078047139246927369
 -0.062460588593381237
 -0.046858789082940638
 -0.031245549671194837
 -0.015624682106620881
 -1.6496559228420771e-18
 0.015624682106620885
 0.031245549671194826
 0.046858789082940645
 0.062460588593381237
 0.078047139246927341
 0.093614635810779459
 0.10915927770392067
 0.12467726992497428
 0.14016482397869884
 0.15561815880089475
 0.17103350168149711
 0.18640708918562857
 0.20173516807238856
 0.21701399621115192
 0.23223984349515808
 0.24740899275216177
 0.26251774065192807
 0.27756239861034721
 0.29253929368994919
 0.30744476949659927
 0.32227518707215358
 0.33702692578285953
 0.35169638420327992
 0.36627998099553138
 0.38077415578361545
 0.39517537002263253
 0.40948010786266931
 0.42368487700714041
 0.43778620956538444
 0.4517806628992988
 0.46566482046381041
 0.4794352926409769
 0.49308871756751244
 0.50662176195553876
 0.52003112190635958
 0.53331352371706076
 0.54646572467973575
 0.55948451387314846
 0.57236671294663422
 0.58510917689604458
 0.59770879483155925
 0.61016249073716355
 0.6224672242216126
 0.63461999126070168
 0.64661782493065234
 0.65845779613244826
 0.67013701430692807
 0.68165262814047956
 0.69300182626114104
 0.70418183792496281
 0.71518993369243977
 0.72602342609487003
 0.73667967029045656
 0.74715606471001128
 0.75745005169208912
 0.76755911810740562
 0.7774807959723784
 0.78721266305165549
 0.79675234344946189
 0.80609750818964887
 0.81524587578427199
 0.82419521279058972
 0.83294333435632339
 0.84148810475305813
 0.84982743789765114
 0.85795929786151759
 0.86588169936767534
 0.87359270827541913
 0.88109044205251541
 0.88837307023479584
 0.89543881487303656
 0.90228595096702169
 0.90891280688667475
 0.91531776478016691
 0.9214992609688869
 0.92745578632919645
 0.93318588666085645
 0.93868816304205283
 0.94396127217092063
 0.9490039266934932
 0.95381489551799037
 0.95839300411537254
 0.96273713480608547
 0.96684622703292422
 0.97071927761995402
 0.97435534101742194
 0.97775352953259809
 0.98091301354649241
 0.98383302171639742
 0.98651284116419613
 0.98895181765040518
 0.99114935573389507
 0.99310491891725927
 0.99481802977779465
 0.99628827008405219
 0.99751528089794939
 0.99849876266239224
 0.99923847527441334
 0.99973423814378837
 0.99998593023712157
 0.99999349010739969
 0.9997569159089873
 0.99927626539808356
 0.99855165591861594
 0.99758326437359657
 0.99637132718193311
 0.99491614022070918
 0.99321805875295066
 0.99127749734089454
 0.98909492974477742
 0.98667088880717591
 0.9840059663229187
 0.98110081289461093
 0.97795613777379631
 0.97457270868780199
 0.9709513516523226
 0.96709295076971347
 0.96299844801331147
 0.95866884299687216
 0.95410519273274497
 0.94930861136554157
 0.94428026993101877
 0.93902139595493839
 0.93353327358347971
 0.92781724166461088
 0.92187469941161293
 0.91570708370508236
 0.90931595217733374


# name: x
# type: range
# base, limit, increment
-2 2 0.015625


