# Created by Octave 6.3.0, Fri Sep 24 20:22:17 2021 -03 <kuroneko@kuroneko-VirtualBox>
# name: beta
# type: scalar
640


# name: Lambda
# type: matrix
# rows: 17
# columns: 1
 1
 0.87228550176055453
 0.74553807197081035
 0.61970161311980776
 0.49468501959428945
 0.37036567881632565
 0.24659418317592213
 0.12320007168168307
 -1.6193188849190631e-06
 -0.12320324808993624
 -0.24659717528707081
 -0.37036837164521652
 -0.49468730965701835
 -0.61970341241054838
 -0.74553931134382867
 -0.87228613358744034
 -1


# name: nen
# type: scalar
3


# name: nel
# type: scalar
16


# name: h
# type: scalar
0.0625


# name: xl
# type: matrix
# rows: 33
# columns: 1
 0
 0.03125
 0.0625
 0.09375
 0.125
 0.15625
 0.1875
 0.21875
 0.25
 0.28125
 0.3125
 0.34375
 0.375
 0.40625
 0.4375
 0.46875
 0.5
 0.53125
 0.5625
 0.59375
 0.625
 0.65625
 0.6875
 0.71875
 0.75
 0.78125
 0.8125
 0.84375
 0.875
 0.90625
 0.9375
 0.96875
 1


# name: U
# type: matrix
# rows: 16
# columns: 3
 -22.78434669885841 8.1737032460758563 -22.171058116432022
 -22.602360377466489 8.1118118122443796 -22.012640131326549
 -22.418917729950557 8.0535115296728712 -21.875428438437297
 -22.241068354379131 8.0010428455255713 -21.764696006173097
 -22.075646902515945 7.9564221019093502 -21.684698219806009
 -21.929010427986768 7.9213640489776189 -21.638509349402923
 -21.806794088273278 7.8972159480441952 -21.62790440735062
 -21.713694588770718 7.8849057970851959 -21.653290935624614
 -21.653289691034285 7.8849066682984388 -21.713693344180385
 -21.62790072140854 7.897218528203684 -21.806790402331195
 -21.638503363757877 7.9213682389293858 -21.929004442341721
 -21.684690164482987 7.9564277406357 -22.07563884719292
 -21.764686190733311 8.0010497163335366 -22.241058538939342
 -21.875417240083202 8.0535193685212469 -22.418906531596463
 -22.012627980404169 8.1118203178903592 -22.602348226544109
 -22.171045479894552 8.1737120916525008 -22.784334062320937


# name: P
# type: matrix
# rows: 16
# columns: 3
 0.96807268872887087 -1.8515306830825866 0.84035880652063877
 0.84060299573377484 -1.5973752793843761 0.71385615830151028
 0.71408617958798515 -1.3452678652892038 0.58825026665676228
 0.58845728042753376 -1.0950429270232727 0.4634411654047042
 0.46361721623665658 -0.84646260832237952 0.33929826815570086
 0.3394365905140927 -0.59922585111474513 0.21566538667389071
 0.21576066490806051 -0.35297996501388523 0.092366733103498327
 0.092415305724340091 -0.1073341810123674 -0.030786324602449171
 -0.030786324213514703 0.13812533148437672 -0.15398801365834475
 -0.15403658551626412 0.38381956138038187 -0.27743069240307555
 -0.27752596991858841 0.63016047752166016 -0.40129745807693562
 -0.40143577978855305 0.87753519696448357 -0.5257551104973629
 -0.52593116077927871 1.1262911082840084 -0.65094774203549766
 -0.65115475537410872 1.3767225216261543 -0.77699120022716872
 -0.77722122121596593 1.6290593585337394 -0.903968635817057
 -0.90421282487843868 1.8834583161905376 -1.0319273073222117


# name: x
# type: range
# base, limit, increment
0 1 0.03125


# name: exata
# type: matrix
# rows: 33
# columns: 1
 1
 0.99518472667219693
 0.98078528040323043
 0.95694033573220882
 0.92387953251128674
 0.88192126434835505
 0.83146961230254524
 0.77301045336273699
 0.70710678118654757
 0.63439328416364549
 0.55557023301960229
 0.47139673682599781
 0.38268343236508984
 0.29028467725446233
 0.19509032201612833
 0.09801714032956077
 6.123233995736766e-17
 -0.098017140329560645
 -0.19509032201612819
 -0.29028467725446216
 -0.38268343236508973
 -0.4713967368259977
 -0.55557023301960196
 -0.63439328416364538
 -0.70710678118654746
 -0.77301045336273699
 -0.83146961230254535
 -0.88192126434835494
 -0.92387953251128674
 -0.95694033573220882
 -0.98078528040323043
 -0.99518472667219682
 -1


