# Created by Octave 6.3.0, Fri Sep 24 20:22:35 2021 -03 <kuroneko@kuroneko-VirtualBox>
# name: beta
# type: scalar
640


# name: Lambda
# type: matrix
# rows: 5
# columns: 1
 1
 0.49869751817947683
 6.3417520271855408e-08
 -0.49869742849355958
 -1


# name: nen
# type: scalar
5


# name: nel
# type: scalar
4


# name: h
# type: scalar
0.25


# name: xl
# type: matrix
# rows: 17
# columns: 1
 0
 0.0625
 0.125
 0.1875
 0.25
 0.3125
 0.375
 0.4375
 0.5
 0.5625
 0.625
 0.6875
 0.75
 0.8125
 0.875
 0.9375
 1


# name: U
# type: matrix
# rows: 4
# columns: 5
 -39.27080615189108 7.8695511854822877 -15.509817084328983 9.0020271483047392 -37.049421723055126
 -38.508633498123338 8.1682531194673356 -15.385840681814063 8.6373400223299264 -37.588505940455079
 -37.58850610576868 8.6373398785656406 -15.385840836679506 8.1682529757030569 -38.508633663436932
 -37.04942212215721 9.0020268012270996 -15.509817458207088 7.8695508384046535 -39.270806550993143


# name: P
# type: matrix
# rows: 4
# columns: 5
 0.94360308851663199 -1.456902437457962 -0.13816012870506114 -0.77047658489674975 0.44230051757072858
 0.44259305251789954 -0.69490491680765243 -0.054246429566323411 -0.016112861063672414 -0.056104439160998262
 -0.056104439187118604 0.048548085715698998 0.01216803940137782 0.72734016023739845 -0.55480189418125736
 -0.55509442916536778 0.80308098169459807 0.095862400436132547 1.4895068795892361 -1.0563969115464278


# name: x
# type: range
# base, limit, increment
0 1 0.0625


# name: exata
# type: matrix
# rows: 17
# columns: 1
 1
 0.98078528040323043
 0.92387953251128674
 0.83146961230254524
 0.70710678118654757
 0.55557023301960229
 0.38268343236508984
 0.19509032201612833
 6.123233995736766e-17
 -0.19509032201612819
 -0.38268343236508973
 -0.55557023301960196
 -0.70710678118654746
 -0.83146961230254535
 -0.92387953251128674
 -0.98078528040323043
 -1


