# Created by Octave 6.3.0, Fri Sep 24 20:22:36 2021 -03 <kuroneko@kuroneko-VirtualBox>
# name: beta
# type: scalar
2560


# name: Lambda
# type: matrix
# rows: 17
# columns: 1
 1
 0.87433468384818058
 0.74890641816507009
 0.62370144914039582
 0.49869744179852671
 0.37386433831906207
 0.24916551314201327
 0.12455918046753381
 6.0773863626440164e-11
 -0.12455918034832157
 -0.24916551302971771
 -0.37386433821799864
 -0.49869744171257918
 -0.62370144907286718
 -0.74890641811855541
 -0.87433468382446733
 -1


# name: nen
# type: scalar
5


# name: nel
# type: scalar
16


# name: h
# type: scalar
0.0625


# name: xl
# type: matrix
# rows: 65
# columns: 1
 0
 0.015625
 0.03125
 0.046875
 0.0625
 0.078125
 0.09375
 0.109375
 0.125
 0.140625
 0.15625
 0.171875
 0.1875
 0.203125
 0.21875
 0.234375
 0.25
 0.265625
 0.28125
 0.296875
 0.3125
 0.328125
 0.34375
 0.359375
 0.375
 0.390625
 0.40625
 0.421875
 0.4375
 0.453125
 0.46875
 0.484375
 0.5
 0.515625
 0.53125
 0.546875
 0.5625
 0.578125
 0.59375
 0.609375
 0.625
 0.640625
 0.65625
 0.671875
 0.6875
 0.703125
 0.71875
 0.734375
 0.75
 0.765625
 0.78125
 0.796875
 0.8125
 0.828125
 0.84375
 0.859375
 0.875
 0.890625
 0.90625
 0.921875
 0.9375
 0.953125
 0.96875
 0.984375
 1


# name: U
# type: matrix
# rows: 16
# columns: 5
 -38.509691869221562 8.2977077252715006 -15.582004891787813 8.6045244552657731 -37.89679760711406
 -38.427791192166509 8.2879038857668359 -15.551641005142793 8.5829298208922342 -37.838450112836732
 -38.338635132876021 8.2846797659777582 -15.523038849348231 8.5565772249998648 -37.795495283496336
 -38.245649908709666 8.2881592670194966 -15.497297589211273 8.5264793830699404 -37.76958384909539
 -38.152408889685354 8.2982086736199854 -15.475406446922284 8.4937929382904098 -37.76171157152654
 -38.062495275873353 8.3144417927175933 -15.458206686803234 8.459774012401633 -37.772180978001273
 -37.979364397029329 8.3362347946498936 -15.446359285989859 8.4257299336483431 -37.800589735101056
 -37.90621092620632 8.3627501865740133 -15.440319533451154 8.392968996884612 -37.845846110221792
 -37.845846110263324 8.3929689968484347 -15.440319533490079 8.3627501865378502 -37.90621092624783
 -37.800589735224044 8.4257299335411009 -15.446359286105206 8.3362347945426603 -37.979364397152288
 -37.772180978201213 8.4597740122274878 -15.458206686990662 8.3144417925434535 -38.062495276073278
 -37.761711571794564 8.4937929380557229 -15.475406447174135 8.2982086733853073 -38.152408889953357
 -37.769583849422624 8.5264793827848919 -15.497297589518048 8.288159266734457 -38.245649909036885
 -37.795495283869776 8.5565772246737968 -15.523038849698693 8.2846797656516991 -38.33863513324944
 -37.838450113242267 8.5829298205382329 -15.551641005523333 8.28790388541284 -38.427791192572023
 -37.896797607535618 8.6045244548982236 -15.582004892183177 8.2977077249039581 -38.509691869643099


# name: P
# type: matrix
# rows: 16
# columns: 5
 0.98586265183701405 -1.5576764034685011 -0.23480125463488269 -1.384898179194213 0.86019733566163015
 0.86022400365388418 -1.3595193378844264 -0.20358871361045941 -1.1870897836724128 0.73479573794811492
 0.734820858647527 -1.161867966140862 -0.17261137634693857 -0.98976685194558534 0.60961588960197022
 0.60963849763414923 -0.96468943423993569 -0.14185121161320283 -0.79288390825019484 0.48463449027397648
 0.48465371682492436 -0.76793271721377121 -0.11128184235959461 -0.59637856832940017 0.35982061333043824
 0.35983571953458499 -0.57153057998542156 -0.080869559373155944 -0.40017393682506919 0.2351368943463743
 0.23514729968076575 -0.37540216117516007 -0.050574616703777768 -0.20418156232326132 0.11054096699941278
 0.11054627159288385 -0.17945608055795464 -0.020352759078772254 -0.0083048364924664039 -0.014012908816196977
 -0.014012908816198589 0.016406049245729564 0.0098430773918186023 0.18755729331239834 -0.13857208922297315
 -0.13857739381644735 0.2122858417981115 0.040060956576324754 0.38350644065350614 -0.26318372649097005
 -0.26319413182536444 0.40828423189188168 0.07034809525394016 0.57964087505791084 -0.3878929570024835
 -0.38790806320663257 0.60449759668272662 0.1007490486003816 0.77605174557473477 -0.51274116668619163
 -0.51276039323714218 0.80101405196928277 0.13130399795746525 0.9728195779683303 -0.63776440057912653
 -0.6377870086113071 0.99791006595241283 0.16204720668669439 1.1700111801583069 -0.76299197763611293
 -0.76301709833552611 1.1952475206051181 0.19300570344745541 1.3676770748286529 -0.88844536401877916
 -0.8884720320110342 1.3930713335830547 0.22419824350083817 1.5658495578693252 -1.0141373481630023


# name: x
# type: range
# base, limit, increment
0 1 0.015625


# name: exata
# type: matrix
# rows: 65
# columns: 1
 1
 0.99879545620517241
 0.99518472667219693
 0.98917650996478101
 0.98078528040323043
 0.97003125319454397
 0.95694033573220882
 0.94154406518302081
 0.92387953251128674
 0.90398929312344334
 0.88192126434835505
 0.85772861000027212
 0.83146961230254524
 0.80320753148064494
 0.77301045336273699
 0.74095112535495911
 0.70710678118654757
 0.67155895484701833
 0.63439328416364549
 0.59569930449243347
 0.55557023301960229
 0.51410274419322166
 0.47139673682599781
 0.4275550934302822
 0.38268343236508984
 0.33688985339222005
 0.29028467725446233
 0.24298017990326398
 0.19509032201612833
 0.14673047445536175
 0.09801714032956077
 0.049067674327418126
 6.123233995736766e-17
 -0.049067674327418008
 -0.098017140329560645
 -0.14673047445536164
 -0.19509032201612819
 -0.24298017990326387
 -0.29028467725446216
 -0.33688985339221994
 -0.38268343236508973
 -0.42755509343028186
 -0.4713967368259977
 -0.51410274419322166
 -0.55557023301960196
 -0.59569930449243336
 -0.63439328416364538
 -0.67155895484701844
 -0.70710678118654746
 -0.74095112535495888
 -0.77301045336273699
 -0.80320753148064483
 -0.83146961230254535
 -0.85772861000027201
 -0.88192126434835494
 -0.90398929312344334
 -0.92387953251128674
 -0.9415440651830207
 -0.95694033573220882
 -0.97003125319454397
 -0.98078528040323043
 -0.98917650996478101
 -0.99518472667219682
 -0.99879545620517241
 -1


