# Created by Octave 6.3.0, Fri Sep 24 20:22:53 2021 -03 <kuroneko@kuroneko-VirtualBox>
# name: beta
# type: scalar
40960


# name: Lambda
# type: matrix
# rows: 257
# columns: 1
 1
 0.99213883835322869
 0.98427862378181563
 0.97641935607181685
 0.96856103486669409
 0.96070365966736848
 0.95284722983229675
 0.94499174457756729
 0.93713720297701786
 0.92928360396237553
 0.92143094632341693
 0.91357922870815178
 0.90572844962302534
 0.89787860743314318
 0.89002970036251849
 0.8821817264943389
 0.87433468377125478
 0.86648856999568991
 0.85864338283017194
 0.85079911979768419
 0.84295577828203927
 0.83511335552827248
 0.82727184864305725
 0.8194312545951401
 0.81159157021579775
 0.80375279219931461
 0.79591491710348006
 0.78807794135010667
 0.78024186122556949
 0.772406672881365
 0.76457237233469089
 0.7567389554690459
 0.7489064180348497
 0.74107475565008296
 0.73324396380094659
 0.72541403784254255
 0.71758497299957269
 0.70975676436705804
 0.70192940691107719
 0.69410289546952497
 0.68627722475288977
 0.67845238934504948
 0.67062838370408773
 0.66280520216312822
 0.65498283893118869
 0.64716128809405205
 0.63934054361515724
 0.63152059933650939
 0.62370144897960611
 0.61588308614638343
 0.60806550432017892
 0.60024869686671356
 0.5924326570350904
 0.58461737795881175
 0.57680285265681319
 0.56898907403451404
 0.56117603488488665
 0.55336372788954147
 0.54555214561982923
 0.53774128053796
 0.52993112499813744
 0.52212167124771125
 0.5143129114283439
 0.50650483757719467
 0.49869744162811841
 0.49089071541288037
 0.48308465066238626
 0.4752792390079279
 0.46747447198244307
 0.45967034102179105
 0.45186683746604167
 0.44406395256078007
 0.43626167745842503
 0.42846000321956113
 0.42065892081428508
 0.41285842112356574
 0.4050584949406173
 0.3972591329722856
 0.38946032584044821
 0.38166206408342596
 0.37386433815740855
 0.36606713843789129
 0.35827045522112488
 0.3504742787255764
 0.34267859909340276
 0.33488340639193503
 0.32708869061517426
 0.31929444168529858
 0.31150064945418043
 0.30370730370491517
 0.29591439415335974
 0.28812191044968122
 0.28032984217991563
 0.27253817886753612
 0.2647469099750307
 0.2569560249054893
 0.24916551300419951
 0.24137536356025113
 0.23358556580814921
 0.22579610892943533
 0.21800698205431668
 0.21021817426330322
 0.202429674588852
 0.19464147201701892
 0.18685355548911722
 0.17906591390338303
 0.1712785361166472
 0.16349141094601341
 0.1557045271705422
 0.14791787353294103
 0.14013143874125933
 0.13234521147058922
 0.12455918036477093
 0.11677333403810287
 0.1089876610770565
 0.101202150041995
 0.093416789468896116
 0.085631567871078562
 0.077846473740931885
 0.070061495551649478
 0.062276621758964472
 0.054491840802888235
 0.046707141109451289
 0.038922511092446328
 0.031137939155172982
 0.023353413692184331
 0.015568923091034586
 0.0077844557340278923
 -3.2086685438003585e-14
 -0.0077844557340920641
 -0.015568923091098754
 -0.023353413692248491
 -0.031137939155237132
 -0.038922511092510478
 -0.04670714110951546
 -0.054491840802952413
 -0.062276621759028671
 -0.070061495551713704
 -0.077846473740996139
 -0.08563156787114283
 -0.093416789468960426
 -0.10120215004205932
 -0.1089876610771208
 -0.11677333403816716
 -0.12455918036483518
 -0.13234521147065345
 -0.1401314387413235
 -0.14791787353300509
 -0.15570452717060615
 -0.16349141094607722
 -0.17127853611671093
 -0.17906591390344664
 -0.18685355548918067
 -0.19464147201708221
 -0.20242967458891512
 -0.21021817426336617
 -0.21800698205437949
 -0.22579610892949803
 -0.23358556580821185
 -0.24137536356031364
 -0.24916551300426187
 -0.25695602490555147
 -0.26474690997509265
 -0.27253817886759785
 -0.28032984217997725
 -0.28812191044974278
 -0.29591439415342119
 -0.30370730370497651
 -0.31150064945424166
 -0.31929444168535964
 -0.3270886906152351
 -0.33488340639199543
 -0.34267859909346271
 -0.35047427872563597
 -0.358270455221184
 -0.36606713843795002
 -0.37386433815746684
 -0.38166206408348385
 -0.38946032584050566
 -0.39725913297234255
 -0.40505849494067359
 -0.41285842112362159
 -0.42065892081434036
 -0.42846000321961575
 -0.43626167745847905
 -0.44406395256083342
 -0.4518668374660943
 -0.4596703410218429
 -0.46747447198249403
 -0.47527923900797792
 -0.48308465066243544
 -0.49089071541292867
 -0.49869744162816582
 -0.50650483757724118
 -0.51431291142838942
 -0.52212167124775577
 -0.52993112499818107
 -0.53774128053800263
 -0.54555214561987109
 -0.55336372788958244
 -0.56117603488492696
 -0.56898907403455379
 -0.57680285265685249
 -0.58461737795885049
 -0.59243265703512804
 -0.6002486968667502
 -0.60806550432021467
 -0.61588308614641818
 -0.62370144897963997
 -0.63152059933654214
 -0.63934054361518866
 -0.64716128809408224
 -0.65498283893121789
 -0.66280520216315642
 -0.67062838370411471
 -0.67845238934507535
 -0.68627722475291486
 -0.69410289546954929
 -0.70192940691110073
 -0.70975676436708091
 -0.71758497299959478
 -0.72541403784256386
 -0.73324396380096724
 -0.74107475565010306
 -0.74890641803486935
 -0.756738955469065
 -0.76457237233470932
 -0.77240667288138287
 -0.78024186122558692
 -0.78807794135012366
 -0.7959149171034966
 -0.80375279219933071
 -0.81159157021581341
 -0.81943125459515509
 -0.82727184864307202
 -0.83511335552828692
 -0.84295577828205326
 -0.85079911979769762
 -0.8586433828301846
 -0.86648856999570201
 -0.87433468377126611
 -0.88218172649434978
 -0.89002970036252926
 -0.89787860743315373
 -0.90572844962303545
 -0.91357922870816177
 -0.92143094632342637
 -0.92928360396238419
 -0.93713720297702585
 -0.94499174457757429
 -0.95284722983230274
 -0.96070365966737303
 -0.96856103486669742
 -0.97641935607181918
 -0.98427862378181696
 -0.99213883835322902
 -1


# name: nen
# type: scalar
5


# name: nel
# type: scalar
256


# name: h
# type: scalar
0.00390625


