# Created by Octave 6.3.0, Fri Sep 24 20:22:22 2021 -03 <kuroneko@kuroneko-VirtualBox>
# name: beta
# type: scalar
360


# name: Lambda
# type: matrix
# rows: 5
# columns: 1
 1
 0.59047565949633374
 -9.7346488829266913e-05
 -0.59061332822108559
 -1


# name: nen
# type: scalar
4


# name: nel
# type: scalar
4


# name: h
# type: scalar
0.25


# name: xl
# type: matrix
# rows: 13
# columns: 1
 0
 0.083333333333333329
 0.16666666666666666
 0.25
 0.33333333333333331
 0.41666666666666663
 0.49999999999999994
 0.58333333333333326
 0.66666666666666663
 0.75
 0.83333333333333337
 0.91666666666666674
 1


# name: U
# type: matrix
# rows: 4
# columns: 4
 -91.888125021042427 34.294563960298923 -37.530010256375093 88.489685013153547
 -36.035815169335727 11.001267478348527 -15.62747611881986 31.016104899224683
 31.035148421382338 -15.634913565386293 11.009161118938151 -36.0544024974702
 88.498029292329804 -37.532634753589008 34.298289807310894 -91.895367950420606


# name: P
# type: matrix
# rows: 4
# columns: 4
 0.75255984782475849 -1.396202328875507 -1.1298888067862167 0.83791430889137464
 0.49862416647443181 -0.76503463513054493 -0.16727511156391153 0.091750518500731099
 0.091802783570581178 0.092724252772094368 0.84014184878127462 -0.6825170863128377
 -0.34315302992527463 0.92845695424476504 1.5978646311450075 -1.2474618010760117


# name: x
# type: range
# base, limit, increment
0 1 0.083333333333333329


# name: exata
# type: matrix
# rows: 13
# columns: 1
 1
 0.96592582628906831
 0.86602540378443871
 0.70710678118654757
 0.50000000000000011
 0.25881904510252096
 2.8327694488239898e-16
 -0.25881904510252041
 -0.49999999999999978
 -0.70710678118654746
 -0.86602540378443871
 -0.96592582628906831
 -1


