# Created by Octave 6.3.0, Fri Sep 24 20:22:16 2021 -03 <kuroneko@kuroneko-VirtualBox>
# name: beta
# type: scalar
160


# name: Lambda
# type: matrix
# rows: 5
# columns: 1
 1
 0.49456232856814741
 -0.00010541265378397577
 -0.49471140457277452
 -1


# name: nen
# type: scalar
3


# name: nel
# type: scalar
4


# name: h
# type: scalar
0.25


# name: xl
# type: matrix
# rows: 9
# columns: 1
 0
 0.125
 0.25
 0.375
 0.5
 0.625
 0.75
 0.875
 1


# name: U
# type: matrix
# rows: 4
# columns: 3
 -23.358699355888668 8.08554925186451 -21.114001765933885
 -22.229068594950398 7.9140818038472389 -21.299284409764926
 -21.298975663250221 7.9142979264075297 -22.22875984843569
 -21.11325638591077 8.0860710178807587 -23.357953975865549


# name: P
# type: matrix
# rows: 4
# columns: 3
 0.87396639689128541 -1.3614350646038316 0.36867407456394391
 0.37179099147750455 -0.40403054297458779 -0.1228165441740596
 -0.12281615824091618 0.52713148562567058 -0.61748235573027399
 -0.62059872685194939 1.4875446033024029 -1.1260326713836859


# name: x
# type: range
# base, limit, increment
0 1 0.125


# name: exata
# type: matrix
# rows: 9
# columns: 1
 1
 0.92387953251128674
 0.70710678118654757
 0.38268343236508984
 6.123233995736766e-17
 -0.38268343236508973
 -0.70710678118654746
 -0.92387953251128674
 -1


