# Created by Octave 6.3.0, Fri Sep 24 20:22:22 2021 -03 <kuroneko@kuroneko-VirtualBox>
# name: beta
# type: scalar
10240


# name: Lambda
# type: matrix
# rows: 257
# columns: 1
 1
 0.99198910970645882
 0.98398208057599712
 0.97597891173637774
 0.9679796017340182
 0.95998414853420955
 0.95199254952142276
 0.94400480149970212
 0.93602090069314703
 0.92804084274648047
 0.92006462272570466
 0.91209223511884485
 0.90412367383677816
 0.89615893221415166
 0.88819800301038532
 0.88024087841076326
 0.87228755002760983
 0.86433800890155399
 0.85639224550287696
 0.84845024973294836
 0.84051201092574657
 0.83257751784946554
 0.82464675870820525
 0.81671972114374924
 0.80879639223742539
 0.80087675851205165
 0.79296080593396479
 0.78504851991513425
 0.7771398853153596
 0.7692348864445494
 0.76133350706508518
 0.75343573039426692
 0.74554153910683896
 0.73765091533760085
 0.72976384068409694
 0.7218802962093871
 0.71400026244490022
 0.70612371939336438
 0.69825064653181967
 0.69038102281470837
 0.68251482667704377
 0.67465203603765866
 0.66679262830253017
 0.65893658036818248
 0.65108386862516621
 0.64323446896161407
 0.63538835676687166
 0.62754550693520339
 0.61970589386957442
 0.61186949148550451
 0.60403627321499653
 0.59620621201053792
 0.58837928034917319
 0.58055545023664934
 0.57273469321163151
 0.56491698034998938
 0.55710228226915259
 0.54929056913253593
 0.54148181065403234
 0.53367597610257445
 0.52587303430676213
 0.51807295365955663
 0.5102757021230413
 0.50248124723324528
 0.49468955610503346
 0.48690059543705821
 0.47911433151677441
 0.47133073022551697
 0.46354975704363854
 0.45577137705570819
 0.44799555495576948
 0.44022225505265739
 0.43245144127537349
 0.42468307717851783
 0.41691712594777769
 0.40915355040547147
 0.40139231301614775
 0.39363337589223779
 0.38587670079976122
 0.37812224916408421
 0.37036998207572847
 0.362619860296231
 0.3548718442640531
 0.34712589410053829
 0.33938196961591782
 0.33164003031536327
 0.32390003540508461
 0.31616194379847412
 0.3084257141222933
 0.30069130472290378
 0.29295867367254025
 0.28522777877562455
 0.27749857757512025
 0.26977102735892627
 0.26204508516630964
 0.25432070779437488
 0.2465978518045702
 0.23887647352922931
 0.23115652907814749
 0.22343797434519144
 0.21572076501494142
 0.20800485656936488
 0.20029020429452091
 0.19257676328729392
 0.18486448846215581
 0.17715333455795582
 0.16944325614473657
 0.16173420763057578
 0.1540261432684521
 0.14631901716313442
 0.13861278327809379
 0.13090739544243599
 0.12320280735785497
 0.11549897260560509
 0.10779584465349165
 0.10009337686287841
 0.092391522495711226
 0.084690234721556679
 0.076989466624654515
 0.069289171210983005
 0.061589301415336029
 0.053889810108411006
 0.046190650103906328
 0.038491774165627442
 0.030793135014600483
 0.023094685336192296
 0.01539637778723585
 0.0076981650031599349
 -3.9487789608341725e-10
 -0.0076981657928562553
 -0.015396378576753765
 -0.023094686125412902
 -0.030793135803404922
 -0.038491774953896919
 -0.046190650891522127
 -0.05388981089525452
 -0.061589302201288748
 -0.069289171995926546
 -0.07698946740847068
 -0.084690235504127409
 -0.092391523276918686
 -0.10009337764260491
 -0.10779584543161978
 -0.11549897338201769
 -0.12320280813243509
 -0.13090739621506695
 -0.13861278404865923
 -0.1463190179315183
 -0.15402614403453863
 -0.16173420839424962
 -0.16944325690588269
 -0.1771533353164596
 -0.18486448921790308
 -0.19257676404017082
 -0.20029020504441414
 -0.20800485731616153
 -0.215720765758529
 -0.22343797508545804
 -0.23115652981498155
 -0.23887647426251979
 -0.2465978525342066
 -0.2543207085202473
 -0.26204508588830877
 -0.26977102807694342
 -0.27749857828904723
 -0.28522777948535399
 -0.29295867437796513
 -0.30069130542391787
 -0.308425714818791
 -0.31616194449035051
 -0.3239000360922355
 -0.33164003099768508
 -0.33938197029330786
 -0.34712589477289474
 -0.35487184493127477
 -0.36261986095821741
 -0.37036998273238003
 -0.37812224981530224
 -0.38587670144544756
 -0.39363337653229524
 -0.40139231365047989
 -0.40915355103398265
 -0.41691712657037328
 -0.42468307779510389
 -0.43245144188585694
 -0.44022225565694628
 -0.44799555555377274
 -0.45577137764733577
 -0.46354975762880135
 -0.47133073080412685
 -0.47911433208874432
 -0.48690059600230201
 -0.49468955666346598
 -0.5024812477847822
 -0.51027570266759958
 -0.51807295419705435
 -0.52587303483711823
 -0.53367597662570943
 -0.54148181116986749
 -0.54929056964099388
 -0.55710228277015661
 -0.56491698084346387
 -0.57273469369750207
 -0.58055545071484271
 -0.58837928081961755
 -0.59620621247316241
 -0.60403627366973167
 -0.61186949193228191
 -0.61970589430832679
 -0.62754550736586467
 -0.6353883571893767
 -0.64323446937589934
 -0.65108386903116944
 -0.65893658076584238
 -0.66679262869178701
 -0.67465203641845406
 -0.68251482704932032
 -0.69038102317840999
 -0.69825064688689165
 -0.70612371973975285
 -0.71400026278255302
 -0.72188029653825381
 -0.72976384100412794
 -0.73765091564874818
 -0.74554153940905554
 -0.75343573068750724
 -0.76133350734930516
 -0.76923488671970597
 -0.77713988558141134
 -0.78504852017204152
 -0.79296080618168852
 -0.80087675875055464
 -0.80879639246667134
 -0.81671972136370341
 -0.82464675891883477
 -0.83257751805073921
 -0.84051201111763418
 -0.84845024991542073
 -0.85639224567590655
 -0.86433800906511438
 -0.87228755018167614
 -0.8802408785553123
 -0.88819800314539554
 -0.89615893233960287
 -0.90412367395265147
 -0.91209223522512284
 -0.92006462282237134
 -0.9280408428335214
 -0.93602090077054934
 -0.94400480156745414
 -0.95199254957951451
 -0.95998414858263259
 -0.96797960177276543
 -0.97597891176544338
 -0.98398208059537706
 -0.99198910971614984
 -1


# name: nen
# type: scalar
3


# name: nel
# type: scalar
256


# name: h
# type: scalar
0.00390625


