# Created by Octave 6.2.0, Fri Apr 23 19:33:19 2021 -03 <kuroneko@kuroneko-VirtualBox>
# name: xl
# type: matrix
# rows: 1
# columns: 17
 -2 -1.75 -1.5 -1.25 -1 -0.75 -0.5 -0.25 0 0.25 0.5 0.75 1 1.25 1.5 1.75 2


# name: u
# type: matrix
# rows: 17
# columns: 1
 0.12963660276316349
 0.13704173252639976
 0.11951235241785746
 0.07540996121999953
 0.010514412184823603
 -0.063391196621655432
 -0.13140543567587784
 -0.17915693364962998
 -0.19632299033028827
 -0.17915693364962548
 -0.1314054356758691
 -0.063391196621642859
 0.010514412184839719
 0.07540996122001864
 0.11951235241787905
 0.13704173252642277
 0.12963660276318725


# name: x
# type: scalar
2


# name: exata
# type: scalar
0.82682181043180603


