# Created by Octave 6.2.0, Sat Apr 24 20:46:06 2021 -03 <kuroneko@kuroneko-VirtualBox>
# name: xl
# type: matrix
# rows: 1
# columns: 17
 2 2.375 2.75 3.125 3.5 3.875 4.25 4.625 5 5.375 5.75 6.125 6.5 6.875 7.25 7.625 8


# name: u
# type: matrix
# rows: 17
# columns: 1
 -1
 45.084005837909466
 70.311190352239151
 86.462205004727778
 97.553438149770798
 105.5314770941547
 111.45240965447037
 115.93815209997862
 119.37851780218026
 122.03013804372046
 124.06880493700604
 125.61894557201549
 126.77108611919301
 127.59264914731948
 128.13487416591275
 128.43739283581471
 128.53133611038555


# name: x
# type: range
# base, limit, increment
2 8 0.375


# name: exata
# type: matrix
# rows: 1
# columns: 17
 -0.99999999999999989 44.612654223426944 70.346634212064586 86.711761285858927 97.908709268125861 105.94496634748982 111.9006719267353 116.40853579790026 119.86370563888011 122.52565598019044 124.57178959247979 126.12749295058531 127.28388827139797 128.1087819718847 128.6536685362517 128.95835363756169 129.05408985094468


