# Created by Octave 6.3.0, Fri Sep 24 19:46:54 2021 -03 <kuroneko@kuroneko-VirtualBox>
# name: beta
# type: scalar
0


# name: Lambda
# type: matrix
# rows: 5
# columns: 1
 1
 0.70716333482501403
 2.2204460492503131e-16
 -0.7071633348250137
 -1


# name: nen
# type: scalar
2


# name: nel
# type: scalar
4


# name: h
# type: scalar
0.25


# name: xl
# type: matrix
# rows: 5
# columns: 1
 0
 0.25
 0.5
 0.75
 1


# name: U
# type: matrix
# rows: 4
# columns: 2
 -2.3432394516438362 -0.12199754182732114
 -3.4366108990275435 -2.5165423746700273
 -2.5165423746700282 -3.4366108990275439
 -0.12199754182732321 -2.3432394516438375


# name: P
# type: matrix
# rows: 4
# columns: 2
 -0.96920308393495702 -0.6916843777688797
 -0.67908887550269859 -0.0089063650648674286
 0.0089063650648669619 0.67908887550269825
 0.69168437776887937 0.96920308393495702


# name: x
# type: range
# base, limit, increment
0 1 0.25


# name: exata
# type: matrix
# rows: 5
# columns: 1
 1
 0.70710678118654757
 6.123233995736766e-17
 -0.70710678118654746
 -1


