# Created by Octave 6.3.0, Fri Sep 24 19:46:55 2021 -03 <kuroneko@kuroneko-VirtualBox>
# name: beta
# type: scalar
0


# name: Lambda
# type: matrix
# rows: 17
# columns: 1
 1
 0.98078538981614094
 0.92387971235356414
 0.83146982585249418
 0.70710699539551547
 0.55557041978202026
 0.38268356959855421
 0.19509039451001484
 -2.2204460492503131e-16
 -0.19509039451001528
 -0.3826835695985546
 -0.5555704197820206
 -0.70710699539551558
 -0.83146982585249429
 -0.92387971235356414
 -0.98078538981614094
 -1


# name: nen
# type: scalar
2


# name: nel
# type: scalar
16


# name: h
# type: scalar
0.0625


# name: xl
# type: matrix
# rows: 17
# columns: 1
 0
 0.0625
 0.125
 0.1875
 0.25
 0.3125
 0.375
 0.4375
 0.5
 0.5625
 0.625
 0.6875
 0.75
 0.8125
 0.875
 0.9375
 1


# name: U
# type: matrix
# rows: 16
# columns: 2
 -0.61486959446826983 -0.0019754831674996254
 -1.2080896360864726 -0.61874870176801355
 -1.7548833909997927 -1.2117436752632997
 -2.2342378818523816 -1.7581719393773461
 -2.6277317843858721 -2.2370345623607535
 -2.9202433485998185 -2.6299291221615158
 -3.1005315191238609 -2.9217569011843043
 -3.1616679226715276 -3.1013031215401727
 -3.1013031215401718 -3.1616679226715267
 -2.9217569011843048 -3.1005315191238614
 -2.6299291221615153 -2.9202433485998185
 -2.2370345623607482 -2.6277317843858676
 -1.7581719393773472 -2.2342378818523834
 -1.2117436752632971 -1.7548833909997894
 -0.61874870176801267 -1.2080896360864735
 -0.0019754831675008098 -0.61486959446826983


# name: P
# type: matrix
# rows: 16
# columns: 2
 -0.99837302233902481 -0.97922021064742459
 -0.97915913750199879 -0.92243648063479766
 -0.92231668135067457 -0.83020400416925622
 -0.83003008256574029 -0.70606722856521176
 -0.70584586835199004 -0.55479666546083151
 -0.55453637338675765 -0.38220556273111733
 -0.38191634167462452 -0.19492650463217601
 -0.19461946919626832 -0.00015652530785384349
 0.00015652530785427693 0.19461946919626874
 0.19492650463217642 0.38191634167462496
 0.38220556273111767 0.55453637338675799
 0.55479666546083195 0.70584586835199015
 0.70606722856521187 0.83003008256574051
 0.83020400416925633 0.92231668135067457
 0.92243648063479777 0.97915913750199879
 0.97922021064742459 0.99837302233902492


# name: x
# type: range
# base, limit, increment
0 1 0.0625


# name: exata
# type: matrix
# rows: 17
# columns: 1
 1
 0.98078528040323043
 0.92387953251128674
 0.83146961230254524
 0.70710678118654757
 0.55557023301960229
 0.38268343236508984
 0.19509032201612833
 6.123233995736766e-17
 -0.19509032201612819
 -0.38268343236508973
 -0.55557023301960196
 -0.70710678118654746
 -0.83146961230254535
 -0.92387953251128674
 -0.98078528040323043
 -1


