# Created by Octave 6.3.0, Fri Sep 24 19:47:09 2021 -03 <kuroneko@kuroneko-VirtualBox>
# name: beta
# type: scalar
0


# name: Lambda
# type: matrix
# rows: 5
# columns: 1
 1
 0.70710678118648296
 8.1416355139178409e-16
 -0.70710678118648185
 -1


# name: nen
# type: scalar
5


# name: nel
# type: scalar
4


# name: h
# type: scalar
0.25


# name: xl
# type: matrix
# rows: 17
# columns: 1
 0
 0.0625
 0.125
 0.1875
 0.25
 0.3125
 0.375
 0.4375
 0.5
 0.5625
 0.625
 0.6875
 0.75
 0.8125
 0.875
 0.9375
 1


# name: U
# type: matrix
# rows: 4
# columns: 5
 -2.3431457505075022 -1.7302204469194764 -1.1409527640417201 -0.59775339663506577 -0.12170428142825415
 -3.4354127804119368 -3.0446546185628907 -2.7545036369756484 -2.5755714073944329 -2.5152615959013009
 -2.5152615959012956 -2.5755714073944223 -2.7545036369756386 -3.044654618562876 -3.4354127804119332
 -0.12170428142823037 -0.59775339663501259 -1.1409527640416752 -1.7302204469194435 -2.3431457505074893


# name: P
# type: matrix
# rows: 4
# columns: 5
 -1.0000010495916356 -0.872769379560834 -0.78322733732052841 -0.7291890994199467 -0.70710501859180719
 -0.70711002812788448 -0.50509319397886265 -0.32442338553951144 -0.15845973437351446 3.5422769302101445e-06
 -3.542276931741157e-06 0.1584597343735128 0.32442338553950983 0.50509319397886143 0.70711002812788382
 0.70710501859180619 0.72918909941994559 0.78322733732052774 0.87276937956083378 1.0000010495916356


# name: x
# type: range
# base, limit, increment
0 1 0.0625


# name: exata
# type: matrix
# rows: 17
# columns: 1
 1
 0.98078528040323043
 0.92387953251128674
 0.83146961230254524
 0.70710678118654757
 0.55557023301960229
 0.38268343236508984
 0.19509032201612833
 6.123233995736766e-17
 -0.19509032201612819
 -0.38268343236508973
 -0.55557023301960196
 -0.70710678118654746
 -0.83146961230254535
 -0.92387953251128674
 -0.98078528040323043
 -1


