# Created by Octave 6.3.0, Fri Sep 24 19:47:09 2021 -03 <kuroneko@kuroneko-VirtualBox>
# name: beta
# type: scalar
0


# name: Lambda
# type: matrix
# rows: 257
# columns: 1
 1
 0.99992470183898419
 0.99969881869588662
 0.9993223845878777
 0.99879545620454935
 0.99811811289937791
 0.99729045667777383
 0.99631261218171963
 0.99518472667099966
 0.99390697000102279
 0.9924795345972437
 0.99090263542618373
 0.98917650996305762
 0.98730141815601113
 0.98527764238697313
 0.98310548742913051
 0.98078528040103008
 0.9783173707173155
 0.97570213003610795
 0.97293995220303398
 0.97003125319191519
 0.96697647104212392
 0.9637760657926151
 0.96043051941264734
 0.95694033572919979
 0.95330604035109701
 0.94952818058985511
 0.94560732537725811
 0.94154406517967881
 0.93733901190915703
 0.93299279883124808
 0.92850608046965488
 0.9238795325076592
 0.91911385168636639
 0.91420975569977847
 0.90916798308671221
 0.9039892931195781
 0.89867446569003639
 0.8932243011915485
 0.88763962039884037
 0.88192126434429741
 0.87607009419130777
 0.87008699110457421
 0.86397285611741415
 0.8577286099960667
 0.85135519310102981
 0.84485356524544442
 0.83822470555055073
 0.83146961229823579
 0.82458930278069609
 0.81758481314723741
 0.81045719824823392
 0.80320753147627211
 0.79583690460450129
 0.78834642762221718
 0.78073722856770122
 0.77301045335834206
 0.7651672656180647
 0.75720884650209341
 0.74913639451907366
 0.74095112535058116
 0.73265427166804487
 0.72424708294711138
 0.71573082527947784
 0.70710678118222359
 0.69837624940466814
 0.6895405447327837
 0.68060099779119365
 0.67155895484278483
 0.66241577758596615
 0.65317284294960121
 0.64383154288564803
 0.63439328415953622
 0.62485948813831338
 0.61523159057659205
 0.60551104140033085
 0.59569930448848074
 0.5857978574525301
 0.57580819141398221
 0.56573181077979784
 0.5555702330158363
 0.54532498841833166
 0.53499761988343519
 0.52458968267486139
 0.51410274418967039
 0.50353838372222404
 0.49289819222634973
 0.48218377207574925
 0.47139673682268635
 0.46053871095499249
 0.44961132965142431
 0.43861623853541193
 0.42755509342723441
 0.41642956009465887
 0.40524131400208213
 0.3939920400582122
 0.38268343236232694
 0.37131719394914903
 0.35989503653237509
 0.34841868024689809
 0.33688985338976124
 0.32531029215988289
 0.31368174039659114
 0.30200594931700836
 0.29028467725232426
 0.27851968938299759
 0.26671275747292628
 0.25486565960262669
 0.24298017990146109
 0.23105810827895409
 0.21910124015523924
 0.20711137619067516
 0.19509032201467272
 0.18303988795377385
 0.17096188875902313
 0.15885814333267284
 0.14673047445426313
 0.134580708506118
 0.1224106751982989
 0.11022220729305698
 0.098017140328826066
 0.085797312343797172
 0.073564563599116783
 0.06132073630175023
 0.049067674327052155
 0.036807222941085592
 0.024541228522731776
 0.012271538285632207
 5.1018620852535265e-15
 -0.012271538285622018
 -0.024541228522721621
 -0.036807222941075496
 -0.049067674327042135
 -0.061320736301740321
 -0.073564563599107
 -0.085797312343787568
 -0.098017140328816629
 -0.11022220729304777
 -0.12241067519828995
 -0.1345807085061094
 -0.14673047445425483
 -0.15885814333266485
 -0.17096188875901547
 -0.18303988795376655
 -0.19509032201466581
 -0.20711137619066863
 -0.21910124015523311
 -0.23105810827894832
 -0.24298017990145568
 -0.2548656596026217
 -0.26671275747292167
 -0.27851968938299337
 -0.29028467725232049
 -0.30200594931700497
 -0.31368174039658808
 -0.32531029215988017
 -0.33688985338975902
 -0.34841868024689632
 -0.35989503653237376
 -0.37131719394914819
 -0.38268343236232671
 -0.39399204005821259
 -0.40524131400208313
 -0.41642956009466053
 -0.4275550934272368
 -0.43861623853541498
 -0.44961132965142797
 -0.46053871095499688
 -0.47139673682269151
 -0.48218377207575508
 -0.49289819222635639
 -0.50353838372223148
 -0.51410274418967883
 -0.52458968267487083
 -0.53499761988344563
 -0.54532498841834309
 -0.55557023301584885
 -0.56573181077981138
 -0.57580819141399686
 -0.58579785745254576
 -0.59569930448849728
 -0.6055110414003485
 -0.6152315905766107
 -0.62485948813833303
 -0.63439328415955687
 -0.64383154288566946
 -0.6531728429496233
 -0.66241577758598891
 -0.67155895484280803
 -0.68060099779121741
 -0.68954054473280801
 -0.69837624940469289
 -0.70710678118224868
 -0.71573082527950327
 -0.72424708294713713
 -0.73265427166807096
 -0.74095112535060748
 -0.7491363945191003
 -0.7572088465021205
 -0.76516726561809234
 -0.77301045335837026
 -0.78073722856772987
 -0.78834642762224627
 -0.7958369046045306
 -0.80320753147630153
 -0.81045719824826334
 -0.81758481314726661
 -0.82458930278072529
 -0.83146961229826499
 -0.83822470555058004
 -0.84485356524547406
 -0.85135519310105967
 -0.85772860999609679
 -0.86397285611744434
 -0.87008699110460452
 -0.87607009419133774
 -0.88192126434432705
 -0.88763962039886946
 -0.89322430119157714
 -0.89867446569006471
 -0.90398929311960619
 -0.90916798308674007
 -0.91420975569980589
 -0.91911385168639337
 -0.92387953250768562
 -0.92850608046968053
 -0.93299279883127284
 -0.93733901190918067
 -0.94154406517970124
 -0.94560732537727954
 -0.94952818058987565
 -0.95330604035111677
 -0.95694033572921855
 -0.96043051941266522
 -0.96377606579263186
 -0.96697647104213968
 -0.97003125319193018
 -0.97293995220304785
 -0.97570213003612083
 -0.97831737071732749
 -0.98078528040104096
 -0.98310548742914039
 -0.98527764238698201
 -0.98730141815601891
 -0.98917650996306439
 -0.99090263542618928
 -0.99247953459724825
 -0.99390697000102646
 -0.99518472667100266
 -0.99631261218172229
 -0.99729045667777616
 -0.99811811289937991
 -0.9987954562045509
 -0.99932238458787892
 -0.9996988186958875
 -0.99992470183898463
 -1


# name: nen
# type: scalar
4


# name: nel
# type: scalar
256


# name: h
# type: scalar
0.00390625


