# Created by Octave 6.3.0, Fri Sep 24 19:46:56 2021 -03 <kuroneko@kuroneko-VirtualBox>
# name: beta
# type: scalar
0


# name: Lambda
# type: matrix
# rows: 5
# columns: 1
 1
 0.7071066570032366
 -2.2204460492503131e-16
 -0.70710665700323694
 -1


# name: nen
# type: scalar
3


# name: nel
# type: scalar
4


# name: h
# type: scalar
0.25


# name: xl
# type: matrix
# rows: 9
# columns: 1
 0
 0.125
 0.25
 0.375
 0.5
 0.625
 0.75
 0.875
 1


# name: U
# type: matrix
# rows: 4
# columns: 3
 -2.343145544753972 -1.1494456242959903 -0.1217038115209686
 -3.4354103235727567 -2.7750055194324177 -2.5152590296460513
 -2.5152590296460509 -2.7750055194324168 -3.4354103235727567
 -0.12170381152096867 -1.1494456242959936 -2.3431455447539742


# name: P
# type: matrix
# rows: 4
# columns: 3
 -0.99979300489969136 -0.78316428030801299 -0.70828264613361935
 -0.70563793259465257 -0.32439723009729343 -0.0018700948776989904
 0.0018700948776992909 0.32439723009729377 0.70563793259465291
 0.70828264613361958 0.78316428030801299 0.99979300489969114


# name: x
# type: range
# base, limit, increment
0 1 0.125


# name: exata
# type: matrix
# rows: 9
# columns: 1
 1
 0.92387953251128674
 0.70710678118654757
 0.38268343236508984
 6.123233995736766e-17
 -0.38268343236508973
 -0.70710678118654746
 -0.92387953251128674
 -1


