# Created by Octave 6.3.0, Fri Sep 24 19:47:01 2021 -03 <kuroneko@kuroneko-VirtualBox>
# name: beta
# type: scalar
0


# name: Lambda
# type: matrix
# rows: 17
# columns: 1
 1
 0.98078528040322399
 0.92387953251127652
 0.83146961230253369
 0.70710678118653669
 0.55557023301959374
 0.38268343236508512
 0.19509032201612836
 5.1316975360451293e-15
 -0.19509032201611831
 -0.38268343236507568
 -0.55557023301958519
 -0.70710678118652914
 -0.83146961230252769
 -0.92387953251127231
 -0.98078528040322188
 -1


# name: nen
# type: scalar
4


# name: nel
# type: scalar
16


# name: h
# type: scalar
0.0625


# name: xl
# type: matrix
# rows: 49
# columns: 1
 0
 0.020833333333333332
 0.041666666666666664
 0.0625
 0.083333333333333329
 0.10416666666666666
 0.12499999999999999
 0.14583333333333331
 0.16666666666666666
 0.1875
 0.20833333333333334
 0.22916666666666669
 0.25
 0.27083333333333331
 0.29166666666666663
 0.31249999999999994
 0.33333333333333326
 0.35416666666666657
 0.37499999999999989
 0.3958333333333332
 0.41666666666666652
 0.43749999999999983
 0.45833333333333315
 0.47916666666666646
 0.49999999999999978
 0.52083333333333315
 0.54166666666666652
 0.56249999999999989
 0.58333333333333326
 0.60416666666666663
 0.625
 0.64583333333333337
 0.66666666666666674
 0.68750000000000011
 0.70833333333333348
 0.72916666666666685
 0.75000000000000022
 0.77083333333333359
 0.79166666666666696
 0.81250000000000033
 0.8333333333333337
 0.85416666666666707
 0.87500000000000044
 0.89583333333333381
 0.91666666666666718
 0.93750000000000056
 0.95833333333333393
 0.9791666666666673
 1.0000000000000007


# name: U
# type: matrix
# rows: 16
# columns: 4
 -0.61487102709678221 -0.40937528474189405 -0.20483671976821979 -0.0019767046643792696
 -1.2080896101099445 -1.007855226639349 -0.81117696401107642 -0.61874847277355016
 -1.7548819869111201 -1.5676038573888424 -1.3863441324402719 -1.2117420840721849
 -2.234235233104426 -2.0671103510212396 -1.908234873330602 -1.7581691266327528
 -2.6277280722630718 -2.4871789531126804 -2.3567932181892268 -2.2370307156494
 -2.9202387952515494 -2.8116666628620854 -2.7147813213777079 -2.629924468804921
 -3.1005263790272988 -3.0281035995585204 -2.968441900852588 -2.9217516995029227
 -3.1616624728522646 -3.1281722131040004 -3.1080269227990827 -3.101297650926258
 -3.1012976509262633 -3.1080269227990853 -3.1281722131040057 -3.1616624728522655
 -2.9217516995029253 -2.96844190085258 -3.0281035995585301 -3.1005263790273014
 -2.6299244688049366 -2.7147813213777114 -2.8116666628620948 -2.92023879525156
 -2.2370307156494014 -2.3567932181892175 -2.4871789531127031 -2.6277280722630838
 -1.7581691266327402 -1.9082348733305416 -2.067110351021189 -2.2342352331044264
 -1.2117420840722111 -1.3863441324403007 -1.567603857388854 -1.7548819869111334
 -0.61874847277357925 -0.81117696401106376 -1.007855226639347 -1.2080896101099725
 -0.0019767046643958679 -0.2048367197681831 -0.40937528474186363 -0.61487102709677899


# name: P
# type: matrix
# rows: 16
# columns: 4
 -1.0000003637147952 -0.98933144723501476 -0.98293569579042672 -0.98078564128133039
 -0.98078563297735089 -0.95770774598582076 -0.93876627679329905 -0.92387987668435201
 -0.92387986039551018 -0.8892798731470859 -0.85852059624520038 -0.83146992654419982
 -0.83146990289646627 -0.7866774734972084 -0.74528245064729737 -0.70710705342066249
 -0.70710702332280628 -0.6538434997146445 -0.60340351843023354 -0.55557045278437434
 -0.55557041739303925 -0.49588268691770704 -0.43833612739248873 -0.38268359121508322
 -0.38268355189033892 -0.31886538055673802 -0.25642372480078385 -0.19509041384682776
 -0.19509037209990177 -0.12959425644273967 -0.064657102269066902 -2.1282403521796774e-08
 2.1282393277969106e-08 0.064657102269056771 0.12959425644272959 0.19509037209989161
 0.19509041384681786 0.25642372480077408 0.31886538055672842 0.38268355189032927
 0.38268359121507395 0.43833612739247974 0.49588268691769843 0.5555704173930307
 0.55557045278436623 0.60340351843022555 0.65384349971463673 0.70710702332279851
 0.70710705342065516 0.74528245064729026 0.78667747349720185 0.83146990289645972
 0.83146992654419405 0.85852059624519483 0.8892798731470809 0.92387986039550518
 0.92387987668434801 0.93876627679329538 0.95770774598581787 0.98078563297734833
 0.98078564128132872 0.98293569579042539 0.98933144723501409 1.0000003637147943


# name: x
# type: range
# base, limit, increment
0 1 0.020833333333333332


# name: exata
# type: matrix
# rows: 49
# columns: 1
 1
 0.99785892323860348
 0.99144486137381038
 0.98078528040323043
 0.96592582628906831
 0.94693012949510569
 0.92387953251128674
 0.89687274153268837
 0.86602540378443871
 0.83146961230254524
 0.79335334029123517
 0.75183980747897738
 0.70710678118654757
 0.65934581510006895
 0.60876142900872077
 0.5555702330196024
 0.50000000000000033
 0.44228869021900163
 0.38268343236509023
 0.32143946530316192
 0.25881904510252118
 0.19509032201612875
 0.13052619222005216
 0.065403129230143714
 7.273661547324616e-16
 -0.065403129230142493
 -0.13052619222005116
 -0.19509032201612778
 -0.25881904510252041
 -0.32143946530316136
 -0.38268343236508973
 -0.44228869021900113
 -0.50000000000000022
 -0.55557023301960229
 -0.60876142900872099
 -0.65934581510006918
 -0.70710678118654813
 -0.75183980747897783
 -0.79335334029123561
 -0.83146961230254579
 -0.86602540378443915
 -0.89687274153268892
 -0.92387953251128718
 -0.94693012949510613
 -0.96592582628906865
 -0.98078528040323076
 -0.9914448613738106
 -0.99785892323860359
 -1


