# Created by Octave 6.3.0, Wed Sep 15 02:22:31 2021 -03 <kuroneko@kuroneko-VirtualBox>
# name: alfa
# type: scalar
0


# name: beta
# type: scalar
23040


# name: Lambda
# type: matrix
# rows: 257
# columns: 1
 0
 0.012271538282953116
 0.024541228517430236
 0.036807222933213112
 0.049067674316660197
 0.061320736288890232
 0.073564563583840101
 0.085797312326155117
 0.098017140308869877
 0.11022220727083784
 0.12241067517386789
 0.13458070847952613
 0.14673047442556125
 0.15885814330191173
 0.1709618887262534
 0.18303988791904605
 0.19509032197803725
 0.20711137615218225
 0.21910124011493898
 0.23105810823689638
 0.24298017985769571
 0.25486565955720331
 0.26671275742589423
 0.27851968933440618
 0.29028467720222262
 0.30200594926544516
 0.31368174034361507
 0.32531029210554241
 0.33688985333410465
 0.34841868018997335
 0.35989503647422993
 0.37131719388983098
 0.38268343230188323
 0.3939920399966898
 0.40524131393952778
 0.41642956003111897
 0.42755509336275516
 0.43861623847003922
 0.44961132958520367
 0.46053871088796922
 0.4713967367549054
 0.48218377200725521
 0.49289819215718711
 0.50353838365243686
 0.51410274411930257
 0.52458968260395622
 0.53499761981203553
 0.54532498834648035
 0.55557023294357566
 0.56573181070716982
 0.57580819134102845
 0.58579785737929169
 0.5956993044149983
 0.60551104132664491
 0.61523159050274268
 0.62485948806434011
 0.63439328408547835
 0.64383154281154431
 0.65317284287548982
 0.66241577751188507
 0.67155895476877148
 0.68060099771728511
 0.68954054465901682
 0.69837624933107889
 0.7071067811088475
 0.71573082520635023
 0.72424708287426698
 0.73265427159551799
 0.74095112527840545
 0.74913639444728253
 0.75720884643071984
 0.76516726554714121
 0.77301045328790052
 0.78073722849777327
 0.78834642755283357
 0.79583690453569245
 0.80320753140806778
 0.81045719818066342
 0.81758481308032938
 0.82458930271447894
 0.83146961223273719
 0.83822470548579808
 0.84485356518146459
 0.85135519303784912
 0.85772860993371081
 0.86397285605590801
 0.87008699104394238
 0.876070094131574
 0.88192126428548501
 0.8876396203409721
 0.89322430113464657
 0.89867446563412279
 0.90398929306467379
 0.90916798303283786
 0.91420975564695384
 0.9191138516346109
 0.9238795324569915
 0.92850608042009286
 0.93299279878280916
 0.93733901186185797
 0.94154406513353583
 0.94560732533228709
 0.94952818054607124
 0.95330604030851473
 0.9569403356878331
 0.96043051937250978
 0.96377606575371921
 0.96697647100448214
 0.97003125315553917
 0.97293995216793461
 0.97570213000229533
 0.9783173706847994
 0.98078528036981949
 0.9831054873992342
 0.98527764235839876
 0.98730141812876582
 0.98917650993714779
 0.99090263540161516
 0.99247953457402183
 0.99390696997915229
 0.99518472665048474
 0.99631261216256384
 0.99729045665997973
 0.99811811288294772
 0.9987954561894844
 0.99932238457417899
 0.99969881868355448
 0.99992470182801829
 0.99999999999039924
 0.99992470183107052
 0.99969881868965782
 0.99932238458333078
 0.99879545620168098
 0.99811811289818386
 0.99729045667824923
 0.99631261218385914
 0.99518472667479707
 0.99390697000647177
 0.99247953460433702
 0.99090263543491364
 0.98917650997341555
 0.98730141816798778
 0.98527764240055848
 0.98310548744431414
 0.98078528041780089
 0.97831737073566216
 0.9757021300560178
 0.97293995222449436
 0.97003125321491257
 0.96697647106664386
 0.96377606581864306
 0.96043051944016811
 0.95694033575819726
 0.95330604038155486
 0.94952818062175603
 0.94560732541058434
 0.94154406521441203
 0.93733901194527858
 0.93299279886873832
 0.92850608050849348
 0.9238795325478254
 0.91911385172783888
 0.91420975574253527
 0.90916798313073099
 0.90398929316483567
 0.89867446573650933
 0.89322430123921259
 0.88763962044767108
 0.88192126439426966
 0.87607009424239568
 0.87008699115675125
 0.86397285617065323
 0.85772861005034073
 0.85135519315631081
 0.84485356530170386
 0.83822470560775963
 0.83146961235636474
 0.82458930283971521
 0.81758481320711596
 0.81045719830894092
 0.80320753153777602
 0.79583690466676993
 0.78834642768521768
 0.78073722863140049
 0.77301045342270647
 0.76516726568306037
 0.75720884656768594
 0.74913639458522807
 0.74095112541726205
 0.73265427173521658
 0.72424708301473739
 0.7157308253475213
 0.70710678125064719
 0.69837624947343413
 0.68954054480185401
 0.68060099786052963
 0.67155895491234763
 0.66241577765571658
 0.65317284301949952
 0.64383154295565403
 0.63439328422960939
 0.62485948820841264
 0.61523159064667621
 0.60551104147035817
 0.59569930455840914
 0.58579785752231717
 0.57580819148358531
 0.56573181084917346
 0.55557023308494113
 0.54532498848712185
 0.53499761995186668
 0.52458968274288964
 0.51410274425725055
 0.50353838378931115
 0.49289819229289861
 0.4821837721417141
 0.47139673688802131
 0.46053871101965116
 0.44961132971536011
 0.43861623859857812
 0.42755509348958382
 0.41642956015614413
 0.40524131406265584
 0.39399204011782657
 0.38268343242093394
 0.37131719400670038
 0.35989503658882233
 0.34841868030219247
 0.33688985344385386
 0.32531029221272462
 0.31368174044813274
 0.30200594936720043
 0.29028467730111712
 0.27851968943034133
 0.26671275751877099
 0.2548656596469222
 0.24298017994415713
 0.23105810832000029
 0.21910124019458507
 0.20711137622826994
 0.19509032205046564
 0.18303988798771406
 0.17096188879105961
 0.15885814336275456
 0.14673047448233892
 0.13458070853213661
 0.122410675222209
 0.11022220731480727
 0.098017140348365145
 0.085797312361073616
 0.073564563614079106
 0.061320736314346917
 0.04906767433723163
 0.036807222948796306
 0.024541228527922152
 0.012271538288250682
 1.2246467991473532e-16


# name: nen
# type: scalar
4


# name: nel
# type: scalar
256


# name: h
# type: scalar
0.00390625


