# Created by Octave 6.3.0, Wed Sep 15 02:22:28 2021 -03 <kuroneko@kuroneko-VirtualBox>
# name: alfa
# type: scalar
0


# name: beta
# type: scalar
1440


# name: Lambda
# type: matrix
# rows: 17
# columns: 1
 0
 0.19509017358669895
 0.38268318839126014
 0.5555699433179806
 0.70710649059089703
 0.83146935894084761
 0.92387934634050539
 0.98078518205808118
 0.99999999999997002
 0.98078537874832095
 0.92387971868201268
 0.83146986566419312
 0.70710707178215571
 0.55557052272119067
 0.38268367633889655
 0.19509047044554598
 1.2246467991473532e-16


# name: nen
# type: scalar
4


# name: nel
# type: scalar
16


# name: h
# type: scalar
0.0625


# name: xl
# type: matrix
# rows: 49
# columns: 1
 0
 0.020833333333333332
 0.041666666666666664
 0.0625
 0.083333333333333329
 0.10416666666666666
 0.12499999999999999
 0.14583333333333331
 0.16666666666666666
 0.1875
 0.20833333333333334
 0.22916666666666669
 0.25
 0.27083333333333331
 0.29166666666666663
 0.31249999999999994
 0.33333333333333326
 0.35416666666666657
 0.37499999999999989
 0.3958333333333332
 0.41666666666666652
 0.43749999999999983
 0.45833333333333315
 0.47916666666666646
 0.49999999999999978
 0.52083333333333315
 0.54166666666666652
 0.56249999999999989
 0.58333333333333326
 0.60416666666666663
 0.625
 0.64583333333333337
 0.66666666666666674
 0.68750000000000011
 0.70833333333333348
 0.72916666666666685
 0.75000000000000022
 0.77083333333333359
 0.79166666666666696
 0.81250000000000033
 0.8333333333333337
 0.85416666666666707
 0.87500000000000044
 0.89583333333333381
 0.91666666666666718
 0.93750000000000056
 0.95833333333333393
 0.9791666666666673
 1.0000000000000007


# name: U
# type: matrix
# rows: 16
# columns: 4
 1.1560185223145005e-08 0.065403059477797704 0.13052604978432092 0.19509015818633041
 0.19509021166318644 0.25881879439666716 0.32143914246039162 0.38268314662216529
 0.38268325152079202 0.44228831312838135 0.49999955184440115 0.55556987678532244
 0.55557002907452424 0.60876097821883335 0.65934529480141457 0.70710640185148832
 0.70710659567887646 0.75183933176740481 0.79335279705157757 0.83146925140489403
 0.83146947932179094 0.86602494614635073 0.89687221869555078 0.92387922414055312
 0.92387947738824017 0.94692972549098009 0.96592535967377902 0.9807850498902061
 0.98078531873651675 0.99144453776286356 0.9978585397637777 0.99999986294330956
 1.0000001370566305 0.99785869695044793 0.99144457802288311 0.98078524206988538
 0.98078551091619615 0.96592570377311815 0.94692995266366853 0.9238795876342778
 0.92387984088196495 0.89687271851031158 0.8660253290344605 0.83146974528324979
 0.83146997320014682 0.79335340192017922 0.75183981970935554 0.70710696669417616
 0.70710716052156464 0.65934593654483964 0.60876150303560739 0.55557043696464714
 0.55557058925384895 0.50000014738627629 0.4422887917436053 0.38268361320936478
 0.3826837181079914 0.32143959701956637 0.25881913202919049 0.19509043236905843
 0.19509048584591454 0.13052626051725355 0.065403153284078849 -1.156018510022832e-08


# name: x
# type: range
# base, limit, increment
0 1 0.020833333333333332


# name: exata
# type: matrix
# rows: 49
# columns: 1
 0
 0.065403129230143062
 0.13052619222005157
 0.19509032201612825
 0.25881904510252074
 0.32143946530316153
 0.38268343236508973
 0.44228869021900119
 0.49999999999999994
 0.55557023301960218
 0.60876142900872066
 0.65934581510006895
 0.70710678118654746
 0.75183980747897727
 0.79335334029123505
 0.83146961230254512
 0.86602540378443849
 0.89687274153268814
 0.92387953251128652
 0.94693012949510558
 0.9659258262890682
 0.98078528040323032
 0.99144486137381038
 0.99785892323860348
 1
 0.99785892323860359
 0.99144486137381049
 0.98078528040323054
 0.96592582628906842
 0.94693012949510569
 0.92387953251128674
 0.89687274153268837
 0.86602540378443849
 0.83146961230254512
 0.79335334029123483
 0.75183980747897716
 0.70710678118654691
 0.65934581510006829
 0.6087614290087201
 0.5555702330196014
 0.49999999999999917
 0.44228869021900014
 0.38268343236508862
 0.32143946530316009
 0.2588190451025193
 0.19509032201612686
 0.1305261922200498
 0.065403129230141341
 -2.0979813693355779e-15


