# Created by Octave 6.3.0, Wed Sep 15 02:22:28 2021 -03 <kuroneko@kuroneko-VirtualBox>
# name: alfa
# type: scalar
0


# name: beta
# type: scalar
360


# name: Lambda
# type: matrix
# rows: 5
# columns: 1
 0
 0.70708792346185234
 1.0000000005863614
 0.70712563974048293
 1.2246467991473532e-16


# name: nen
# type: scalar
4


# name: nel
# type: scalar
4


# name: h
# type: scalar
0.25


# name: xl
# type: matrix
# rows: 13
# columns: 1
 0
 0.083333333333333329
 0.16666666666666666
 0.25
 0.33333333333333331
 0.41666666666666663
 0.49999999999999994
 0.58333333333333326
 0.66666666666666663
 0.75
 0.83333333333333337
 0.91666666666666674
 1


# name: U
# type: matrix
# rows: 4
# columns: 4
 1.1520702019304743e-05 0.25879240465831493 0.49994478974513495 0.70707277472749142
 0.7071193649292572 0.86595392590866527 0.96583362459811883 0.99996705633875593
 1.0000329448339664 0.96586916137619971 0.86595911096961631 0.70709419827307829
 0.70714078847484385 0.49998245177535705 0.25879971497140669 -1.1520702019182957e-05


# name: x
# type: range
# base, limit, increment
0 1 0.083333333333333329


# name: exata
# type: matrix
# rows: 13
# columns: 1
 0
 0.25881904510252074
 0.49999999999999994
 0.70710678118654746
 0.8660254037844386
 0.9659258262890682
 1
 0.96592582628906842
 0.86602540378443871
 0.70710678118654757
 0.49999999999999994
 0.25881904510252057
 1.2246467991473532e-16


