# Created by Octave 6.2.0, Sun Jun 27 21:02:32 2021 -03 <kuroneko@kuroneko-VirtualBox>
# name: erroSU
# type: matrix
# rows: 4
# columns: 1
 0.031958591673452177
 0.15229897688040911
 0.24367658897728206
 0


# name: hhSU
# type: matrix
# rows: 4
# columns: 1
 0.02
 0.10000000000000001
 0.20000000000000001
 0


# name: erroDerSU
# type: matrix
# rows: 4
# columns: 1
 3.3556434112229683
 2.3681485834865779
 2.1531319243234246
 0


