# Created by Octave 6.2.0, Mon Jun 21 16:30:18 2021 -03 <kuroneko@kuroneko-VirtualBox>
# name: xlSU
# type: matrix
# rows: 6
# columns: 1
 0
 0.20000000000000001
 0.40000000000000002
 0.60000000000000009
 0.80000000000000004
 1


# name: hSU
# type: scalar
0.20000000000000001


# name: uSU
# type: matrix
# rows: 6
# columns: 1
 0
 0.19985944115156679
 0.4011244707874686
 0.58973920406435265
 0.89220660457239687
 0


# name: x
# type: range
# base, limit, increment
0 1 0.20000000000000001


# name: exata
# type: matrix
# rows: 6
# columns: 1
 0
 0.20000000000000001
 0.40000000000000002
 0.60000000000000009
 0.79999999793884646
 0


