# Created by Octave 6.2.0, Mon Jun 21 16:30:18 2021 -03 <kuroneko@kuroneko-VirtualBox>
# name: xlSU
# type: matrix
# rows: 51
# columns: 1
 0
 0.02
 0.040000000000000001
 0.059999999999999998
 0.080000000000000002
 0.10000000000000001
 0.12000000000000001
 0.14000000000000001
 0.16
 0.17999999999999999
 0.19999999999999998
 0.21999999999999997
 0.23999999999999996
 0.25999999999999995
 0.27999999999999997
 0.29999999999999999
 0.32000000000000001
 0.34000000000000002
 0.36000000000000004
 0.38000000000000006
 0.40000000000000008
 0.4200000000000001
 0.44000000000000011
 0.46000000000000013
 0.48000000000000015
 0.50000000000000011
 0.52000000000000013
 0.54000000000000015
 0.56000000000000016
 0.58000000000000018
 0.6000000000000002
 0.62000000000000022
 0.64000000000000024
 0.66000000000000025
 0.68000000000000027
 0.70000000000000029
 0.72000000000000031
 0.74000000000000032
 0.76000000000000034
 0.78000000000000036
 0.80000000000000038
 0.8200000000000004
 0.84000000000000041
 0.86000000000000043
 0.88000000000000045
 0.90000000000000047
 0.92000000000000048
 0.9400000000000005
 0.96000000000000052
 0.98000000000000054
 1.0000000000000004


# name: hSU
# type: scalar
0.02


# name: uSU
# type: matrix
# rows: 51
# columns: 1
 0
 0.02
 0.040000000000000001
 0.059999999999999998
 0.080000000000000002
 0.10000000000000001
 0.12000000000000001
 0.14000000000000001
 0.16000000000000006
 0.18000000000000005
 0.20000000000000007
 0.22000000000000006
 0.2400000000000001
 0.26000000000000012
 0.28000000000000014
 0.30000000000000016
 0.32000000000000017
 0.34000000000000025
 0.36000000000000026
 0.38000000000000034
 0.40000000000000036
 0.42000000000000037
 0.44000000000000039
 0.46000000000000035
 0.47999999999999993
 0.49999999999999833
 0.51999999999999225
 0.53999999999996839
 0.55999999999987626
 0.57999999999952101
 0.59999999999815035
 0.61999999999286382
 0.63999999997247303
 0.6599999998938223
 0.67999999959045554
 0.69999999842032612
 0.71999999390696989
 0.73999997649831017
 0.75999990935062289
 0.77999965035240026
 0.79999865135925585
 0.81999479809998466
 0.83997993552850969
 0.85992260846710633
 0.87970148980169272
 0.89884860352081264
 0.91555889929456047
 0.92287004013615903
 0.89392729766803936
 0.72514814814814899
 0


# name: x
# type: range
# base, limit, increment
0 1 0.02


# name: exata
# type: matrix
# rows: 51
# columns: 1
 0
 0.02
 0.040000000000000001
 0.059999999999999998
 0.080000000000000002
 0.10000000000000001
 0.12000000000000001
 0.14000000000000001
 0.16
 0.17999999999999999
 0.19999999999999998
 0.21999999999999997
 0.23999999999999996
 0.25999999999999995
 0.27999999999999997
 0.29999999999999999
 0.32000000000000001
 0.34000000000000002
 0.36000000000000004
 0.38000000000000006
 0.40000000000000008
 0.4200000000000001
 0.44000000000000011
 0.46000000000000013
 0.48000000000000015
 0.50000000000000011
 0.52000000000000013
 0.54000000000000015
 0.56000000000000016
 0.58000000000000018
 0.6000000000000002
 0.62000000000000022
 0.64000000000000001
 0.65999999999999859
 0.67999999999998761
 0.6999999999999067
 0.71999999999930886
 0.73999999999489119
 0.75999999996224898
 0.77999999972105361
 0.7999999979388468
 0.81999998477002067
 0.83999988746482568
 0.85999916847128133
 0.87999385578764711
 0.89995460007023798
 0.91966453737209797
 0.93752124782333401
 0.9416843611112653
 0.84466471676338017
 -4.2188474935755949e-14


