# Created by Octave 6.2.0, Mon Jun 21 16:30:18 2021 -03 <kuroneko@kuroneko-VirtualBox>
# name: xlSU
# type: matrix
# rows: 11
# columns: 1
 0
 0.10000000000000001
 0.20000000000000001
 0.30000000000000004
 0.40000000000000002
 0.5
 0.59999999999999998
 0.69999999999999996
 0.79999999999999993
 0.89999999999999991
 0.99999999999999989


# name: hSU
# type: scalar
0.10000000000000001


# name: uSU
# type: matrix
# rows: 11
# columns: 1
 0
 0.10000000000298494
 0.19999999994627379
 0.30000000102378621
 0.3999999805510504
 0.50000036953303173
 0.59999297887538838
 0.70013340137061186
 0.79746537396136807
 0.94815789473699985
 0


# name: x
# type: range
# base, limit, increment
0 1 0.10000000000000001


# name: exata
# type: matrix
# rows: 11
# columns: 1
 0
 0.10000000000000001
 0.20000000000000001
 0.30000000000000004
 0.40000000000000002
 0.5
 0.59999999999999998
 0.69999999999990636
 0.79999999793884635
 0.89995460007023742
 1.4099832412739488e-14


