# Created by Octave 6.2.0, Sat Jul 31 20:40:50 2021 -03 <kuroneko@kuroneko-VirtualBox>
# name: xl
# type: matrix
# rows: 33
# columns: 1
 0
 0.03125
 0.0625
 0.09375
 0.125
 0.15625
 0.1875
 0.21875
 0.25
 0.28125
 0.3125
 0.34375
 0.375
 0.40625
 0.4375
 0.46875
 0.5
 0.53125
 0.5625
 0.59375
 0.625
 0.65625
 0.6875
 0.71875
 0.75
 0.78125
 0.8125
 0.84375
 0.875
 0.90625
 0.9375
 0.96875
 1


# name: h
# type: scalar
0.0625


# name: u
# type: matrix
# rows: 33
# columns: 1
 -1.7458089980118197
 -1.7332654903013867
 -1.7027196775827087
 -1.6519390965239396
 -1.5816756046001887
 -1.4925934779152186
 -1.3855273928848268
 -1.261489008650762
 -1.1216432562228162
 -0.96731012407620809
 -0.79993982194469482
 -0.62110971134593718
 -0.43249928707578744
 -0.23588238124143796
 -0.033102911996782426
 0.17393732835976647
 0.38330123796257126
 0.59303255253115317
 0.80117586933914753
 1.0057960971869369
 1.2049951842856317
 1.3969341110860487
 1.5798456941876835
 1.7520582636333508
 1.9120040667860847
 2.0582437061561047
 2.1894698374411496
 2.3045314138063699
 2.4024325544221523
 2.4823556475193436
 2.5436554527938209
 2.5865142715644107
 2.6070771838307563


# name: p
# type: matrix
# rows: 33
# columns: 1
 0
 0.23990979126133874
 0.5045369633240917
 0.75959263530822663
 1.0071666911231767
 1.2448749890501127
 1.470440312463251
 1.681686360376301
 1.8765920723193221
 2.0532721991940126
 2.2100390740266689
 2.3453705132316713
 2.457976653719558
 2.5467564226640138
 2.6108668655559866
 2.6496698630217623
 2.6628012774435978
 2.6501099713676823
 2.6117241059756831
 2.547984812711777
 2.459507084959959
 2.3471106613015409
 2.2118731580661142
 2.0550608311687033
 1.8781718938180048
 1.6828698300154561
 1.4710152172117374
 1.2446041680542117
 1.0057874177381123
 0.75681627518457417
 0.50004822231514556
 0.23109561001302897
 1.2246467991473532e-16


# name: x
# type: range
# base, limit, increment
0 1 0.03125


# name: exata
# type: matrix
# rows: 33
# columns: 1
 0
 0.098017140329560604
 0.19509032201612825
 0.29028467725446233
 0.38268343236508978
 0.47139673682599764
 0.55557023301960218
 0.63439328416364549
 0.70710678118654746
 0.77301045336273699
 0.83146961230254524
 0.88192126434835494
 0.92387953251128674
 0.95694033573220894
 0.98078528040323043
 0.99518472667219682
 1
 0.99518472667219693
 0.98078528040323043
 0.95694033573220894
 0.92387953251128674
 0.88192126434835505
 0.83146961230254546
 0.7730104533627371
 0.70710678118654757
 0.63439328416364549
 0.55557023301960218
 0.47139673682599786
 0.38268343236508989
 0.29028467725446239
 0.19509032201612861
 0.098017140329560826
 1.2246467991473532e-16


