# Created by Octave 6.2.0, Sat Jul 31 20:40:53 2021 -03 <kuroneko@kuroneko-VirtualBox>
# name: xl
# type: matrix
# rows: 129
# columns: 1
 0
 0.0078125
 0.015625
 0.0234375
 0.03125
 0.0390625
 0.046875
 0.0546875
 0.0625
 0.0703125
 0.078125
 0.0859375
 0.09375
 0.1015625
 0.109375
 0.1171875
 0.125
 0.1328125
 0.140625
 0.1484375
 0.15625
 0.1640625
 0.171875
 0.1796875
 0.1875
 0.1953125
 0.203125
 0.2109375
 0.21875
 0.2265625
 0.234375
 0.2421875
 0.25
 0.2578125
 0.265625
 0.2734375
 0.28125
 0.2890625
 0.296875
 0.3046875
 0.3125
 0.3203125
 0.328125
 0.3359375
 0.34375
 0.3515625
 0.359375
 0.3671875
 0.375
 0.3828125
 0.390625
 0.3984375
 0.40625
 0.4140625
 0.421875
 0.4296875
 0.4375
 0.4453125
 0.453125
 0.4609375
 0.46875
 0.4765625
 0.484375
 0.4921875
 0.5
 0.5078125
 0.515625
 0.5234375
 0.53125
 0.5390625
 0.546875
 0.5546875
 0.5625
 0.5703125
 0.578125
 0.5859375
 0.59375
 0.6015625
 0.609375
 0.6171875
 0.625
 0.6328125
 0.640625
 0.6484375
 0.65625
 0.6640625
 0.671875
 0.6796875
 0.6875
 0.6953125
 0.703125
 0.7109375
 0.71875
 0.7265625
 0.734375
 0.7421875
 0.75
 0.7578125
 0.765625
 0.7734375
 0.78125
 0.7890625
 0.796875
 0.8046875
 0.8125
 0.8203125
 0.828125
 0.8359375
 0.84375
 0.8515625
 0.859375
 0.8671875
 0.875
 0.8828125
 0.890625
 0.8984375
 0.90625
 0.9140625
 0.921875
 0.9296875
 0.9375
 0.9453125
 0.953125
 0.9609375
 0.96875
 0.9765625
 0.984375
 0.9921875
 1


# name: h
# type: scalar
0.015625


# name: u
# type: matrix
# rows: 129
# columns: 1
 -1.9974535202837131
 -1.996676393025536
 -1.9947780468811482
 -1.9916060915185851
 -1.9871785242044555
 -1.9814979976355289
 -1.9745678845260639
 -1.9663923386164184
 -1.9569762293119168
 -1.9463252013721561
 -1.9344456091432258
 -1.9213445747845266
 -1.9070299222521623
 -1.8915102339236174
 -1.8747947844907364
 -1.856893595846463
 -1.8378173710460366
 -1.8175775473241926
 -1.7961862302830389
 -1.7736562449126121
 -1.7500010701633517
 -1.7252348878477299
 -1.6993725177542991
 -1.672429464313218
 -1.6444218524075556
 -1.6153664716909215
 -1.5852807132500073
 -1.5541826114682029
 -1.5220907816913134
 -1.4890244595369422
 -1.4550034397128981
 -1.4200481126782925
 -1.3841794047613674
 -1.3474188120846375
 -1.3097883421257352
 -1.271310544825522
 -1.2320084557320614
 -1.191905624217424
 -1.1510260583410763
 -1.1093942501080696
 -1.0670351221839902
 -1.0239740501343533
 -0.98023681111879046
 -0.93584960305875164
 -0.89083899543383105
 -0.84523194533228529
 -0.79905575046732336
 -0.75233806207246967
 -0.70510684025029013
 -0.65739036368223336
 -0.60921718741663677
 -0.56061614937036186
 -0.51161633065704182
 -0.46224705886556233
 -0.41253787102337958
 -0.36251851364467519
 -0.31221890841721789
 -0.26166914902080757
 -0.21089946961958322
 -0.15994023845916402
 -0.10882192923953536
 -0.057575111507064111
 -0.0062304249761456713
 0.045181433259998641
 0.096629731397845059
 0.14808371886240609
 0.19951264591211912
 0.25088578268814021
 0.30217243570918434
 0.35334196998459011
 0.40436382236020224
 0.45520752664113023
 0.50584272375736317
 0.55623918983488252
 0.60636684315737333
 0.6561957751172377
 0.70569625395749802
 0.75483875852730598
 0.80359397879590455
 0.85193285233045857
 0.89982656158173369
 0.94724657299550152
 0.99416463107738517
 1.0405528000427353
 1.0863834546758651
 1.131629324417164
 1.1762634810396837
 1.2202593850663699
 1.2635908702946441
 1.3062321924310059
 1.3481580105018638
 1.3893434375874019
 1.4297640191644367
 1.4693957858163671
 1.5082152285612354
 1.5461993534098073
 1.5833256537393023
 1.6195721665671747
 1.6549174420381121
 1.689340601276941
 1.7228213030634667
 1.7553398031241045
 1.7868769180759245
 1.817414086013128
 1.8469333278082609
 1.8754173088465145
 1.9028492977784597
 1.9292132292523656
 1.9544936602189658
 1.9786758335095669
 2.0017456317992766
 2.0236896418766142
 2.044495106377298
 2.0641499885893788
 2.0826429220750748
 2.0999632758541416
 2.1161011020363572
 2.1310472012249071
 2.1447930682869321
 2.1573309578181568
 2.1686538281834276
 2.1787554068836408
 2.1876301330023886
 2.1952732223164548
 2.2016806082885534
 2.2068490067632509
 2.2107758556493153
 2.2134969338091137
 2.2147933818132794


# name: p
# type: matrix
# rows: 129
# columns: 1
 0
 0.058964738182742046
 0.12569201297112501
 0.19104003026299279
 0.25626973772445077
 0.32134187161575545
 0.38621727544934509
 0.45085689525137473
 0.51522183761977181
 0.57927335233232602
 0.64297290267116636
 0.70628213541939133
 0.76916296328243006
 0.83157752234559834
 0.89348826639364465
 0.95485791193184377
 1.0156495441763485
 1.0758265497714055
 1.1353527341950076
 1.1941922423344746
 1.2523096870243766
 1.3096700576719893
 1.3662388596176271
 1.4219820110302921
 1.4768659927544658
 1.5308577337245377
 1.5839247709368269
 1.6360351236590589
 1.6871574631419752
 1.7372609759271329
 1.7863155428889903
 1.8342915919705809
 1.881160286124453
 1.9268933658312672
 1.9714633454865265
 2.0148433460817627
 2.0570072995636175
 2.0979297720810166
 2.1375861758239436
 2.1759525832627324
 2.2130059459558362
 2.2487239002290966
 2.2830849924250121
 2.3160684764904622
 2.3476545451244459
 2.3778241197622676
 2.4065590870644624
 2.4338420818037987
 2.4596567281252435
 2.4839874158592243
 2.5068195459709695
 2.528139300839344
 2.5479338933037932
 2.5661913314626141
 2.5829006707170445
 2.5980517736560533
 2.6116355644898697
 2.6236437846002452
 2.6340692487499426
 2.642905596887875
 2.6501475515167874
 2.6557906663517099
 2.6598315842252425
 2.6622677832053805
 2.6630978344165017
 2.6623211462287451
 2.6599382213729861
 2.6559503998186269
 2.6503601145625115
 2.6431706338151719
 2.6343863148468158
 2.6240123461037475
 2.6120549984992203
 2.5985213680819492
 2.5834196241657579
 2.5667587531707756
 2.5485488029934098
 2.5288006286380225
 2.5075261322377775
 2.4847380110903199
 2.4604499927505006
 2.4346765860777935
 2.4074333108337629
 2.3787364523417258
 2.3486032850350309
 2.3170518313207977
 2.2841010785396327
 2.2497707426151661
 2.2140814779016758
 2.1770546461896401
 2.1387125189348493
 2.0990780521773162
 2.0581750806637804
 2.0160280992230977
 1.9726624483135533
 1.9281041023823149
 1.8823798463895904
 1.8355170716629476
 1.7875439429720739
 1.7384892023707144
 1.6883823264185278
 1.637253338484191
 1.585132955734547
 1.532052410352071
 1.4780435859361294
 1.4231388480665486
 1.3673711697872915
 1.3107739719253761
 1.2533812373535509
 1.1952273614503439
 1.1363472548653035
 1.0767762044815656
 1.0165499644349085
 0.95570462791493982
 0.89427670621747546
 0.8323030116943777
 0.76982072464756457
 0.70686728771069984
 0.6434804604224007
 0.57969822529546733
 0.51555882993650815
 0.45110070503027555
 0.38636249390289157
 0.32138298262018627
 0.25620111692192332
 0.19085594460388605
 0.12538661978089188
 0.058390170867375239
 1.2246467991473532e-16


# name: x
# type: range
# base, limit, increment
0 1 0.0078125


