# Created by Octave 6.2.0, Sat Jul 31 20:40:50 2021 -03 <kuroneko@kuroneko-VirtualBox>
# name: xl
# type: matrix
# rows: 65
# columns: 1
 0
 0.015625
 0.03125
 0.046875
 0.0625
 0.078125
 0.09375
 0.109375
 0.125
 0.140625
 0.15625
 0.171875
 0.1875
 0.203125
 0.21875
 0.234375
 0.25
 0.265625
 0.28125
 0.296875
 0.3125
 0.328125
 0.34375
 0.359375
 0.375
 0.390625
 0.40625
 0.421875
 0.4375
 0.453125
 0.46875
 0.484375
 0.5
 0.515625
 0.53125
 0.546875
 0.5625
 0.578125
 0.59375
 0.609375
 0.625
 0.640625
 0.65625
 0.671875
 0.6875
 0.703125
 0.71875
 0.734375
 0.75
 0.765625
 0.78125
 0.796875
 0.8125
 0.828125
 0.84375
 0.859375
 0.875
 0.890625
 0.90625
 0.921875
 0.9375
 0.953125
 0.96875
 0.984375
 1


# name: h
# type: scalar
0.03125


# name: u
# type: matrix
# rows: 65
# columns: 1
 -1.9128476155751499
 -1.9097299256229772
 -1.9021187242051332
 -1.8894127142492696
 -1.8717079927646054
 -1.8490468056384008
 -1.821482739245726
 -1.7890815820848602
 -1.7519201867703291
 -1.7100872491719616
 -1.6636821461103914
 -1.612815624575656
 -1.5576086262370441
 -1.4981928801837261
 -1.4347097254867269
 -1.367310601833982
 -1.2961558813997158
 -1.2214152527305868
 -1.1432665730867051
 -1.0618961419646631
 -0.97749758487568705
 -0.89027201395546463
 -0.80042695384041362
 -0.70817638790304904
 -0.61373973647999713
 -0.51734178837471512
 -0.41921174118460064
 -0.31958301881956941
 -0.21869238307527228
 -0.11677963901569482
 -0.014086826250884331
 0.08914218488623063
 0.19266241466946246
 0.29622828302412879
 0.39959423662037968
 0.50251535813953785
 0.6047478931980953
 0.70604995386776803
 0.80618194046507874
 0.90490733244669441
 1.0019930011154952
 1.0972100801682276
 1.1903341664231999
 1.2811462615269211
 1.3694328588908999
 1.4549869473751653
 1.5376079837216818
 1.6171029484320669
 1.69328620409228
 1.7659805931552641
 1.8350171836551519
 1.9002363981978296
 1.9614876496523301
 2.0186304903473555
 2.0715341413923016
 2.120078650878519
 2.1641543215122949
 2.2036628665279911
 2.2385167413003808
 2.2686402856936496
 2.2939689662512897
 2.3144504938300949
 2.3300439838333999
 2.3408739927197244
 2.3460441795047475


# name: p
# type: matrix
# rows: 65
# columns: 1
 0
 0.1186515262488516
 0.25192694787324083
 0.38208132940346845
 0.51129118235253002
 0.63924553481261148
 0.76563682841763725
 0.89016075946176509
 1.0125181039137583
 1.1324141504887457
 1.2495608847521915
 1.3636760196212099
 1.4744855174991716
 1.5817222275640059
 1.6851287216148063
 1.7844555512956202
 1.8794643703098726
 1.9699258283926449
 2.0556229497864735
 2.1363486842777339
 2.2119095093549896
 2.2821226619321435
 2.3468199294517742
 2.4058445889973457
 2.4590553507796877
 2.5063230341630987
 2.5475346255008695
 2.5825897231383967
 2.611404670457576
 2.6339088041496499
 2.6500486225990203
 2.6597838736180264
 2.6630917179553029
 2.659962694235714
 2.6504048374200924
 2.634439559881236
 2.6121056850703526
 2.5834552844728824
 2.5485575875480198
 2.5074948147384357
 2.460365925935124
 2.4072824897586047
 2.3483722343505185
 2.2837749928003106
 2.213646021962639
 2.1381520631760922
 2.0574743970331988
 1.9718050574335078
 1.8813495927694233
 1.7863234698855455
 1.686954514964202
 1.5834795421405536
 1.4761464504493798
 1.365211109688637
 1.25093909309413
 1.1336028505737479
 1.0134830602772926
 0.89086611656331127
 0.7660450872938146
 0.63931754087207604
 0.51098609988096866
 0.38135662827245581
 0.25073837584729614
 0.11638565719045642
 1.2246467991473532e-16


# name: x
# type: range
# base, limit, increment
0 1 0.015625


# name: exata
# type: matrix
# rows: 65
# columns: 1
 0
 0.049067674327418015
 0.098017140329560604
 0.14673047445536175
 0.19509032201612825
 0.24298017990326387
 0.29028467725446233
 0.33688985339222005
 0.38268343236508978
 0.42755509343028208
 0.47139673682599764
 0.51410274419322166
 0.55557023301960218
 0.59569930449243336
 0.63439328416364549
 0.67155895484701833
 0.70710678118654746
 0.74095112535495911
 0.77301045336273699
 0.80320753148064483
 0.83146961230254524
 0.85772861000027212
 0.88192126434835494
 0.90398929312344334
 0.92387953251128674
 0.94154406518302081
 0.95694033573220894
 0.97003125319454397
 0.98078528040323043
 0.98917650996478101
 0.99518472667219682
 0.99879545620517241
 1
 0.99879545620517241
 0.99518472667219693
 0.98917650996478101
 0.98078528040323043
 0.97003125319454397
 0.95694033573220894
 0.94154406518302081
 0.92387953251128674
 0.90398929312344345
 0.88192126434835505
 0.85772861000027212
 0.83146961230254546
 0.80320753148064494
 0.7730104533627371
 0.74095112535495899
 0.70710678118654757
 0.67155895484701855
 0.63439328416364549
 0.59569930449243347
 0.55557023301960218
 0.51410274419322177
 0.47139673682599786
 0.42755509343028203
 0.38268343236508989
 0.33688985339222033
 0.29028467725446239
 0.24298017990326407
 0.19509032201612861
 0.1467304744553618
 0.098017140329560826
 0.049067674327417966
 1.2246467991473532e-16


