# Created by Octave 6.2.0, Sat Jul 31 20:40:51 2021 -03 <kuroneko@kuroneko-VirtualBox>
# name: xl
# type: matrix
# rows: 97
# columns: 1
 0
 0.010416666666666666
 0.020833333333333332
 0.03125
 0.041666666666666664
 0.052083333333333329
 0.062499999999999993
 0.072916666666666657
 0.083333333333333329
 0.09375
 0.10416666666666667
 0.11458333333333334
 0.125
 0.13541666666666666
 0.14583333333333331
 0.15624999999999997
 0.16666666666666663
 0.17708333333333329
 0.18749999999999994
 0.1979166666666666
 0.20833333333333326
 0.21874999999999992
 0.22916666666666657
 0.23958333333333323
 0.24999999999999989
 0.26041666666666657
 0.27083333333333326
 0.28124999999999994
 0.29166666666666663
 0.30208333333333331
 0.3125
 0.32291666666666669
 0.33333333333333337
 0.34375000000000006
 0.35416666666666674
 0.36458333333333343
 0.37500000000000011
 0.3854166666666668
 0.39583333333333348
 0.40625000000000017
 0.41666666666666685
 0.42708333333333354
 0.43750000000000022
 0.44791666666666691
 0.45833333333333359
 0.46875000000000028
 0.47916666666666696
 0.48958333333333365
 0.50000000000000033
 0.51041666666666696
 0.52083333333333359
 0.53125000000000022
 0.54166666666666685
 0.55208333333333348
 0.56250000000000011
 0.57291666666666674
 0.58333333333333337
 0.59375
 0.60416666666666663
 0.61458333333333326
 0.62499999999999989
 0.63541666666666652
 0.64583333333333315
 0.65624999999999978
 0.66666666666666641
 0.67708333333333304
 0.68749999999999967
 0.6979166666666663
 0.70833333333333293
 0.71874999999999956
 0.72916666666666619
 0.73958333333333282
 0.74999999999999944
 0.76041666666666607
 0.7708333333333327
 0.78124999999999933
 0.79166666666666596
 0.80208333333333259
 0.81249999999999922
 0.82291666666666585
 0.83333333333333248
 0.84374999999999911
 0.85416666666666574
 0.86458333333333237
 0.874999999999999
 0.88541666666666563
 0.89583333333333226
 0.90624999999999889
 0.91666666666666552
 0.92708333333333215
 0.93749999999999878
 0.94791666666666541
 0.95833333333333204
 0.96874999999999867
 0.9791666666666653
 0.98958333333333193
 0.99999999999999856


# name: h
# type: scalar
0.020833333333333332


# name: u
# type: matrix
# rows: 97
# columns: 1
 -1.9691632155700471
 -1.9677802926166224
 -1.9644026430495114
 -1.958760132229971
 -1.950887595657768
 -1.9407934066430468
 -1.9284882047353755
 -1.913985082698789
 -1.897299375131049
 -1.8784488380703279
 -1.8574534353690115
 -1.8343355101675496
 -1.8091195699328921
 -1.7818324490698674
 -1.7525030935400214
 -1.7211627139188683
 -1.6878445705126701
 -1.6525841162108335
 -1.6154187830159963
 -1.576388114084579
 -1.5355335525794418
 -1.4928985623379354
 -1.4485284199464097
 -1.4024703235238372
 -1.3547731889035957
 -1.3054877460716863
 -1.2546663403235703
 -1.2023630159489067
 -1.148633323209864
 -1.0935343889189664
 -1.0371247300603026
 -0.97946431096325803
 -0.92061436435952837
 -0.86063743491296918
 -0.79959720847340665
 -0.73755854178132974
 -0.67458730064431283
 -0.61075037569454249
 -0.54611553017537673
 -0.48075140168949787
 -0.41472736024189116
 -0.34811349597648605
 -0.28098048807782383
 -0.21339957855413136
 -0.14544245255335278
 -0.077181198310438168
 -0.0086881993844330138
 0.059963919052894735
 0.12870238560336933
 0.19745434977673304
 0.26614696459793735
 0.33470746687113112
 0.40306324666034177
 0.47114194033350321
 0.53887148662527251
 0.60618023205663873
 0.67299697334620734
 0.73925107474781593
 0.8048724966352121
 0.86979192424894547
 0.93394078233871014
 0.99725137476179815
 1.059656885127229
 1.1210915266414447
 1.1814905287584416
 1.2407902966243702
 1.2989283837979659
 1.3558436606044664
 1.4114762730504515
 1.4657678193591865
 1.5186612952632725
 1.5701012779583303
 1.6200338580153695
 1.6684068299577999
 1.7151696110929082
 1.7602734378886506
 1.8036712720798285
 1.8453180019961051
 1.8851703363531613
 1.9231870096619925
 1.9593286641682666
 1.9935580584552892
 2.0258399380457468
 2.0561412462968578
 2.0844309842274527
 2.1106804227938079
 2.1348629525513787
 2.1569542963936916
 2.1769323497018118
 2.1947773926264604
 2.2104719214192783
 2.2240008593400677
 2.2353513799019211
 2.2445131154911397
 2.2514779732931807
 2.2563075084374891
 2.2586099633331025


# name: p
# type: matrix
# rows: 97
# columns: 1
 0
 0.078783632582746177
 0.16772845735519706
 0.2547770901927861
 0.34154541748725548
 0.42794060516332733
 0.51387027046546352
 0.59924246174421458
 0.68396590198158091
 0.76794991514844246
 0.8511047202682761
 0.93334130466177778
 1.0145717672886241
 1.0947091394229969
 1.1736677758018974
 1.2513631235005558
 1.327712159210926
 1.4026331073079417
 1.4760459213841175
 1.5478719527153495
 1.6180344739878731
 1.686458299584866
 1.7530703492611706
 1.8177992218784327
 1.8805757966117684
 1.9413327619606828
 2.0000052519109612
 2.0565303322403077
 2.1108476689088853
 2.1628989738616404
 2.2126287027827458
 2.2599834627701978
 2.3049127364634838
 2.3473682541294938
 2.3873047410596113
 2.4246792567585493
 2.459451962407261
 2.491585429987345
 2.5210454265200535
 2.5478001960878522
 2.5718212574877715
 2.5930826622279466
 2.6115618021759208
 2.6272386467110649
 2.6400965569054509
 2.6501215051024904
 2.657302892139831
 2.6616327527000023
 2.6631065720715474
 2.661722480678598
 2.6574820668782366
 2.6503895641224489
 2.6404526563064743
 2.6276816610483476
 2.6120903241346696
 2.5936950024197851
 2.572515443961882
 2.5485739740456981
 2.5218962576629069
 2.492510492149079
 2.4604481487376963
 2.4257431752739924
 2.3884327136613139
 2.3485563160715519
 2.3061566352055594
 2.2612786573623103
 2.2139703625512563
 2.1642819777104116
 2.1122666038373796
 2.0579794925605084
 2.0014786375963109
 1.942824077778075
 1.882078450299892
 1.8193063231940829
 1.7545747079854153
 1.6879524244828563
 1.6195105706410986
 1.5493219223940378
 1.477461358703702
 1.4040052990130725
 1.3290320816541106
 1.25262144133673
 1.1748548392870501
 1.0958149830181645
 1.0155861067761565
 0.93425353565754499
 0.8519039151530704
 0.76862482148710742
 0.68450493926688571
 0.59963371972152979
 0.51410150568628299
 0.42799923921403854
 0.34141853334931549
 0.2544514303740476
 0.16719042005357915
 0.077767021926094429
 1.2246467991473532e-16


# name: x
# type: range
# base, limit, increment
0 1 0.010416666666666666


