# Created by Octave 6.2.0, Sun Jun 27 21:00:56 2021 -03 <kuroneko@kuroneko-VirtualBox>
# name: erro
# type: matrix
# rows: 4
# columns: 1
 0.016314899657126979
 0.19650360379996101
 0.36833770270611144
 0


# name: hh
# type: matrix
# rows: 4
# columns: 1
 0.02
 0.10000000000000001
 0.20000000000000001
 0


# name: erroDer
# type: matrix
# rows: 4
# columns: 1
 3.4504775089654078
 5.9597235466916825
 4.2819528792678803
 0


