# Created by Octave 6.2.0, Mon Jun 21 14:42:44 2021 -03 <kuroneko@kuroneko-VirtualBox>
# name: erro
# type: matrix
# rows: 4
# columns: 1
 0.58320951066776439
 0.60059950289511921
 0.84433486991860884
 0


# name: hh
# type: matrix
# rows: 4
# columns: 1
 0.02
 0.10000000000000001
 0.20000000000000001
 0


# name: erroDer
# type: matrix
# rows: 4
# columns: 1
 3.4504775089654078
 5.9597235466916825
 4.2819528792678803
 0


