# Created by Octave 6.2.0, Sat Jun 19 23:10:46 2021 -03 <kuroneko@kuroneko-VirtualBox>
# name: xl
# type: matrix
# rows: 11
# columns: 1
 0
 0.10000000000000001
 0.20000000000000001
 0.30000000000000004
 0.40000000000000002
 0.5
 0.59999999999999998
 0.69999999999999996
 0.79999999999999993
 0.89999999999999991
 0.99999999999999989


# name: h
# type: scalar
0.10000000000000001


# name: u
# type: matrix
# rows: 11
# columns: 1
 0
 0.14191296854803981
 0.17904351572598029
 0.37334769495906955
 0.33189142610943567
 0.64407582938388652
 0.4257992244722103
 1.0032141318397245
 0.38709177078845325
 1.5612753123653602
 0


# name: x
# type: range
# base, limit, increment
0 1 0.10000000000000001


# name: exata
# type: matrix
# rows: 11
# columns: 1
 0
 0.10000000000000001
 0.20000000000000001
 0.30000000000000004
 0.40000000000000002
 0.5
 0.59999999999999998
 0.69999999999990636
 0.79999999793884635
 0.89995460007023742
 1.4099832412739488e-14


