# Created by Octave 6.2.0, Sat Jul 31 20:29:39 2021 -03 <kuroneko@kuroneko-VirtualBox>
# name: xl
# type: matrix
# rows: 145
# columns: 1
 0
 0.0069444444444444441
 0.013888888888888888
 0.020833333333333332
 0.027777777777777776
 0.034722222222222224
 0.041666666666666671
 0.048611111111111119
 0.055555555555555566
 0.062500000000000014
 0.069444444444444461
 0.076388888888888909
 0.083333333333333356
 0.090277777777777804
 0.097222222222222252
 0.1041666666666667
 0.11111111111111115
 0.11805555555555559
 0.12500000000000003
 0.13194444444444448
 0.13888888888888892
 0.14583333333333337
 0.15277777777777782
 0.15972222222222227
 0.16666666666666671
 0.17361111111111116
 0.18055555555555561
 0.18750000000000006
 0.1944444444444445
 0.20138888888888895
 0.2083333333333334
 0.21527777777777785
 0.22222222222222229
 0.22916666666666674
 0.23611111111111119
 0.24305555555555564
 0.25000000000000006
 0.25694444444444448
 0.2638888888888889
 0.27083333333333331
 0.27777777777777773
 0.28472222222222215
 0.29166666666666657
 0.29861111111111099
 0.30555555555555541
 0.31249999999999983
 0.31944444444444425
 0.32638888888888867
 0.33333333333333309
 0.34027777777777751
 0.34722222222222193
 0.35416666666666635
 0.36111111111111077
 0.36805555555555519
 0.37499999999999961
 0.38194444444444403
 0.38888888888888845
 0.39583333333333287
 0.40277777777777729
 0.40972222222222171
 0.41666666666666613
 0.42361111111111055
 0.43055555555555497
 0.43749999999999939
 0.44444444444444381
 0.45138888888888823
 0.45833333333333265
 0.46527777777777707
 0.47222222222222149
 0.47916666666666591
 0.48611111111111033
 0.49305555555555475
 0.49999999999999917
 0.50694444444444364
 0.51388888888888806
 0.52083333333333248
 0.5277777777777769
 0.53472222222222132
 0.54166666666666574
 0.54861111111111016
 0.55555555555555458
 0.562499999999999
 0.56944444444444342
 0.57638888888888784
 0.58333333333333226
 0.59027777777777668
 0.5972222222222211
 0.60416666666666552
 0.61111111111110994
 0.61805555555555436
 0.62499999999999878
 0.6319444444444432
 0.63888888888888762
 0.64583333333333204
 0.65277777777777646
 0.65972222222222088
 0.6666666666666653
 0.67361111111110972
 0.68055555555555414
 0.68749999999999856
 0.69444444444444298
 0.7013888888888874
 0.70833333333333182
 0.71527777777777624
 0.72222222222222066
 0.72916666666666508
 0.7361111111111095
 0.74305555555555391
 0.74999999999999833
 0.75694444444444275
 0.76388888888888717
 0.77083333333333159
 0.77777777777777601
 0.78472222222222043
 0.79166666666666485
 0.79861111111110927
 0.80555555555555369
 0.81249999999999811
 0.81944444444444253
 0.82638888888888695
 0.83333333333333137
 0.84027777777777579
 0.84722222222222021
 0.85416666666666463
 0.86111111111110905
 0.86805555555555347
 0.87499999999999789
 0.88194444444444231
 0.88888888888888673
 0.89583333333333115
 0.90277777777777557
 0.90972222222221999
 0.91666666666666441
 0.92361111111110883
 0.93055555555555325
 0.93749999999999767
 0.94444444444444209
 0.95138888888888651
 0.95833333333333093
 0.96527777777777535
 0.97222222222221977
 0.97916666666666419
 0.98611111111110861
 0.99305555555555303
 0.99999999999999745


# name: h
# type: scalar
0.020833333333333332


# name: u
# type: matrix
# rows: 145
# columns: 1
 0.057036584515976436
 0.022600748729140089
 0.031721743578285659
 0.023547904798308057
 -0.020016754208564191
 0.0023384122143229151
 0.035229792352759873
 -0.018250849461723059
 0.0071613479030984729
 0.020081372141061014
 -0.039336120169705113
 -0.0045373373763790831
 0.030320090807091873
 -0.016518098506030313
 0.014336238613800831
 -0.039307543544244171
 -0.090592940120637178
 -0.04256773543272635
 -0.0066236124611318004
 -0.10727962708366584
 -0.052480350327832812
 0.030093386304907051
 -0.081549042814122799
 -0.018819523517760839
 0.084263432208918854
 -0.054017490660581167
 0.0097163516406629635
 0.10082804033712273
 -0.029308434364749503
 0.041553864741589841
 0.12554490463009449
 -0.062576580706458607
 0.0088897258699378763
 0.11845935964873633
 -0.028544763176149068
 0.045143537342842599
 0.091809147779562894
 -0.021795807938022049
 0.055863149613155638
 0.04222955872082939
 -0.05295279296031985
 0.033466503947136794
 0.054567863110662154
 -0.13248284535071686
 -0.031207950687736526
 0.1722296969289292
 -0.063925382441250955
 0.015798955324920261
 0.065916477551615241
 -0.13055020353431324
 -0.031581101071341378
 0.11184707570294633
 -0.060949414061033214
 0.031001324893563831
 0.070388078723485403
 -0.08024519354879478
 0.022676361930991096
 0.10885398117219783
 -0.089998756412746003
 0.003760591991659748
 0.051010153711863737
 -0.075378790981023625
 0.030938811496975527
 0.0954299049599069
 -0.1036427813022085
 -0.0027739409739372389
 0.087712955740947632
 -0.091450434062237934
 0.0086863918859010625
 0.072896583672981297
 -0.06171519910660983
 0.04416369246642593
 0.11285905022335574
 -0.10531131568585506
 -0.00633439900867383
 0.094453987743374074
 -0.077011869735706728
 0.023354133506464203
 0.097452603147270694
 -0.066893416578791665
 0.033652067238092775
 0.11731854582609604
 -0.089386000710906355
 0.0051897340987836355
 0.10036379706494408
 -0.090048831162796689
 0.0030579067151438556
 0.091215019698676139
 -0.083809952904806889
 0.0050408940956626711
 0.067693577926517701
 -0.092418617827107891
 -2.4803903472066738e-05
 0.10492878897198087
 -0.092082952451799746
 -0.0074426674051327937
 0.10522672650460041
 0.0029299861934063342
 0.080251817196282965
 0.075237062062452773
 -0.11058059874898513
 -0.034996456703521292
 0.066825987470052833
 -0.005732872592451181
 0.060801118500098915
 0.018461134147538506
 -0.1191426710495669
 -0.051530805054327937
 0.025382698512483131
 -0.123677760690488
 -0.043378515079451875
 0.1912982831515935
 0.12644040411761204
 0.17727064333289488
 0.14155399625090165
 -0.021397521163764033
 0.014799603077472634
 0.01106866238865839
 -0.097391216438615036
 -0.047974990627883018
 0.053614979501583448
 -0.023163763059175224
 0.017639393550092919
 0.071036421541442268
 -0.041138180895302856
 -0.0091648422638481719
 0.067528733560131116
 0.015273097241425226
 0.035433440823074314
 0.014990005846445886
 -0.013173591412062757
 0.0060613914615548214
 0.0084762829015261332
 -0.018246649190802877
 -0.0050904033671967941
 0.010055401160563499
 0.0061254993226533827
 0.011226698802579094
 -0.0014286954543158426
 -0.0018212591290480695
 -0.0020032223016490658
 -0.0035578980038929175
 0.0031364299572763654
 -0.0008638475591756789
 0.0033955188915238479


