# Created by Octave 6.2.0, Wed Aug 04 01:17:13 2021 -03 <kuroneko@kuroneko-VirtualBox>
# name: xl
# type: matrix
# rows: 49
# columns: 1
 0
 0.020833333333333332
 0.041666666666666664
 0.0625
 0.083333333333333329
 0.10416666666666666
 0.12499999999999999
 0.14583333333333331
 0.16666666666666666
 0.1875
 0.20833333333333334
 0.22916666666666669
 0.25
 0.27083333333333331
 0.29166666666666663
 0.31249999999999994
 0.33333333333333326
 0.35416666666666657
 0.37499999999999989
 0.3958333333333332
 0.41666666666666652
 0.43749999999999983
 0.45833333333333315
 0.47916666666666646
 0.49999999999999978
 0.52083333333333315
 0.54166666666666652
 0.56249999999999989
 0.58333333333333326
 0.60416666666666663
 0.625
 0.64583333333333337
 0.66666666666666674
 0.68750000000000011
 0.70833333333333348
 0.72916666666666685
 0.75000000000000022
 0.77083333333333359
 0.79166666666666696
 0.81250000000000033
 0.8333333333333337
 0.85416666666666707
 0.87500000000000044
 0.89583333333333381
 0.91666666666666718
 0.93750000000000056
 0.95833333333333393
 0.9791666666666673
 1.0000000000000007


# name: h
# type: scalar
0.0625


# name: u
# type: matrix
# rows: 49
# columns: 1
 0.072315071628844124
 0.25628620370719113
 0.37833194610700044
 0.067665459962486907
 1.2898773920497273
 1.7200530124930378
 2.6271400015337218
 1.0712083016202572
 1.0318059452760309
 1.3864544970589159
 -3.3313849587207391
 -2.5412105884936675
 7.3328758699744441
 0.23426766162176471
 -0.32397057116229283
 1.2615090603149823
 -1.9111338819976416
 -1.779394483336465
 1.1467277185050142
 1.0728844520808809
 1.6605061954337903
 4.6925626387672521
 2.4849165604005377
 1.562864429765189
 -2.6809449379246271
 1.5554318679011665
 1.8824048057352378
 -0.1403951565519049
 -2.081064008378573
 -1.0441313765641529
 8.0799598114836648
 1.8979245665885145
 0.84047473205166301
 -0.50706064098376735
 0.064692223003133265
 0.27295755901376495
 0.78425089791485803
 -0.43658176590196041
 0.092646758756281811
 4.7803142959835547
 0.24980832885695214
 -0.19195080084703053
 0.43444928095955038
 0.022708378094227544
 0.0039743784964550444
 0.16876228827546957
 0.17591813436156478
 0.15188867649888937
 0.1214690507305478


# name: p
# type: matrix
# rows: 49
# columns: 1
 2143231306463.8936
 2501724179048.2329
 2382226554855.7109
 1067752688731.2395
 1587756784562.4014
 1414422085954.7815
 -492259598737.14703
 -656008992760.51025
 -601425861417.6073
 -1011416651.1167288
 496774304413.7702
 330845730727.96521
 -1494368579823.5237
 -1354757606060.5222
 -1401294597312.6113
 -1913201501092.9348
 -2461751676895.1211
 -2278901618291.4844
 -267550973660.38947
 -4669909385434.8574
 -3202456581506.0122
 12939524261699.346
 16831374046581.158
 15534090784951.639
 1263974907033.2803
 1046829274080.8094
 1119211151732.6187
 1915411805899.936
 -1061360206207.214
 -69102868835.418182
 10845727842246.205
 13849903263379.223
 12848511456332.836
 1833201578828.0242
 3686273114019.5039
 3068582602290.6162
 -3726013026731.8594
 -4623201303299.2861
 -4324138544441.3691
 -1034448197010.5441
 -1443773814144.8831
 -1307331941765.5718
 193528654402.86337
 12919273217.655899
 73122400279.963455
 735356797963.60266
 919522968010.7782
 858134244661.67676
 182858287821.69998


# name: x
# type: range
# base, limit, increment
0 1 0.020833333333333332


# name: exata
# type: matrix
# rows: 49
# columns: 1
 0
 0.065403129230143062
 0.13052619222005157
 0.19509032201612825
 0.25881904510252074
 0.32143946530316153
 0.38268343236508973
 0.44228869021900119
 0.49999999999999994
 0.55557023301960218
 0.60876142900872066
 0.65934581510006895
 0.70710678118654746
 0.75183980747897727
 0.79335334029123505
 0.83146961230254512
 0.86602540378443849
 0.89687274153268814
 0.92387953251128652
 0.94693012949510558
 0.9659258262890682
 0.98078528040323032
 0.99144486137381038
 0.99785892323860348
 1
 0.99785892323860359
 0.99144486137381049
 0.98078528040323054
 0.96592582628906842
 0.94693012949510569
 0.92387953251128674
 0.89687274153268837
 0.86602540378443849
 0.83146961230254512
 0.79335334029123483
 0.75183980747897716
 0.70710678118654691
 0.65934581510006829
 0.6087614290087201
 0.5555702330196014
 0.49999999999999917
 0.44228869021900014
 0.38268343236508862
 0.32143946530316009
 0.2588190451025193
 0.19509032201612686
 0.1305261922200498
 0.065403129230141341
 -2.0979813693355779e-15


