# Created by Octave 6.2.0, Wed Aug 04 01:17:15 2021 -03 <kuroneko@kuroneko-VirtualBox>
# name: xl
# type: matrix
# rows: 145
# columns: 1
 0
 0.0069444444444444441
 0.013888888888888888
 0.020833333333333332
 0.027777777777777776
 0.034722222222222224
 0.041666666666666671
 0.048611111111111119
 0.055555555555555566
 0.062500000000000014
 0.069444444444444461
 0.076388888888888909
 0.083333333333333356
 0.090277777777777804
 0.097222222222222252
 0.1041666666666667
 0.11111111111111115
 0.11805555555555559
 0.12500000000000003
 0.13194444444444448
 0.13888888888888892
 0.14583333333333337
 0.15277777777777782
 0.15972222222222227
 0.16666666666666671
 0.17361111111111116
 0.18055555555555561
 0.18750000000000006
 0.1944444444444445
 0.20138888888888895
 0.2083333333333334
 0.21527777777777785
 0.22222222222222229
 0.22916666666666674
 0.23611111111111119
 0.24305555555555564
 0.25000000000000006
 0.25694444444444448
 0.2638888888888889
 0.27083333333333331
 0.27777777777777773
 0.28472222222222215
 0.29166666666666657
 0.29861111111111099
 0.30555555555555541
 0.31249999999999983
 0.31944444444444425
 0.32638888888888867
 0.33333333333333309
 0.34027777777777751
 0.34722222222222193
 0.35416666666666635
 0.36111111111111077
 0.36805555555555519
 0.37499999999999961
 0.38194444444444403
 0.38888888888888845
 0.39583333333333287
 0.40277777777777729
 0.40972222222222171
 0.41666666666666613
 0.42361111111111055
 0.43055555555555497
 0.43749999999999939
 0.44444444444444381
 0.45138888888888823
 0.45833333333333265
 0.46527777777777707
 0.47222222222222149
 0.47916666666666591
 0.48611111111111033
 0.49305555555555475
 0.49999999999999917
 0.50694444444444364
 0.51388888888888806
 0.52083333333333248
 0.5277777777777769
 0.53472222222222132
 0.54166666666666574
 0.54861111111111016
 0.55555555555555458
 0.562499999999999
 0.56944444444444342
 0.57638888888888784
 0.58333333333333226
 0.59027777777777668
 0.5972222222222211
 0.60416666666666552
 0.61111111111110994
 0.61805555555555436
 0.62499999999999878
 0.6319444444444432
 0.63888888888888762
 0.64583333333333204
 0.65277777777777646
 0.65972222222222088
 0.6666666666666653
 0.67361111111110972
 0.68055555555555414
 0.68749999999999856
 0.69444444444444298
 0.7013888888888874
 0.70833333333333182
 0.71527777777777624
 0.72222222222222066
 0.72916666666666508
 0.7361111111111095
 0.74305555555555391
 0.74999999999999833
 0.75694444444444275
 0.76388888888888717
 0.77083333333333159
 0.77777777777777601
 0.78472222222222043
 0.79166666666666485
 0.79861111111110927
 0.80555555555555369
 0.81249999999999811
 0.81944444444444253
 0.82638888888888695
 0.83333333333333137
 0.84027777777777579
 0.84722222222222021
 0.85416666666666463
 0.86111111111110905
 0.86805555555555347
 0.87499999999999789
 0.88194444444444231
 0.88888888888888673
 0.89583333333333115
 0.90277777777777557
 0.90972222222221999
 0.91666666666666441
 0.92361111111110883
 0.93055555555555325
 0.93749999999999767
 0.94444444444444209
 0.95138888888888651
 0.95833333333333093
 0.96527777777777535
 0.97222222222221977
 0.97916666666666419
 0.98611111111110861
 0.99305555555555303
 0.99999999999999745


# name: h
# type: scalar
0.020833333333333332


# name: u
# type: matrix
# rows: 145
# columns: 1
 0.013999073226091216
 -0.18831840219451662
 -0.16057073237387179
 0.30425733859230758
 0.1868444767002595
 0.14456451161594741
 -0.1557741536307663
 -0.49123434911134767
 -0.38109394424169424
 0.62772100930160746
 2.9093415508299372
 2.6583741240357566
 -1.8015549215877507
 3.3127652800861913
 3.8667157289087335
 3.0518018176635495
 -2.9307340735315113
 -3.6125037389282042
 -3.2268202602294598
 -0.35059608622756089
 -0.11774991760824444
 -1.3767256808058981
 0.66644502262133309
 0.9053166858901357
 0.44350948146063601
 0.30173193370841517
 0.61609222777227413
 3.064739521431064
 1.3853290258080386
 1.5470241134518588
 4.2566410761706326
 1.6011044169407063
 1.044088154415536
 -1.2009716301051105
 -4.2976621618691384
 -3.383752933795189
 6.6198896605312934
 -1.8078644222381626
 -1.5036035986894025
 9.0438103218044041
 0.40312430425202139
 -0.59853792469966183
 -0.39073952231790188
 0.63753307924527824
 1.0542726901978385
 2.6922514595050853
 0.42616870531761508
 0.65885869500569694
 4.3240013020555477
 -1.5961711809795149
 -1.8196029090309229
 2.008759563292668
 -0.30506997240258638
 -0.44272788386820527
 0.55884869420906325
 -0.17548866770630267
 -0.35697707355278796
 -1.6360906571962228
 -1.2442477029021013
 -0.72505244182368545
 2.4791229025099759
 -1.0955972336403526
 -1.2438313721135663
 0.7807731565068905
 0.2252141158729104
 0.094666929060941152
 -0.62676150854226242
 2.2944868682567376
 1.9768937040319092
 -3.5421375941159674
 -0.3538207238294
 0.90645656839119493
 7.6240855855002563
 4.2026509264290492
 2.3185559993539928
 -7.9260922932250955
 -1.5252924997294692
 -0.8620386676836489
 -2.2891380449399978
 -0.81652906339556974
 -0.31316754976215511
 1.5585781687768117
 -3.5942798408180994
 -3.8148437621769467
 -0.96821468980080261
 -2.6845793386126635
 -3.6101547339164166
 -9.7826824936648933
 -14.130797410042707
 -12.470687794125501
 4.6532287216981159
 -3.7154373539921344
 -3.6958863558513579
 4.3205590453544538
 1.8123918330250126
 2.0107766081390444
 5.6829127493839584
 -3.3237470634180366
 -4.5702724435220281
 -5.9847173571855867
 3.0269791365805658
 3.1160055051982076
 -5.4919202169760926
 -0.0052239671782717996
 -0.88176755707610865
 -13.705948436040238
 -1.7279240406203042
 -0.73896072904876575
 -5.1801160725685182
 -2.6371638621768678
 -1.1589259701440893
 7.9220922009257571
 -0.068688685040465103
 -0.56605012999389714
 3.1629851116289429
 0.84522194735743206
 0.57647454220275662
 0.67747102969003681
 1.1064024696375121
 0.88322625186740744
 -0.95348221176265247
 -0.57999190927485955
 -0.39424796789644745
 0.6334744393915559
 -1.1324630444913009
 -1.1785421662108142
 0.032207389271617703
 0.64649847737654142
 0.6365164555099988
 -0.13639366596305952
 0.0014877379402999935
 0.02184643882310322
 -0.05748856388488266
 -0.292941419846934
 -0.27013491173871707
 0.092949419685710133
 -0.038528886215701164
 -0.045623920334218582
 0.032787593275553917
 0.20588416260753739
 0.19374929115825879
 -0.062451333221154037
 0.10421036684177776
 0.098010783842892524
 -0.064800029479424121


