# Created by Octave 6.2.0, Wed Aug 04 01:17:13 2021 -03 <kuroneko@kuroneko-VirtualBox>
# name: xl
# type: matrix
# rows: 97
# columns: 1
 0
 0.010416666666666666
 0.020833333333333332
 0.03125
 0.041666666666666664
 0.052083333333333329
 0.062499999999999993
 0.072916666666666657
 0.083333333333333329
 0.09375
 0.10416666666666667
 0.11458333333333334
 0.125
 0.13541666666666666
 0.14583333333333331
 0.15624999999999997
 0.16666666666666663
 0.17708333333333329
 0.18749999999999994
 0.1979166666666666
 0.20833333333333326
 0.21874999999999992
 0.22916666666666657
 0.23958333333333323
 0.24999999999999989
 0.26041666666666657
 0.27083333333333326
 0.28124999999999994
 0.29166666666666663
 0.30208333333333331
 0.3125
 0.32291666666666669
 0.33333333333333337
 0.34375000000000006
 0.35416666666666674
 0.36458333333333343
 0.37500000000000011
 0.3854166666666668
 0.39583333333333348
 0.40625000000000017
 0.41666666666666685
 0.42708333333333354
 0.43750000000000022
 0.44791666666666691
 0.45833333333333359
 0.46875000000000028
 0.47916666666666696
 0.48958333333333365
 0.50000000000000033
 0.51041666666666696
 0.52083333333333359
 0.53125000000000022
 0.54166666666666685
 0.55208333333333348
 0.56250000000000011
 0.57291666666666674
 0.58333333333333337
 0.59375
 0.60416666666666663
 0.61458333333333326
 0.62499999999999989
 0.63541666666666652
 0.64583333333333315
 0.65624999999999978
 0.66666666666666641
 0.67708333333333304
 0.68749999999999967
 0.6979166666666663
 0.70833333333333293
 0.71874999999999956
 0.72916666666666619
 0.73958333333333282
 0.74999999999999944
 0.76041666666666607
 0.7708333333333327
 0.78124999999999933
 0.79166666666666596
 0.80208333333333259
 0.81249999999999922
 0.82291666666666585
 0.83333333333333248
 0.84374999999999911
 0.85416666666666574
 0.86458333333333237
 0.874999999999999
 0.88541666666666563
 0.89583333333333226
 0.90624999999999889
 0.91666666666666552
 0.92708333333333215
 0.93749999999999878
 0.94791666666666541
 0.95833333333333204
 0.96874999999999867
 0.9791666666666653
 0.98958333333333193
 0.99999999999999856


# name: h
# type: scalar
0.03125


# name: u
# type: matrix
# rows: 97
# columns: 1
 0.017414110688376689
 -0.013003784540353973
 0.0011558000284580846
 0.023367056129593868
 -0.026501766623239359
 -0.0030519970262261392
 0.035262511884824724
 -0.016521431284190334
 0.010086291060125881
 0.0081393930308627759
 -0.036966697014168874
 0.00096124437988637929
 0.020433480596549841
 -0.022002223709717821
 0.024130163893255858
 0.0473225864352812
 -0.022521284831076085
 0.027356637662060423
 0.054940832518454691
 -0.046246444175334619
 0.0096002287246495198
 0.065797301645195178
 -0.046261999968938046
 0.014284679123857114
 0.072166863551017757
 -0.050315381379642012
 0.011830030126321327
 0.053115939908972336
 -0.042735832379749428
 0.027255385875183613
 0.07052455475677015
 -0.052389603295769027
 0.021346035924789019
 0.093392007136957431
 -0.052919888596147324
 0.015627568127661418
 0.047832951003539008
 -0.069150532804053866
 0.0076464106358437867
 0.059268280651635773
 -0.061113278853824948
 0.015976756932190639
 0.062127085501480835
 -0.057037064674021851
 0.021497937514671994
 0.075355600137716111
 -0.060997663455169243
 0.015567716981702784
 0.075394368170603229
 -0.058152189938322885
 0.016349899626330988
 0.06848943056859319
 -0.052695489689820532
 0.019979758830620965
 0.059511378137190901
 -0.05868042551167283
 0.012599313273393822
 0.061977678085259946
 -0.057043080125664995
 0.010518221846075197
 0.059824554312786535
 -0.047914272516257073
 0.014052304918585196
 0.043064469274646917
 -0.059170669917721852
 0.0028693086961771863
 0.067600595579774658
 -0.050995681888935135
 0.00073462899263108949
 0.045646697239951788
 -0.048133224709058953
 -0.00051852844044203428
 0.036673623883134499
 -0.054841063589825129
 -0.012449485333116628
 0.035737739969299305
 -0.014933963263641659
 0.020222165389686131
 0.028265495038348475
 -0.023789919538464627
 0.0019710433009474115
 -0.0019553345248907068
 -0.022450898903386925
 0.0024032442606398974
 0.022262596562532745
 -0.010351781097525419
 -0.00012556758724869437
 -0.01762354610414215
 -0.0089217387772276904
 -0.00018743171313563879
 -0.0050744911164681081
 -0.007739240631752034
 -0.0067166394152968212
 0.0034184961177416641
 0.0034984013197008894
 -0.0018376480061308286
 0.0032788137336955733


# name: p
# type: matrix
# rows: 97
# columns: 1
 -4247395713.1273847
 -809786805.8288753
 -1955656441.1983452
 -14560222431.451857
 -21689444435.091991
 -19313037099.778778
 6827443586.3687763
 8882587383.8714199
 8197539452.460001
 662012203.66851497
 1383746486.7600772
 1143168393.7867823
 -1503190633.0867302
 -1918541110.2235823
 -1780090949.4999247
 -257139186.56794313
 -7399648.29377391
 -90646159.114475563
 -1006357783.9484971
 -1619903237.9005289
 -1415388084.3968506
 834278597.59032559
 1133432371.4003086
 1033714449.2161556
 -63182702.060844645
 27368915.654105064
 -2814954.2973266509
 -334837531.61736369
 -320175428.30442798
 -325062793.27978164
 -378823816.38710964
 -385380086.09560925
 -383194659.91535217
 -359154980.75665182
 -481894007.18354946
 -440980995.31204581
 9062126.0938700028
 15721962.958101068
 13502020.497229885
 -10917356.044889061
 10990468.20998041
 3687863.3555246284
 -76640799.725843966
 -88180754.16888234
 -84334099.427655727
 -42020907.045387603
 -81878138.266076103
 -68592391.269624799
 77550815.93130292
 98767360.468844742
 91695182.175027162
 13901211.29542326
 20159917.402533267
 18073685.201608218
 -4874878.5042376192
 -11747254.477609303
 -9456459.4148697723
 15742277.068907589
 18591098.767092213
 17641494.486119844
 7195838.5480597932
 -13302529.778138552
 -6469737.5374731617
 68690968.721529499
 84180490.132627353
 79017318.95050554
 22222428.089853637
 29435900.998238627
 27031412.445579309
 582031.12136725371
 581611.31543386984
 581753.44412869669
 583310.28515976318
 -2363748.5483088284
 -1381393.6588213677
 9424504.2952254508
 10833875.978805574
 10364087.096140414
 5196404.3561700974
 3907918.5207454613
 4337415.194625021
 9061874.4245258719
 10811929.509437324
 10228578.921567354
 3811719.1376890605
 -2676499.8714198614
 -513759.40800046822
 23276383.309983358
 34046336.955206349
 30456352.893574499
 -9033473.2423874047
 -12600397.486935776
 -11411422.558177024
 1667301.1170573225
 3967802.8516602726
 3200968.892187241
 -5234204.5184787689


# name: x
# type: range
# base, limit, increment
0 1 0.010416666666666666


