# Created by Octave 6.2.0, Sat Jul 31 20:29:38 2021 -03 <kuroneko@kuroneko-VirtualBox>
# name: xl
# type: matrix
# rows: 97
# columns: 1
 0
 0.010416666666666666
 0.020833333333333332
 0.03125
 0.041666666666666664
 0.052083333333333329
 0.062499999999999993
 0.072916666666666657
 0.083333333333333329
 0.09375
 0.10416666666666667
 0.11458333333333334
 0.125
 0.13541666666666666
 0.14583333333333331
 0.15624999999999997
 0.16666666666666663
 0.17708333333333329
 0.18749999999999994
 0.1979166666666666
 0.20833333333333326
 0.21874999999999992
 0.22916666666666657
 0.23958333333333323
 0.24999999999999989
 0.26041666666666657
 0.27083333333333326
 0.28124999999999994
 0.29166666666666663
 0.30208333333333331
 0.3125
 0.32291666666666669
 0.33333333333333337
 0.34375000000000006
 0.35416666666666674
 0.36458333333333343
 0.37500000000000011
 0.3854166666666668
 0.39583333333333348
 0.40625000000000017
 0.41666666666666685
 0.42708333333333354
 0.43750000000000022
 0.44791666666666691
 0.45833333333333359
 0.46875000000000028
 0.47916666666666696
 0.48958333333333365
 0.50000000000000033
 0.51041666666666696
 0.52083333333333359
 0.53125000000000022
 0.54166666666666685
 0.55208333333333348
 0.56250000000000011
 0.57291666666666674
 0.58333333333333337
 0.59375
 0.60416666666666663
 0.61458333333333326
 0.62499999999999989
 0.63541666666666652
 0.64583333333333315
 0.65624999999999978
 0.66666666666666641
 0.67708333333333304
 0.68749999999999967
 0.6979166666666663
 0.70833333333333293
 0.71874999999999956
 0.72916666666666619
 0.73958333333333282
 0.74999999999999944
 0.76041666666666607
 0.7708333333333327
 0.78124999999999933
 0.79166666666666596
 0.80208333333333259
 0.81249999999999922
 0.82291666666666585
 0.83333333333333248
 0.84374999999999911
 0.85416666666666574
 0.86458333333333237
 0.874999999999999
 0.88541666666666563
 0.89583333333333226
 0.90624999999999889
 0.91666666666666552
 0.92708333333333215
 0.93749999999999878
 0.94791666666666541
 0.95833333333333204
 0.96874999999999867
 0.9791666666666653
 0.98958333333333193
 0.99999999999999856


# name: h
# type: scalar
0.03125


# name: u
# type: matrix
# rows: 97
# columns: 1
 0.041174160440168743
 1.8574531184766045
 1.3479377452713661
 -4.3079779176238651
 -10.825533503040374
 -8.4193425853172776
 17.286325611032865
 10.458453182673439
 8.6985854488284478
 12.290908202928106
 8.1481522019539945
 7.3067396330860435
 4.6909379694243754
 3.3068634988697121
 3.1677436083856185
 2.1648240518410176
 2.9056779218288025
 2.6801394779458065
 -0.822006457867128
 1.8708663464989295
 1.7848973892437083
 -2.3881342225872246
 3.4621207182889195
 3.3039382986426178
 -4.8112868052413766
 4.4809097970950731
 4.5172928221228474
 -5.6466797968155102
 3.0014533228400322
 3.7764578521141265
 0.011876514960821422
 2.1696903519085358
 2.8268895324744605
 4.5180710627271692
 -5.4738652453056815
 -5.1688746519082116
 5.8492981543421338
 -4.2973507485947957
 -5.4298042026084659
 -5.8379335678081743
 0.47753178574152555
 0.61880949255542639
 -5.9669134992238142
 9.5049717406423184
 11.45079103620758
 10.184678009661528
 -6.2095907252795861
 -8.1020363392076167
 -8.2285359869195531
 3.2022530447521911
 4.7157247548321806
 3.9853170770321977
 -1.1503769118672698
 -1.5057868669262886
 -0.59925545834110516
 -0.16041414281129907
 0.12572425846040325
 0.73180564593549791
 -0.24847642814450754
 -0.34121350732049005
 -1.3162833123850297
 -1.0243238454406578
 -0.82593674830857333
 -0.57907403232949872
 0.029055908698278898
 0.32486660276642532
 1.0188116053617897
 0.57934600430114447
 0.88117061249347817
 2.867227981278651
 2.7262256215974627
 2.2285359683638211
 -2.4822541414863051
 -1.7677531000727946
 -0.72738793950278213
 6.1580532166009316
 -0.45247421023675383
 -0.74507630643649403
 2.8464577384929433
 2.8736728943307588
 2.3294347998660649
 -2.6347131497423613
 -3.0351270845714207
 -2.676047649460211
 0.19871354075788134
 0.16799884168826254
 0.14655687030562997
 -0.12529846885816587
 -0.28988426933856987
 -0.25701876958988673
 0.064842810606208112
 0.14141304240493099
 0.29763309606686161
 2.5202459955593284
 0.81288403814428833
 0.62203964286068547
 0.97652093752377023


# name: p
# type: matrix
# rows: 97
# columns: 1
 100386143667.86752
 -194408172211.54208
 -96143400254.343796
 984769091282.67407
 816239219603.10107
 872415843496.55371
 1490358706323.792
 2051525262680.7744
 1864469743791.8782
 -193140963677.09512
 -57084077212.665642
 -102436372700.93712
 -601311623072.01038
 -842789702665.96008
 -762297009456.2373
 123122615815.36053
 88937958227.99379
 100332844099.20959
 225676588656.30463
 345908375594.05792
 305831113288.70624
 -135018772091.69478
 -181901796916.21417
 -166274121965.47382
 5630302465.3442469
 -76982749013.046387
 -49445065176.08268
 253469456998.67874
 383563438974.05023
 340198778327.9234
 -136812488815.69441
 -27712746758.833611
 -64079327431.258842
 -464111714867.23334
 -578288539612.89001
 -540229598017.79919
 -121581240512.05652
 -90751468086.592422
 -101028058881.11113
 -214070557663.6806
 -243426398525.37561
 -233641118224.9176
 -126003034959.08743
 -159958206272.81546
 -148639815821.93784
 -24137520899.693737
 -45684454997.714958
 -38502143618.760429
 40503281509.342888
 70655837422.14447
 60604985464.660774
 -49954386106.890602
 -12944434366.080177
 -25281084933.194595
 -160984241211.35797
 -226849683800.90591
 -204894536259.16797
 36612086664.371971
 81944239604.063797
 66833521969.114601
 -99384372050.261444
 -129482827826.12642
 -119450009224.07433
 -9089004631.7317657
 -65174031322.180099
 -46479022415.079056
 159166075532.28107
 211054720414.30005
 193758505462.07327
 3500140962.2712779
 48247415214.244026
 33331657138.729145
 -130741681717.47862
 -120999388921.99118
 -124246819846.67204
 -159968560039.33841
 -202890506977.35168
 -188583191324.67105
 -31202719165.739609
 14598293344.000349
 -668710820.09658134
 -168605756642.72565
 -111564238438.28979
 -130578077835.66
 -339730311219.0094
 -121059576764.653
 -193949821581.19458
 -995742514567.89099
 -970830774339.09229
 -979134687747.34326
 -1070477735242.1552
 -1380124882386.863
 -1276909166681.5522
 -141536293894.31415
 -224232034993.42905
 -196666787961.69342
 106550929391.1478


# name: x
# type: range
# base, limit, increment
0 1 0.010416666666666666


