# Created by Octave 6.2.0, Sat Jul 31 20:29:37 2021 -03 <kuroneko@kuroneko-VirtualBox>
# name: xl
# type: matrix
# rows: 49
# columns: 1
 0
 0.020833333333333332
 0.041666666666666664
 0.0625
 0.083333333333333329
 0.10416666666666666
 0.12499999999999999
 0.14583333333333331
 0.16666666666666666
 0.1875
 0.20833333333333334
 0.22916666666666669
 0.25
 0.27083333333333331
 0.29166666666666663
 0.31249999999999994
 0.33333333333333326
 0.35416666666666657
 0.37499999999999989
 0.3958333333333332
 0.41666666666666652
 0.43749999999999983
 0.45833333333333315
 0.47916666666666646
 0.49999999999999978
 0.52083333333333315
 0.54166666666666652
 0.56249999999999989
 0.58333333333333326
 0.60416666666666663
 0.625
 0.64583333333333337
 0.66666666666666674
 0.68750000000000011
 0.70833333333333348
 0.72916666666666685
 0.75000000000000022
 0.77083333333333359
 0.79166666666666696
 0.81250000000000033
 0.8333333333333337
 0.85416666666666707
 0.87500000000000044
 0.89583333333333381
 0.91666666666666718
 0.93750000000000056
 0.95833333333333393
 0.9791666666666673
 1.0000000000000007


# name: h
# type: scalar
0.0625


# name: u
# type: matrix
# rows: 49
# columns: 1
 0.16243005059081117
 -15.981260585060106
 -10.697890645481037
 38.092446027517092
 28.167367631449025
 26.223910622011555
 14.80506298323912
 18.100732939451024
 15.695585109741746
 -8.6701830098297226
 9.9730036394126387
 9.224514906950958
 -14.75272580325824
 12.689798915798118
 12.735220582762508
 -15.915291677911512
 19.779097555533259
 21.949932807659138
 4.2338682152768623
 6.8428512210854713
 9.1707482613730367
 23.945689356043449
 -15.403052281082049
 -20.252124565015116
 -23.430841470893895
 5.4804117366105567
 8.9571544524407383
 4.7944881814598821
 -3.0370444619752437
 -4.2333382600272813
 -1.8014227373395924
 -0.10506714370894706
 0.55568409425819365
 3.3456321518700589
 1.7406172599666796
 1.183323346505194
 0.93287200320177754
 0.3779894741232237
 0.65249986145862238
 2.9822468411156517
 0.7410711842033777
 0.46567223650100331
 0.36917792681530814
 0.18061415660668523
 0.16590986572871991
 0.025135807860419135
 -0.024161223406412802
 -0.062310178030521968
 -0.15386346265053108


# name: p
# type: matrix
# rows: 49
# columns: 1
 4887988988270.3369
 6226525712524.7842
 5780346804485.0137
 872378815912.34961
 1199710326655.978
 1090599823101.3241
 -109615716081.79427
 1509717687107.1785
 969939886052.11035
 -4967615925577.9775
 -7963100777049.3857
 -6964605826562.4443
 4018838628806.8027
 2437024196310.0454
 2964295673816.2271
 8764281926366.2832
 12345643220059.004
 11151856122158.652
 -1979801954730.9263
 -2831889220592.4717
 -2547860131966.1836
 576459842906.99902
 251837056707.41959
 360044652124.23352
 1550328201650.7146
 6721143812207.4521
 4997538608703.5518
 -13962118629878.906
 -18579998997926.586
 -17040705541930.377
 -108477525914.59082
 3651530257247.5171
 2398194329530.9922
 -11388500875362.793
 -15055482838155.971
 -13833155517236.869
 -387554987091.33087
 -165578370962.67093
 -239570576336.34595
 -1053484835454.3654
 -1320530660150.4453
 -1231515385250.5542
 -252347361355.77957
 -103943834023.40021
 -153411676465.84265
 -697557943337.78772
 -1104421941269.7981
 -968800608625.87427
 523034050457.51465


# name: x
# type: range
# base, limit, increment
0 1 0.020833333333333332


# name: exata
# type: matrix
# rows: 49
# columns: 1
 0
 0.065403129230143062
 0.13052619222005157
 0.19509032201612825
 0.25881904510252074
 0.32143946530316153
 0.38268343236508973
 0.44228869021900119
 0.49999999999999994
 0.55557023301960218
 0.60876142900872066
 0.65934581510006895
 0.70710678118654746
 0.75183980747897727
 0.79335334029123505
 0.83146961230254512
 0.86602540378443849
 0.89687274153268814
 0.92387953251128652
 0.94693012949510558
 0.9659258262890682
 0.98078528040323032
 0.99144486137381038
 0.99785892323860348
 1
 0.99785892323860359
 0.99144486137381049
 0.98078528040323054
 0.96592582628906842
 0.94693012949510569
 0.92387953251128674
 0.89687274153268837
 0.86602540378443849
 0.83146961230254512
 0.79335334029123483
 0.75183980747897716
 0.70710678118654691
 0.65934581510006829
 0.6087614290087201
 0.5555702330196014
 0.49999999999999917
 0.44228869021900014
 0.38268343236508862
 0.32143946530316009
 0.2588190451025193
 0.19509032201612686
 0.1305261922200498
 0.065403129230141341
 -2.0979813693355779e-15


