# Created by Octave 6.3.0, Sat Sep 25 15:38:50 2021 -03 <kuroneko@kuroneko-VirtualBox>
# name: beta
# type: scalar
160


# name: Lambda
# type: matrix
# rows: 5
# columns: 1
 1
 0.7071066570032295
 -6.5873232794425563e-15
 -0.70710665700323894
 -1


# name: nen
# type: scalar
3


# name: nel
# type: scalar
4


# name: h
# type: scalar
0.25


# name: xl
# type: matrix
# rows: 9
# columns: 1
 0
 0.125
 0.25
 0.375
 0.5
 0.625
 0.75
 0.875
 1


# name: U
# type: matrix
# rows: 4
# columns: 3
 0.052131559099907299 1.170119880941954 2.2968291490546875
 2.3647386468275169 2.8278245723092614 3.2945228320129871
 3.2921146091983116 2.8290286837166052 2.3623304240128413
 2.2910151848742242 1.1730268630321772 0.04631759491944365


# name: P
# type: matrix
# rows: 4
# columns: 3
 1.0003258147492484 0.92350088353694981 0.70757782085698917
 0.70800225521806959 0.38214623378864537 0.00095580378520082675
 0.00094075239260895673 -0.38306440909238471 -0.70622611018099068
 -0.70667183042560722 -0.92388120420039543 -0.99971052252687931


# name: x
# type: range
# base, limit, increment
0 1 0.125


# name: exata
# type: matrix
# rows: 9
# columns: 1
 1
 0.92387953251128674
 0.70710678118654757
 0.38268343236508984
 6.123233995736766e-17
 -0.38268343236508973
 -0.70710678118654746
 -0.92387953251128674
 -1


