# Created by Octave 6.3.0, Sat Sep 25 15:38:52 2021 -03 <kuroneko@kuroneko-VirtualBox>
# name: beta
# type: scalar
2560


# name: Lambda
# type: matrix
# rows: 65
# columns: 1
 1
 0.99879545620507992
 0.99518472667201885
 0.98917650996452433
 0.98078528040290214
 0.97003125319415096
 0.95694033573175785
 0.94154406518251865
 0.92387953251074029
 0.90398929312285903
 0.88192126434773932
 0.85772860999963141
 0.83146961230188554
 0.80320753147997215
 0.77301045336205687
 0.74095112535427721
 0.70710678118586923
 0.67155895484634864
 0.63439328416298923
 0.59569930449179531
 0.55557023301898678
 0.51410274419263302
 0.47139673682543942
 0.42755509342975789
 0.38268343236460273
 0.33688985339177313
 0.29028467725405815
 0.24298017990290469
 0.195090322015816
 0.14673047445509807
 0.098017140329346761
 0.049067674327254986
 -1.1161046600408314e-13
 -0.049067674327477939
 -0.098017140329568916
 -0.14673047445531887
 -0.19509032201603491
 -0.24298017990312115
 -0.29028467725427165
 -0.33688985339198307
 -0.38268343236480862
 -0.42755509342995929
 -0.47139673682563588
 -0.51410274419282409
 -0.55557023301917219
 -0.59569930449197439
 -0.63439328416316154
 -0.67155895484651384
 -0.70710678118602677
 -0.74095112535442675
 -0.77301045336219809
 -0.80320753148010471
 -0.83146961230200922
 -0.85772860999974598
 -0.88192126434784479
 -0.90398929312295484
 -0.92387953251082622
 -0.94154406518259459
 -0.95694033573182347
 -0.97003125319420602
 -0.98078528040294655
 -0.98917650996455786
 -0.99518472667204139
 -0.99879545620509125
 -1


# name: nen
# type: scalar
3


# name: nel
# type: scalar
64


# name: h
# type: scalar
0.015625


# name: xl
# type: matrix
# rows: 129
# columns: 1
 0
 0.0078125
 0.015625
 0.0234375
 0.03125
 0.0390625
 0.046875
 0.0546875
 0.0625
 0.0703125
 0.078125
 0.0859375
 0.09375
 0.1015625
 0.109375
 0.1171875
 0.125
 0.1328125
 0.140625
 0.1484375
 0.15625
 0.1640625
 0.171875
 0.1796875
 0.1875
 0.1953125
 0.203125
 0.2109375
 0.21875
 0.2265625
 0.234375
 0.2421875
 0.25
 0.2578125
 0.265625
 0.2734375
 0.28125
 0.2890625
 0.296875
 0.3046875
 0.3125
 0.3203125
 0.328125
 0.3359375
 0.34375
 0.3515625
 0.359375
 0.3671875
 0.375
 0.3828125
 0.390625
 0.3984375
 0.40625
 0.4140625
 0.421875
 0.4296875
 0.4375
 0.4453125
 0.453125
 0.4609375
 0.46875
 0.4765625
 0.484375
 0.4921875
 0.5
 0.5078125
 0.515625
 0.5234375
 0.53125
 0.5390625
 0.546875
 0.5546875
 0.5625
 0.5703125
 0.578125
 0.5859375
 0.59375
 0.6015625
 0.609375
 0.6171875
 0.625
 0.6328125
 0.640625
 0.6484375
 0.65625
 0.6640625
 0.671875
 0.6796875
 0.6875
 0.6953125
 0.703125
 0.7109375
 0.71875
 0.7265625
 0.734375
 0.7421875
 0.75
 0.7578125
 0.765625
 0.7734375
 0.78125
 0.7890625
 0.796875
 0.8046875
 0.8125
 0.8203125
 0.828125
 0.8359375
 0.84375
 0.8515625
 0.859375
 0.8671875
 0.875
 0.8828125
 0.890625
 0.8984375
 0.90625
 0.9140625
 0.921875
 0.9296875
 0.9375
 0.9453125
 0.953125
 0.9609375
 0.96875
 0.9765625
 0.984375
 0.9921875
 1


# name: U
# type: matrix
# rows: 64
# columns: 3
 1.3158632997181674e-05 0.077090415933298587 0.15416999488024885
 0.15419473267005554 0.23108630410706613 0.30798019159624346
 0.30800483808983165 0.38452548513282642 0.46104843705438725
 0.46107293287773832 0.53703831058419382 0.61300597644572008
 0.61303026258575566 0.68825736370695278 0.76348673074744511
 0.76351074869408431 0.83781834455635373 0.91212817863925011
 0.91215187053338587 0.98536094762937421 1.0585722298559403
 1.0585955386231727 1.1305297298715686 1.2024660878525992
 1.2024889573372275 1.2729749669725834 1.3434630997188606
 1.3434854748264671 1.412353495878051 1.4812235913034328
 1.4812454181332708 1.5483295415052682 1.615415685518542
 1.6154369114854452 1.6805755256490331 1.7457161018529632
 1.745736675822487 1.8087728561503129 1.8718109351915473
 1.8718308075987544 1.9326126944113187 1.9933964120357359
 1.9934155350062961 2.0517966994145809 2.1101796223222209
 2.1101979497881036 2.1660377464527301 2.2218792250693014
 2.2218967128768541 2.2750606188370739 2.3282261261490476
 2.3282427321692447 2.3786026709195767 2.428964126562505
 2.4289798107905223 2.4764144608262768 2.523850539643604
 2.5238652642921231 2.568260351388858 2.6126567757095245
 2.6126705053097643 2.6539190778119064 2.6951688927632631
 2.6951815942362831 2.7331842807201383 2.7711881118844985
 2.7711997546322182 2.805865003298095 2.840531296116751
 2.8405418520912415 2.8717861513181902 2.9030313916559294
 2.9030408354256849 2.9307889149611128 2.9585378302962795
 2.9585461391117618 2.9827311514007993 3.0069168921666574
 3.0069240460112074 3.0274877272404415 3.0480520278695167
 3.0480580095075944 3.0649508199688857 3.0818441392586351
 3.0818489342811994 3.0950301777138525 3.1082118181790861
 3.108215415033929 3.117653336668099 3.1270915425822352
 3.1270939326042471 3.1327657956601347 3.1384378295583559
 3.1384390069898749 3.1403311474525641 3.142223344908416
 3.1422233069129479 3.1403311664503182 3.1384389689944068
 3.13843771566345 3.1327658526075415 3.1270938187093407
 3.1270913530620525 3.1176534314280535 3.1082152255137458
 3.1082115534906882 3.0950303100579508 3.0818486695928016
 3.0818438000394845 3.0649509895782789 3.0480576702884434
 3.0480516149364543 3.0274879337068801 3.006923633078145
 3.0069164065153715 2.9827313942263345 2.9585456534604759
 2.9585372730959136 2.9307891935606563 2.9030402782253191
 2.9030307642486766 2.8717864650213869 2.8405412246839887
 2.8405306000150321 2.8058653513488139 2.7711990585304989
 2.7711873487645899 2.7331846622800526 2.6951808311163745
 2.6951680644638301 2.6539194919613465 2.6126696770103308
 2.6126558842257634 2.5682607971303923 2.5238643728083616
 2.523849587122343 2.476414937086588 2.4289788582692609
 2.4289631153006463 2.3786031765499729 2.3282417209073856
 2.3282250585812125 2.2750611526206512 2.2218956453090186
 2.2218781037676352 2.1660383071030083 2.110196828486437
 2.1101784499885632 2.0517972855806192 1.9934143626726382
 1.9933951914933494 1.9326133046814677 1.8718295870563679
 1.8718096693817454 1.8087734890539198 1.745735410012685
 1.7457147938248039 1.6805761796618983 1.6154356034572857
 1.6154143384240305 1.5483302150513507 1.4812440710387591
 1.4812222083875339 1.4123541873366321 1.3434840919105682
 1.3434616843108917 1.2729756746755356 1.2024875419292584
 1.2024646433643729 1.1305304521152948 1.0585940941349463
 1.0585707597680665 0.98536168267276036 0.91215040044551188
 0.91212668649122397 0.83781909062895477 0.76350925654605817
 0.76348522013462317 0.68825811901274392 0.61302875197293361
 0.61300445100904977 0.53703907330191214 0.461071407441068
 0.46104690046783253 0.38452625342483765 0.30800330150327682
 0.30797864756115095 0.23108707612414034 0.15419318863496301
 0.15416844711559313 0.077091189815291714 1.1610868341449532e-05


