# Created by Octave 6.3.0, Sat Sep 25 15:38:57 2021 -03 <kuroneko@kuroneko-VirtualBox>
# name: beta
# type: scalar
10240


# name: Lambda
# type: matrix
# rows: 257
# columns: 1
 1
 0.99992470183878557
 0.99969881869549326
 0.9993223845872935
 0.99879545620377819
 0.99811811289842367
 0.99729045667664029
 0.99631261218041056
 0.99518472666951896
 0.99390696999937445
 0.99247953459543148
 0.99090263542421153
 0.98917650996092943
 0.98730141815373051
 0.98527764238454374
 0.9831054874265559
 0.98078528039831392
 0.97831737071446168
 0.97570213003312001
 0.9729399521999158
 0.97003125318867056
 0.96697647103875628
 0.96377606578912833
 0.96043051940904511
 0.95694033572548576
 0.95330604034727495
 0.94952818058592836
 0.94560732537323022
 0.94154406517555345
 0.93733901190493785
 0.93299279882693842
 0.92850608046525818
 0.92387953250317889
 0.9191138516818057
 0.91420975569514074
 0.90916798308200075
 0.90398929311479603
 0.89867446568518716
 0.89322430118663543
 0.88763962039386701
 0.8819212643392671
 0.87607009418622395
 0.8700869910994401
 0.86397285611223285
 0.85772860999084166
 0.85135519309576402
 0.8448535652401411
 0.83822470554521311
 0.8314696122928672
 0.82458930277529985
 0.81758481314181664
 0.81045719824279183
 0.8032075314708117
 0.79583690459902579
 0.78834642761672957
 0.78073722856220429
 0.77301045335283858
 0.76516726561255766
 0.75720884649658571
 0.74913639451356839
 0.74095112534508112
 0.73265427166255293
 0.72424708294163009
 0.71573082527400989
 0.70710678117677173
 0.69837624939923493
 0.68954054472737158
 0.68060099778580507
 0.67155895483742256
 0.66241577758063275
 0.65317284294429923
 0.64383154288037991
 0.6343932841543044
 0.6248594881331202
 0.61523159057143983
 0.60551104139522183
 0.59569930448341735
 0.58579785744751478
 0.57580819140901729
 0.56573181077488521
 0.5555702330109783
 0.54532498841353039
 0.53499761987869288
 0.52458968267017991
 0.51410274418505186
 0.50353838371767035
 0.49289819222186304
 0.48218377207133145
 0.47139673681833938
 0.46053871095071824
 0.44961132964722444
 0.43861623853128828
 0.42755509342318859
 0.41642956009069249
 0.40524131399819691
 0.39399204005440974
 0.38268343235860874
 0.37131719394551654
 0.35989503652882976
 0.34841868024344136
 0.33688985338639443
 0.32531029215660728
 0.31368174039340813
 0.30200594931391916
 0.29028467724933005
 0.27851968938009947
 0.26671275747012535
 0.25486565959992408
 0.24298017989885767
 0.23105810827645099
 0.21910124015283741
 0.2071113761883755
 0.19509032201247609
 0.18303988795168105
 0.17096188875703491
 0.15885814333078996
 0.14673047445248633
 0.13458070850444789
 0.12241067519673605
 0.11022220729160195
 0.098017140327479366
 0.085797312342559259
 0.073564563597988075
 0.061320736300731087
 0.049067674326142875
 0.036807222940286453
 0.024541228522042987
 0.012271538285053934
 -4.6252923971474692e-13
 -0.012271538285978923
 -0.024541228522967768
 -0.036807222941210894
 -0.049067674327066838
 -0.061320736301654424
 -0.073564563598910657
 -0.085797312343480939
 -0.09801714032839999
 -0.11022220729252138
 -0.12241067519765417
 -0.13458070850536458
 -0.1467304744534014
 -0.15885814333170326
 -0.17096188875794621
 -0.18303988795259024
 -0.19509032201338306
 -0.20711137618928011
 -0.21910124015373947
 -0.23105810827735035
 -0.24298017989975418
 -0.25486565960081753
 -0.26671275747101569
 -0.27851968938098653
 -0.29028467725021373
 -0.30200594931479935
 -0.31368174039428476
 -0.32531029215748025
 -0.33688985338726357
 -0.34841868024430656
 -0.3598950365296909
 -0.37131719394637352
 -0.38268343235946134
 -0.3939920400552579
 -0.40524131399904051
 -0.41642956009153137
 -0.42755509342402265
 -0.43861623853211734
 -0.44961132964804845
 -0.46053871095153703
 -0.47139673681915284
 -0.48218377207213931
 -0.49289819222266518
 -0.50353838371846671
 -0.51410274418584245
 -0.52458968267096451
 -0.53499761987947125
 -0.54532498841430244
 -0.55557023301174402
 -0.56573181077564461
 -0.57580819140977013
 -0.58579785744826107
 -0.59569930448415698
 -0.60551104139595446
 -0.61523159057216525
 -0.62485948813383851
 -0.6343932841550155
 -0.64383154288108368
 -0.65317284294499556
 -0.66241577758132153
 -0.67155895483810368
 -0.68060099778647842
 -0.68954054472803694
 -0.69837624939989218
 -0.70710678117742087
 -0.71573082527465071
 -0.72424708294226259
 -0.73265427166317709
 -0.74095112534569696
 -0.74913639451417591
 -0.75720884649718478
 -0.76516726561314796
 -0.77301045335342011
 -0.78073722856277694
 -0.78834642761729357
 -0.79583690459958101
 -0.80320753147135804
 -0.81045719824332907
 -0.81758481314234466
 -0.82458930277581854
 -0.83146961229337657
 -0.83822470554571327
 -0.84485356524063182
 -0.85135519309624508
 -0.85772860999131306
 -0.86397285611269459
 -0.87008699109989185
 -0.87607009418666559
 -0.88192126433969853
 -0.8876396203942879
 -0.89322430118704588
 -0.89867446568558706
 -0.90398929311518528
 -0.90916798308237901
 -0.91420975569550822
 -0.91911385168216264
 -0.92387953250352539
 -0.92850608046559424
 -0.93299279882726371
 -0.93733901190525237
 -0.94154406517585731
 -0.94560732537352343
 -0.94952818058621091
 -0.95330604034754673
 -0.9569403357257471
 -0.96043051940929591
 -0.96377606578936847
 -0.96697647103898587
 -0.9700312531888895
 -0.97293995220012419
 -0.97570213003331763
 -0.97831737071464853
 -0.98078528039848978
 -0.98310548742672088
 -0.98527764238469762
 -0.9873014181538734
 -0.98917650996106166
 -0.99090263542433299
 -0.99247953459554217
 -0.99390696999947414
 -0.99518472666960778
 -0.99631261218048872
 -0.99729045667670768
 -0.99811811289848018
 -0.9987954562038236
 -0.99932238458732769
 -0.99969881869551624
 -0.99992470183879711
 -1


# name: nen
# type: scalar
3


# name: nel
# type: scalar
256


# name: h
# type: scalar
0.00390625


