# Created by Octave 6.3.0, Sat Sep 25 15:38:51 2021 -03 <kuroneko@kuroneko-VirtualBox>
# name: beta
# type: scalar
640


# name: Lambda
# type: matrix
# rows: 17
# columns: 1
 1
 0.98078528038814394
 0.92387953248648713
 0.83146961227309468
 0.70710678115700176
 0.55557023299383612
 0.38268343234614793
 0.19509032200610821
 -2.8397037807634e-14
 -0.19509032200616391
 -0.38268343234620039
 -0.55557023299388342
 -0.70710678115704217
 -0.83146961227312643
 -0.92387953248650911
 -0.98078528038815493
 -1


# name: nen
# type: scalar
3


# name: nel
# type: scalar
16


# name: h
# type: scalar
0.0625


# name: xl
# type: matrix
# rows: 33
# columns: 1
 0
 0.03125
 0.0625
 0.09375
 0.125
 0.15625
 0.1875
 0.21875
 0.25
 0.28125
 0.3125
 0.34375
 0.375
 0.40625
 0.4375
 0.46875
 0.5
 0.53125
 0.5625
 0.59375
 0.625
 0.65625
 0.6875
 0.71875
 0.75
 0.78125
 0.8125
 0.84375
 0.875
 0.90625
 0.9375
 0.96875
 1


# name: U
# type: matrix
# rows: 16
# columns: 3
 0.00084050507381444595 0.30741087254085647 0.61412908750020279
 0.61567923195487717 0.91046827212727532 1.2053994780948187
 1.2068577512402141 1.4785368866230046 1.7503470427534751
 1.7516574039694695 1.9897861577498761 2.2280297521755017
 2.2291418450162692 2.4245690627303134 2.6200905277262052
 2.6209616150870829 2.7661771383549194 2.9114626936709271
 2.912059300153425 3.0014825778535514 3.0909489810760817
 3.0912481794274198 3.1214427251470274 3.1516518325735206
 3.1516421247688844 3.1214475790493266 3.0912384716227836
 3.0909202307276886 3.0014969530276896 2.9120305498050314
 2.9114160056387135 2.7662004823710475 2.6209149270548693
 2.6200276962048039 2.424600478490845 2.2290790134948679
 2.2279531917451632 1.9898244379650978 1.7515808435391307
 1.750259695588348 1.478580560205387 1.2067704040750868
 1.2053047008977642 0.91051566072553658 0.61558445475782264
 0.61403052250563961 0.30746015503808616 0.00074194007925143524


# name: P
# type: matrix
# rows: 16
# columns: 3
 1.0000013132887324 0.99518314659210905 0.98078720970808975
 0.9807896318088003 0.95693727206058643 0.92388447626462278
 0.92388675481641269 0.8819168348248303 0.83147738052279985
 0.83147942796220009 0.77300482821518379 0.70711707534879609
 0.70711881299385981 0.63438667956640926 0.5555826575277022
 0.55558401860170381 0.47138940659244422 0.38269750975421707
 0.38269844195184605 0.29027690308306814 0.19510551130148324
 0.19510597879890723 0.098009220978399689 1.5717466549325386e-05
 1.5702298104613988e-05 -0.098024900523921987 -0.19507468038180961
 -0.19507517763320822 -0.29029198007244894 -0.38266846766292156
 -0.38266942788818153 -0.47140330162543775 -0.55555652033606606
 -0.55555790663426929 -0.63439885866468981 -0.70709484749443619
 -0.70709660659092033 -0.77301482334283267 -0.83145991620969339
 -0.83146198050336673 -0.88192426187470074 -0.9238724466365289
 -0.92387473679774357 -0.95694184561531337 -0.98078107705686857
 -0.98078350507601297 -0.99518469089255124 -0.99999884071907152


# name: x
# type: range
# base, limit, increment
0 1 0.03125


# name: exata
# type: matrix
# rows: 33
# columns: 1
 1
 0.99518472667219693
 0.98078528040323043
 0.95694033573220882
 0.92387953251128674
 0.88192126434835505
 0.83146961230254524
 0.77301045336273699
 0.70710678118654757
 0.63439328416364549
 0.55557023301960229
 0.47139673682599781
 0.38268343236508984
 0.29028467725446233
 0.19509032201612833
 0.09801714032956077
 6.123233995736766e-17
 -0.098017140329560645
 -0.19509032201612819
 -0.29028467725446216
 -0.38268343236508973
 -0.4713967368259977
 -0.55557023301960196
 -0.63439328416364538
 -0.70710678118654746
 -0.77301045336273699
 -0.83146961230254535
 -0.88192126434835494
 -0.92387953251128674
 -0.95694033573220882
 -0.98078528040323043
 -0.99518472667219682
 -1


