# Created by Octave 6.2.0, Mon Aug 30 19:51:20 2021 -03 <kuroneko@kuroneko-VirtualBox>
# name: alfa
# type: scalar
-1


# name: beta
# type: scalar
1


# name: h
# type: scalar
0.015625


# name: xl
# type: matrix
# rows: 65
# columns: 1
 0
 0.015625
 0.03125
 0.046875
 0.0625
 0.078125
 0.09375
 0.109375
 0.125
 0.140625
 0.15625
 0.171875
 0.1875
 0.203125
 0.21875
 0.234375
 0.25
 0.265625
 0.28125
 0.296875
 0.3125
 0.328125
 0.34375
 0.359375
 0.375
 0.390625
 0.40625
 0.421875
 0.4375
 0.453125
 0.46875
 0.484375
 0.5
 0.515625
 0.53125
 0.546875
 0.5625
 0.578125
 0.59375
 0.609375
 0.625
 0.640625
 0.65625
 0.671875
 0.6875
 0.703125
 0.71875
 0.734375
 0.75
 0.765625
 0.78125
 0.796875
 0.8125
 0.828125
 0.84375
 0.859375
 0.875
 0.890625
 0.90625
 0.921875
 0.9375
 0.953125
 0.96875
 0.984375
 1


# name: u
# type: matrix
# rows: 65
# columns: 1
 0.01137353466688509
 0.041420384808738213
 0.069061049202740532
 0.094304226412634626
 0.11716439075878464
 0.13766175744827078
 0.1558222338746848
 0.17167735720494956
 0.18526421840352164
 0.19662537287700921
 0.20580873795446999
 0.2128674774503686
 0.21785987358829084
 0.22084918659396222
 0.22190350229582312
 0.22109556810030465
 0.21850261773695445
 0.21420618519561746
 0.20829190830391273
 0.20084932241820583
 0.19197164472509295
 0.18175554967303353
 0.17030093607513624
 0.15771068644416802
 0.14409041913956952
 0.12954823392357601
 0.1141944515394218
 0.098141347939006793
 0.081502883800294176
 0.064394429986055435
 0.04693248960535662
 0.029234417347364164
 0.011418136763619604
 -0.0063981438201249543
 -0.024096216078117412
 -0.041558156458816234
 -0.058666610273054996
 -0.075305074411767647
 -0.091358178012182698
 -0.10671196039633694
 -0.12125414561233049
 -0.13487441291692903
 -0.14746466254789728
 -0.1589192761457946
 -0.16913537119785405
 -0.17801304889096695
 -0.18545563477667396
 -0.19136991166837883
 -0.19566634420971599
 -0.19825929457306637
 -0.19906722876858501
 -0.19801291306672425
 -0.19502360006105304
 -0.19003120392313091
 -0.18297246442723245
 -0.17378909934977185
 -0.16242794487628445
 -0.14884108367771251
 -0.13298596034744792
 -0.11482548392103407
 -0.094328117231548089
 -0.071467952885398228
 -0.046224775675504301
 -0.018584111281502141
 0.011462738860350812


# name: x
# type: range
# base, limit, increment
0 1 0.015625


# name: exata
# type: matrix
# rows: 65
# columns: 1
 1
 0.99879545620517241
 0.99518472667219693
 0.98917650996478101
 0.98078528040323043
 0.97003125319454397
 0.95694033573220882
 0.94154406518302081
 0.92387953251128674
 0.90398929312344334
 0.88192126434835505
 0.85772861000027212
 0.83146961230254524
 0.80320753148064494
 0.77301045336273699
 0.74095112535495911
 0.70710678118654757
 0.67155895484701833
 0.63439328416364549
 0.59569930449243347
 0.55557023301960229
 0.51410274419322166
 0.47139673682599781
 0.4275550934302822
 0.38268343236508984
 0.33688985339222005
 0.29028467725446233
 0.24298017990326398
 0.19509032201612833
 0.14673047445536175
 0.09801714032956077
 0.049067674327418126
 6.123233995736766e-17
 -0.049067674327418008
 -0.098017140329560645
 -0.14673047445536164
 -0.19509032201612819
 -0.24298017990326387
 -0.29028467725446216
 -0.33688985339221994
 -0.38268343236508973
 -0.42755509343028186
 -0.4713967368259977
 -0.51410274419322166
 -0.55557023301960196
 -0.59569930449243336
 -0.63439328416364538
 -0.67155895484701844
 -0.70710678118654746
 -0.74095112535495888
 -0.77301045336273699
 -0.80320753148064483
 -0.83146961230254535
 -0.85772861000027201
 -0.88192126434835494
 -0.90398929312344334
 -0.92387953251128674
 -0.9415440651830207
 -0.95694033573220882
 -0.97003125319454397
 -0.98078528040323043
 -0.98917650996478101
 -0.99518472667219682
 -0.99879545620517241
 -1


