# Created by Octave 6.2.0, Mon Aug 30 22:15:04 2021 -03 <kuroneko@kuroneko-VirtualBox>
# name: alfa
# type: scalar
-1


# name: beta
# type: scalar
1


# name: h
# type: scalar
0.0625


# name: xl
# type: matrix
# rows: 17
# columns: 1
 0
 0.0625
 0.125
 0.1875
 0.25
 0.3125
 0.375
 0.4375
 0.5
 0.5625
 0.625
 0.6875
 0.75
 0.8125
 0.875
 0.9375
 1


# name: u
# type: matrix
# rows: 17
# columns: 1
 0.99999993313229607
 0.9807853315765277
 0.92387966274204159
 0.83146978486906253
 0.70710696304017451
 0.55557039605477021
 0.38268355449939501
 0.1950903880389466
 2.1570224554713113e-09
 -0.1950903837249017
 -0.38268355018535011
 -0.5555703917407252
 -0.7071069587261295
 -0.83146978055501741
 -0.92387965842799646
 -0.98078532726248235
 -0.99999992881825039


# name: x
# type: range
# base, limit, increment
0 1 0.0625


# name: exata
# type: matrix
# rows: 17
# columns: 1
 1
 0.98078528040323043
 0.92387953251128674
 0.83146961230254524
 0.70710678118654757
 0.55557023301960229
 0.38268343236508984
 0.19509032201612833
 6.123233995736766e-17
 -0.19509032201612819
 -0.38268343236508973
 -0.55557023301960196
 -0.70710678118654746
 -0.83146961230254535
 -0.92387953251128674
 -0.98078528040323043
 -1


