# Created by Octave 6.2.0, Sat Jun 19 23:18:04 2021 -03 <kuroneko@kuroneko-VirtualBox>
# name: xl
# type: matrix
# rows: 51
# columns: 1
 0
 0.02
 0.040000000000000001
 0.059999999999999998
 0.080000000000000002
 0.10000000000000001
 0.12000000000000001
 0.14000000000000001
 0.16
 0.17999999999999999
 0.19999999999999998
 0.21999999999999997
 0.23999999999999996
 0.25999999999999995
 0.27999999999999997
 0.29999999999999999
 0.32000000000000001
 0.34000000000000002
 0.36000000000000004
 0.38000000000000006
 0.40000000000000008
 0.4200000000000001
 0.44000000000000011
 0.46000000000000013
 0.48000000000000015
 0.50000000000000011
 0.52000000000000013
 0.54000000000000015
 0.56000000000000016
 0.58000000000000018
 0.6000000000000002
 0.62000000000000022
 0.64000000000000024
 0.66000000000000025
 0.68000000000000027
 0.70000000000000029
 0.72000000000000031
 0.74000000000000032
 0.76000000000000034
 0.78000000000000036
 0.80000000000000038
 0.8200000000000004
 0.84000000000000041
 0.86000000000000043
 0.88000000000000045
 0.90000000000000047
 0.92000000000000048
 0.9400000000000005
 0.96000000000000052
 0.98000000000000054
 1.0000000000000004


# name: h
# type: scalar
0.02


# name: u
# type: matrix
# rows: 51
# columns: 1
 0
 0.020000000000000004
 0.040000000000000008
 0.060000000000000012
 0.080000000000000016
 0.10000000000000002
 0.12000000000000002
 0.14000000000000001
 0.16000000000000003
 0.18000000000000005
 0.20000000000000007
 0.22000000000000008
 0.2400000000000001
 0.26000000000000012
 0.28000000000000014
 0.30000000000000016
 0.32000000000000017
 0.34000000000000019
 0.36000000000000021
 0.38000000000000023
 0.40000000000000024
 0.42000000000000026
 0.44000000000000028
 0.4600000000000003
 0.48000000000000032
 0.50000000000000033
 0.52000000000000035
 0.54000000000000037
 0.56000000000000039
 0.5800000000000004
 0.60000000000000042
 0.62000000000000044
 0.64000000000000046
 0.66000000000000048
 0.68000000000000049
 0.70000000000000051
 0.72000000000000053
 0.74000000000000055
 0.76000000000000056
 0.78000000000000058
 0.8000000000000006
 0.82000000000000062
 0.84000000000000064
 0.86000000000000065
 0.88000000000000067
 0.90000000000000069
 0.92000000000000071
 0.94000000000000072
 0.96000000000000074
 0.98000000000000076
 0


# name: x
# type: range
# base, limit, increment
0 1 0.02


# name: exata
# type: matrix
# rows: 51
# columns: 1
 0
 0.02
 0.040000000000000001
 0.059999999999999998
 0.080000000000000002
 0.10000000000000001
 0.12000000000000001
 0.14000000000000001
 0.16
 0.17999999999999999
 0.19999999999999998
 0.21999999999999997
 0.23999999999999996
 0.25999999999999995
 0.27999999999999997
 0.29999999999999999
 0.32000000000000001
 0.34000000000000002
 0.36000000000000004
 0.38000000000000006
 0.40000000000000008
 0.4200000000000001
 0.44000000000000011
 0.46000000000000013
 0.48000000000000015
 0.50000000000000011
 0.52000000000000013
 0.54000000000000015
 0.56000000000000016
 0.58000000000000018
 0.6000000000000002
 0.62000000000000022
 0.64000000000000001
 0.65999999999999859
 0.67999999999998761
 0.6999999999999067
 0.71999999999930886
 0.73999999999489119
 0.75999999996224898
 0.77999999972105361
 0.7999999979388468
 0.81999998477002067
 0.83999988746482568
 0.85999916847128133
 0.87999385578764711
 0.89995460007023798
 0.91966453737209797
 0.93752124782333401
 0.9416843611112653
 0.84466471676338017
 -4.2188474935755949e-14


