# Created by Octave 6.2.0, Sat Jun 19 23:17:59 2021 -03 <kuroneko@kuroneko-VirtualBox>
# name: xlSU
# type: matrix
# rows: 11
# columns: 1
 0
 0.10000000000000001
 0.20000000000000001
 0.30000000000000004
 0.40000000000000002
 0.5
 0.59999999999999998
 0.69999999999999996
 0.79999999999999993
 0.89999999999999991
 0.99999999999999989


# name: hSU
# type: scalar
0.10000000000000001


# name: uSU
# type: matrix
# rows: 11
# columns: 1
 0
 0.099999999999997286
 0.19999999999988635
 0.29999999999534022
 0.39999999980895146
 0.4999999921670138
 0.59999967884757377
 0.69998683275054008
 0.79946014277215882
 0.87786585365853598
 0


# name: x
# type: range
# base, limit, increment
0 1 0.10000000000000001


# name: exata
# type: matrix
# rows: 11
# columns: 1
 0
 0.10000000000000001
 0.20000000000000001
 0.30000000000000004
 0.40000000000000002
 0.5
 0.59999999999999998
 0.69999999999990636
 0.79999999793884635
 0.89995460007023742
 1.4099832412739488e-14


