# Created by Octave 6.2.0, Sun Aug 01 13:51:25 2021 -03 <kuroneko@kuroneko-VirtualBox>
# name: xl
# type: matrix
# rows: 257
# columns: 1
 0
 0.00390625
 0.0078125
 0.01171875
 0.015625
 0.01953125
 0.0234375
 0.02734375
 0.03125
 0.03515625
 0.0390625
 0.04296875
 0.046875
 0.05078125
 0.0546875
 0.05859375
 0.0625
 0.06640625
 0.0703125
 0.07421875
 0.078125
 0.08203125
 0.0859375
 0.08984375
 0.09375
 0.09765625
 0.1015625
 0.10546875
 0.109375
 0.11328125
 0.1171875
 0.12109375
 0.125
 0.12890625
 0.1328125
 0.13671875
 0.140625
 0.14453125
 0.1484375
 0.15234375
 0.15625
 0.16015625
 0.1640625
 0.16796875
 0.171875
 0.17578125
 0.1796875
 0.18359375
 0.1875
 0.19140625
 0.1953125
 0.19921875
 0.203125
 0.20703125
 0.2109375
 0.21484375
 0.21875
 0.22265625
 0.2265625
 0.23046875
 0.234375
 0.23828125
 0.2421875
 0.24609375
 0.25
 0.25390625
 0.2578125
 0.26171875
 0.265625
 0.26953125
 0.2734375
 0.27734375
 0.28125
 0.28515625
 0.2890625
 0.29296875
 0.296875
 0.30078125
 0.3046875
 0.30859375
 0.3125
 0.31640625
 0.3203125
 0.32421875
 0.328125
 0.33203125
 0.3359375
 0.33984375
 0.34375
 0.34765625
 0.3515625
 0.35546875
 0.359375
 0.36328125
 0.3671875
 0.37109375
 0.375
 0.37890625
 0.3828125
 0.38671875
 0.390625
 0.39453125
 0.3984375
 0.40234375
 0.40625
 0.41015625
 0.4140625
 0.41796875
 0.421875
 0.42578125
 0.4296875
 0.43359375
 0.4375
 0.44140625
 0.4453125
 0.44921875
 0.453125
 0.45703125
 0.4609375
 0.46484375
 0.46875
 0.47265625
 0.4765625
 0.48046875
 0.484375
 0.48828125
 0.4921875
 0.49609375
 0.5
 0.50390625
 0.5078125
 0.51171875
 0.515625
 0.51953125
 0.5234375
 0.52734375
 0.53125
 0.53515625
 0.5390625
 0.54296875
 0.546875
 0.55078125
 0.5546875
 0.55859375
 0.5625
 0.56640625
 0.5703125
 0.57421875
 0.578125
 0.58203125
 0.5859375
 0.58984375
 0.59375
 0.59765625
 0.6015625
 0.60546875
 0.609375
 0.61328125
 0.6171875
 0.62109375
 0.625
 0.62890625
 0.6328125
 0.63671875
 0.640625
 0.64453125
 0.6484375
 0.65234375
 0.65625
 0.66015625
 0.6640625
 0.66796875
 0.671875
 0.67578125
 0.6796875
 0.68359375
 0.6875
 0.69140625
 0.6953125
 0.69921875
 0.703125
 0.70703125
 0.7109375
 0.71484375
 0.71875
 0.72265625
 0.7265625
 0.73046875
 0.734375
 0.73828125
 0.7421875
 0.74609375
 0.75
 0.75390625
 0.7578125
 0.76171875
 0.765625
 0.76953125
 0.7734375
 0.77734375
 0.78125
 0.78515625
 0.7890625
 0.79296875
 0.796875
 0.80078125
 0.8046875
 0.80859375
 0.8125
 0.81640625
 0.8203125
 0.82421875
 0.828125
 0.83203125
 0.8359375
 0.83984375
 0.84375
 0.84765625
 0.8515625
 0.85546875
 0.859375
 0.86328125
 0.8671875
 0.87109375
 0.875
 0.87890625
 0.8828125
 0.88671875
 0.890625
 0.89453125
 0.8984375
 0.90234375
 0.90625
 0.91015625
 0.9140625
 0.91796875
 0.921875
 0.92578125
 0.9296875
 0.93359375
 0.9375
 0.94140625
 0.9453125
 0.94921875
 0.953125
 0.95703125
 0.9609375
 0.96484375
 0.96875
 0.97265625
 0.9765625
 0.98046875
 0.984375
 0.98828125
 0.9921875
 0.99609375
 1


# name: h
# type: scalar
0.015625


# name: u
# type: matrix
# rows: 257
# columns: 1
 0.6356529870688632
 -0.14235510076069646
 0.29030722118224261
 -0.092557555576203265
 0.71017941567464637
 -0.044606340054991644
 0.37322808885665659
 0.0014112927902464323
 0.77714658884519405
 0.045588291597758346
 0.44860109149010785
 0.08783967680458582
 0.83658183392433783
 0.12826066569301731
 0.51646263992994323
 0.16676854118272721
 0.88853062333039778
 0.20346077550358743
 0.57686724077459517
 0.2382568976402728
 0.93305646500915018
 0.2712566156414109
 0.62988736506239784
 0.30238168272810112
 0.97024074943761085
 0.33173401825261939
 0.67561327368251534
 0.35923757248550675
 1.0001825535472628
 0.38499644624036039
 0.71415279992855585
 0.40893675435731158
 1.022998402039045
 0.43116474401361349
 0.74563108971872027
 0.45160865692449104
 1.0388219866651403
 0.47037684636241539
 0.77019030010832368
 0.48739963809937781
 1.0478038441538289
 0.50278744616086235
 0.78798925682099064
 0.51647263253663744
 1.0501109935533308
 0.52856762169844895
 0.79920307162358895
 0.53900675910941287
 1.0459265338682906
 0.54790442453745891
 0.80402272046663303
 0.55519688939626799
 1.0354492029582327
 0.56100042888938617
 0.80265458340649598
 0.5652531782184872
 1.0188928987606587
 0.56807324359590827
 0.79531994741778367
 0.56940055735871042
 0.99648616399216228
 0.56935498789012295
 0.78225447329361808
 0.56787819368055237
 0.96847163556903437
 0.56509173220099862
 0.76370762791815738
 0.56093891295469922
 0.93510546007366024
 0.55554290534814443
 0.73994208327901256
 0.54884859077946113
 0.8966566766749664
 0.54098066955505775
 0.71123308366742144
 0.53188551206317414
 0.85340656898949929
 0.52168926478650191
 0.67786778259065372
 0.51033970061150291
 0.80564798744457677
 0.49796432398953155
 0.64014455099404621
 0.48451222043465286
 0.75368464377591848
 0.47011216088781616
 0.59837225845927144
 0.45471445045782943
 0.69783037935950576
 0.43844903204506774
 0.55286952911045417
 0.42126733438211622
 0.63840840914020092
 0.40330037497526749
 0.50396397402075666
 0.38450060750300036
 0.57575054297864792
 0.36500002413519206
 0.45199140196860121
 0.34475200234915171
 0.51019638629223407
 0.32388940668796051
 0.39729501044490589
 0.30236643505518446
 0.44209252191590775
 0.28031671997510366
 0.34022455886028236
 0.25769517442848644
 0.3717916751537832
 0.23463609267866781
 0.28113552594396923
 0.21109499571188395
 0.2996518640329649
 0.18720673169419594
 0.22038825336443968
 0.16292732108083274
 0.22603553680677083
 0.13839205676985769
 0.15834707763476077
 0.11355734894574498
 0.15130869878514688
 0.088558824996438329
 0.095379452394018557
 0.063353174157028444
 0.075840030595816399
 0.03807624725739344
 0.031855063179321984
 0.01268490123235262
 3.5132046689795132e-13
 -0.012684901232516482
 -0.031855063179040348
 -0.0380762472575581
 -0.075840030595115113
 -0.063353174157192563
 -0.095379452393735575
 -0.088558824996599839
 -0.15130869878444442
 -0.11355734894590688
 -0.15834707763447731
 -0.13839205677002084
 -0.2260355368060695
 -0.16292732108099633
 -0.22038825336415804
 -0.18720673169436122
 -0.2996518640322629
 -0.21109499571204804
 -0.28113552594368768
 -0.2346360926788334
 -0.37179167515308315
 -0.25769517442865092
 -0.34022455886000169
 -0.28031671997526808
 -0.4420925219152082
 -0.30236643505534982
 -0.39729501044462462
 -0.32388940668812427
 -0.51019638629153063
 -0.34475200234931574
 -0.451991401968319
 -0.36500002413535737
 -0.57575054297794737
 -0.384500607503166
 -0.50396397402047755
 -0.40330037497543553
 -0.63840840913950392
 -0.42126733438228492
 -0.55286952911017639
 -0.43844903204523655
 -0.69783037935880765
 -0.45471445045799808
 -0.59837225845899311
 -0.4701121608879843
 -0.75368464377521949
 -0.48451222043481934
 -0.64014455099376655
 -0.49796432398969731
 -0.80564798744387689
 -0.51033970061166956
 -0.67786778259037461
 -0.52168926478666933
 -0.85340656898880107
 -0.53188551206334234
 -0.71123308366714366
 -0.5409806695552255
 -0.89665667667426607
 -0.54884859077962722
 -0.73994208327873423
 -0.55554290534831297
 -0.93510546007296136
 -0.56093891295486875
 -0.76370762791788083
 -0.56509173220117037
 -0.96847163556833837
 -0.56787819368072445
 -0.78225447329334152
 -0.56935498789029548
 -0.99648616399146461
 -0.56940055735888329
 -0.79531994741750844
 -0.56807324359608036
 -1.0188928987599588
 -0.56525317821866017
 -0.80265458340622087
 -0.56100042888955914
 -1.035449202957536
 -0.55519688939644052
 -0.80402272046635792
 -0.54790442453763477
 -1.0459265338675952
 -0.53900675910958917
 -0.79920307162331816
 -0.52856762169862814
 -1.050110993552638
 -0.51647263253681763
 -0.78798925682072196
 -0.50278744616104376
 -1.0478038441531372
 -0.48739963809955994
 -0.77019030010805589
 -0.47037684636259697
 -1.0388219866644508
 -0.45160865692467361
 -0.74563108971845415
 -0.4311647440137974
 -1.0229984020383558
 -0.40893675435749471
 -0.71415279992828873
 -0.38499644624054391
 -1.0001825535465729
 -0.35923757248568983
 -0.67561327368224788
