# Created by Octave 6.2.0, Wed Aug 04 01:27:31 2021 -03 <kuroneko@kuroneko-VirtualBox>
# name: xl
# type: matrix
# rows: 129
# columns: 1
 0
 0.0078125
 0.015625
 0.0234375
 0.03125
 0.0390625
 0.046875
 0.0546875
 0.0625
 0.0703125
 0.078125
 0.0859375
 0.09375
 0.1015625
 0.109375
 0.1171875
 0.125
 0.1328125
 0.140625
 0.1484375
 0.15625
 0.1640625
 0.171875
 0.1796875
 0.1875
 0.1953125
 0.203125
 0.2109375
 0.21875
 0.2265625
 0.234375
 0.2421875
 0.25
 0.2578125
 0.265625
 0.2734375
 0.28125
 0.2890625
 0.296875
 0.3046875
 0.3125
 0.3203125
 0.328125
 0.3359375
 0.34375
 0.3515625
 0.359375
 0.3671875
 0.375
 0.3828125
 0.390625
 0.3984375
 0.40625
 0.4140625
 0.421875
 0.4296875
 0.4375
 0.4453125
 0.453125
 0.4609375
 0.46875
 0.4765625
 0.484375
 0.4921875
 0.5
 0.5078125
 0.515625
 0.5234375
 0.53125
 0.5390625
 0.546875
 0.5546875
 0.5625
 0.5703125
 0.578125
 0.5859375
 0.59375
 0.6015625
 0.609375
 0.6171875
 0.625
 0.6328125
 0.640625
 0.6484375
 0.65625
 0.6640625
 0.671875
 0.6796875
 0.6875
 0.6953125
 0.703125
 0.7109375
 0.71875
 0.7265625
 0.734375
 0.7421875
 0.75
 0.7578125
 0.765625
 0.7734375
 0.78125
 0.7890625
 0.796875
 0.8046875
 0.8125
 0.8203125
 0.828125
 0.8359375
 0.84375
 0.8515625
 0.859375
 0.8671875
 0.875
 0.8828125
 0.890625
 0.8984375
 0.90625
 0.9140625
 0.921875
 0.9296875
 0.9375
 0.9453125
 0.953125
 0.9609375
 0.96875
 0.9765625
 0.984375
 0.9921875
 1


# name: h
# type: scalar
0.03125


# name: u
# type: matrix
# rows: 129
# columns: 1
 -3.1415926416484652
 -3.1406464537956547
 -3.1378084562040423
 -3.1330803614428526
 -3.1264650137605736
 -3.1179664048953408
 -3.1075896456541909
 -3.0953409935121972
 -3.0812278190632143
 -3.0652586348095281
 -3.0474430479864627
 -3.0277917992837615
 -3.0063167160582802
 -2.9830307483352065
 -2.9579479080619313
 -2.9310833146147171
 -2.9024531398482876
 -2.8720746447749743
 -2.8399661122444129
 -2.8061468954730979
 -2.7706373531424338
 -2.7334588928031596
 -2.6946338907100036
 -2.6541857475647208
 -2.6121388139375736
 -2.5685184369184202
 -2.5233508717694049
 -2.4766633400235385
 -2.4284839506626317
 -2.3788417441358414
 -2.3277666043644603
 -2.2752893104582932
 -2.2214414593674428
 -2.1662555052099779
 -2.1097646719809093
 -2.0520030007766281
 -1.9930052723119565
 -1.9328070417536485
 -1.8714445530649257
 -1.8089547807932145
 -1.7453753549144286
 -1.6807445892350976
 -1.6151013992798893
 -1.5484853368178624
 -1.4809365189778001
 -1.4124956475050119
 -1.3432039361419457
 -1.2731031324807984
 -1.2022354544903391
 -1.1306436004982259
 -1.0583706852049828
 -0.98546024938086751
 -0.91195620599017269
 -0.83790283776007757
 -0.76334474588450218
 -0.68832684496274199
 -0.61289432028921897
 -0.53709261270629949
 -0.46096737942915755
 -0.38456447723025222
 -0.30792992736241331
 -0.23110989184306702
 -0.15415064503872544
 -0.077098542997932951
 -7.8191064734056681e-10
 0.077098543347860093
 0.15415064442281901
 0.23110989244021202
 0.30792992583246487
 0.38456447751713685
 0.46096737880575245
 0.53709261296480892
 0.61289431877640987
 0.68832684515970399
 0.76334474532628471
 0.83790283798113052
 0.91195620490151108
 0.98546024964667067
 1.058370684831734
 1.1306436008562981
 1.2022354534161557
 1.2731031328267988
 1.3432039360067045
 1.412495648159694
 1.4809365181078094
 1.5484853370557505
 1.615101399105817
 1.6807445894342921
 1.7453753542959836
 1.8089547807709507
 1.8714445526473518
 1.9328070418446002
 1.9930052719339184
 2.052003001116999
 2.1097646722274597
 2.166255505631097
 2.2214414591058542
 2.27528931070451
 2.3277666046293239
 2.3788417448062695
 2.4284839508974922
 2.4766633405976735
 2.5233508722880167
 2.5685184375628278
 2.612138814472786
 2.6541857487521936
 2.6946338915581607
 2.7334588938297353
 2.7706373534160162
 2.8061468965851923
 2.839966113331398
 2.8720746461533015
 2.9024531403069562
 2.9310833156977445
 2.9579479087771903
 2.983030749371768
 3.0063167167529814
 3.0277918000350419
 3.0474430486973771
 3.0652586357680582
 3.081227819660922
 3.0953409945109329
 3.1075896464367667
 3.1179664058355487
 3.1264650145467634
 3.1330803622962358
 3.1378084568280218
 3.1406464545118453
 3.1415926421363745


# name: p
# type: matrix
# rows: 129
# columns: 1
 253242.66411189278
 -73202.93305361479
 94966.048109634095
 -73202.884030280038
 253242.76212903208
 -73202.835184168332
 94966.145772433752
 -73202.786632954987
 253242.85920221292
 -73202.738493603756
 94966.242022138249
 -73202.690882086681
 253242.95439656722
 -73202.643913103515
 94966.335931811336
 -73202.597699807782
 253243.04679532137
 -73202.552353530307
 94966.426597050871
 -73202.507983514661
 253243.13550862516
 -73202.464696651572
 94966.513144701457
 -73202.422597224038
 253243.21968212031
 -73202.38178665239
 94966.59474126139
 -73202.342363253381
 253243.29850517077
 -73202.304422000816
 94966.67060091137
 -73202.268054299115
 253243.37121866748
 -73202.23334776095
 94966.739993081472
 -73202.200385997727
 253243.43712233871
 -73202.169248416947
 94966.80224948698
 -73202.140010031522
 253243.49558149726
 -73202.112741279401
 94966.856770565239
 -73202.087507853852
 253243.54603314825
 -73202.064370543871
 94966.903031247712
 -73202.043385089608
 253243.58799141613
 -73202.024602046557
 94966.94058601954
 -73202.008066664683
 253243.62105221965
 -73201.993818779127
 94966.969073208049
 -73201.981892714844
 253243.64489716437
 -73201.97231720273
 94966.988218464903
 -73201.96511531026
 253243.65929661106
 -73201.960304388471
 94966.99783741089
 -73201.957896026681
 253243.66411188414
 -73201.957896026754
 94966.997837410614
 -73201.96030438898
 253243.65929661054
 -73201.965115310784
 94966.988218464496
 -73201.972317202861
 253243.64489716437
 -73201.981892715339
 94966.969073207845
 -73201.993818779272
 253243.62105222032
 -73202.008066664668
 94966.940586020166
 -73202.024602046222
 253243.58799141753
 -73202.043385089491
 94966.903031248425
 -73202.064370543929
 253243.54603314959
 -73202.087507854274
 94966.85677056537
 -73202.1127412801
 253243.49558149776
 -73202.140010032424
 94966.802249486835
 -73202.169248417937
 253243.43712233962
 -73202.20038599892
 94966.73999308121
 -73202.233347762478
 253243.37121866833
 -73202.268054300832
 94966.67060091118
 -73202.304422002519
 253243.29850517178
 -73202.34236325555
 94966.594741260924
 -73202.381786654383
 253243.21968212179
 -73202.422597225814
 94966.513144701428
 -73202.464696653173
 253243.13550862655
 -73202.507983515679
 94966.426597051119
 -73202.552353531239
 253243.04679532297
 -73202.597699808684
 94966.335931811744
 -73202.643913104577
 253242.95439656876
 -73202.690882087729
 94966.242022138758
 -73202.738493604382
 253242.85920221478
 -73202.786632955307
 94966.14577243448
 -73202.835184168638
 253242.76212903386
 -73202.88403027998
 94966.048109634823
 -73202.93305361527
 253242.66411189377


# name: x
# type: range
# base, limit, increment
0 1 0.0078125


