# Created by Octave 6.2.0, Sun Aug 01 13:51:16 2021 -03 <kuroneko@kuroneko-VirtualBox>
# name: xl
# type: matrix
# rows: 129
# columns: 1
 0
 0.0078125
 0.015625
 0.0234375
 0.03125
 0.0390625
 0.046875
 0.0546875
 0.0625
 0.0703125
 0.078125
 0.0859375
 0.09375
 0.1015625
 0.109375
 0.1171875
 0.125
 0.1328125
 0.140625
 0.1484375
 0.15625
 0.1640625
 0.171875
 0.1796875
 0.1875
 0.1953125
 0.203125
 0.2109375
 0.21875
 0.2265625
 0.234375
 0.2421875
 0.25
 0.2578125
 0.265625
 0.2734375
 0.28125
 0.2890625
 0.296875
 0.3046875
 0.3125
 0.3203125
 0.328125
 0.3359375
 0.34375
 0.3515625
 0.359375
 0.3671875
 0.375
 0.3828125
 0.390625
 0.3984375
 0.40625
 0.4140625
 0.421875
 0.4296875
 0.4375
 0.4453125
 0.453125
 0.4609375
 0.46875
 0.4765625
 0.484375
 0.4921875
 0.5
 0.5078125
 0.515625
 0.5234375
 0.53125
 0.5390625
 0.546875
 0.5546875
 0.5625
 0.5703125
 0.578125
 0.5859375
 0.59375
 0.6015625
 0.609375
 0.6171875
 0.625
 0.6328125
 0.640625
 0.6484375
 0.65625
 0.6640625
 0.671875
 0.6796875
 0.6875
 0.6953125
 0.703125
 0.7109375
 0.71875
 0.7265625
 0.734375
 0.7421875
 0.75
 0.7578125
 0.765625
 0.7734375
 0.78125
 0.7890625
 0.796875
 0.8046875
 0.8125
 0.8203125
 0.828125
 0.8359375
 0.84375
 0.8515625
 0.859375
 0.8671875
 0.875
 0.8828125
 0.890625
 0.8984375
 0.90625
 0.9140625
 0.921875
 0.9296875
 0.9375
 0.9453125
 0.953125
 0.9609375
 0.96875
 0.9765625
 0.984375
 0.9921875
 1


# name: h
# type: scalar
0.03125


# name: u
# type: matrix
# rows: 129
# columns: 1
 0.64536591340654081
 -0.15240500484841918
 0.28026794345424177
 -0.10536727362957898
 0.72815332418522538
 -0.0054019421607552909
 0.4613814952827649
 0.14961689190947358
 0.96440669535812096
 0.28707204949891207
 0.64408793453956159
 0.31163785405328981
 0.96229944166702919
 0.32647030046894193
 0.68476528738602194
 0.39176283133862694
 1.0251614894220946
 0.40643842590001467
 0.70134079908034963
 0.39336615791043678
 0.93822816900719175
 0.45538868838731084
 0.75037867429689653
 0.50575940438747258
 0.98067694839433073
 0.48795203114901142
 0.76704309956296368
 0.54274909216681144
 1.0258628762198674
 0.59288572634735903
 0.8190280734752764
 0.59560363757087975
 1.0113068197086179
 0.6555813713292491
 0.82008172654445199
 0.63372587747360254
 0.97200274700718281
 0.62117706059824673
 0.75576665233581486
 0.57000001133765865
 0.8330248329254033
 0.57268819312356734
 0.69416173673148085
 0.52875383078985261
 0.76762825549328051
 0.47661099486422187
 0.58343194399180343
 0.45654063265564582
 0.65537090470858517
 0.42890687923197823
 0.50954125248862181
 0.40784766929144578
 0.50361384858539604
 0.34613523130339807
 0.3694634896013978
 0.30863311827709589
 0.36911524539334206
 0.26722400002670721
 0.27195976608313915
 0.19231740252614227
 0.20711806946197719
 0.12629557047494666
 0.12384251996215873
 0.14280871640466741
 0.14451739729834423
 0.12024202265037554
 0.074054207600229349
 0.041795427274838426
 -0.069006704173694089
 0.015967770495101341
 -0.055452861661855618
 -0.019610408178626665
 -0.15880408870922338
 -0.10916260051661075
 -0.22453846479899031
 -0.17123849228638305
 -0.32080623296891198
 -0.14591726629095664
 -0.25749435398992176
 -0.16205922383476018
 -0.42575391500731685
 -0.23333852996560822
 -0.37530410888883498
 -0.2838817680844482
 -0.56275280505280245
 -0.32182697051007852
 -0.53500862110084768
 -0.43577890696682686
 -0.76462088820264218
 -0.47212243232779655
 -0.64751917096694278
 -0.47726656852628013
 -0.83469700110034339
 -0.47257158218592932
 -0.6561453845099452
 -0.44391062176725643
 -0.83112509748049357
 -0.42499046802472984
 -0.65646997851056987
 -0.42667751171004353
 -0.91237617472080401
 -0.43529377730617275
 -0.70250143592669168
 -0.44992560247556324
 -0.99213683964512711
 -0.47434673511697789
 -0.71540039860324312
 -0.42726251344566235
 -0.9771821534002445
 -0.46209825515048319
 -0.71316593919942484
 -0.41258779083944719
 -0.922773670776457
 -0.34271846914294424
 -0.65384130715512701
 -0.34164097202780702
 -0.93341811771460637
 -0.28672484663143727
 -0.58516958501745864
 -0.2190649485828883
 -0.82590254732748558
 -0.11639200755151163
 -0.44393825242431628
 -0.068522094418596358
 -0.74952967542453997
 -0.010921844802876638
 -0.31909208270453027
 0.12927125687830193
 -0.57485891885526186


# name: p
# type: matrix
# rows: 129
# columns: 1
 13706889581110.039
 13706889581110.037
 13706889581109.994
 13706889581109.992
 13706889581109.963
 13706889581109.996
 13706889581109.969
 13706889581109.98
 13706889581109.93
 13706889581109.924
 13706889581109.922
 13706889581109.957
 13706889581109.986
 13706889581110.053
 13706889581110.053
 13706889581110.09
 13706889581110.051
 13706889581110.102
 13706889581110.051
 13706889581110.086
 13706889581110.008
 13706889581110.098
 13706889581110.041
 13706889581110.066
 13706889581109.996
 13706889581110.064
 13706889581110.029
 13706889581110.039
 13706889581110.014
 13706889581110
 13706889581110.008
 13706889581110.035
 13706889581110.051
 13706889581110.061
 13706889581110.037
 13706889581110.045
 13706889581110.033
 13706889581110.031
 13706889581110.092
 13706889581110.131
 13706889581110.17
 13706889581110.115
 13706889581110.15
 13706889581110.111
 13706889581110.166
 13706889581110.1
 13706889581110.135
 13706889581110.053
 13706889581110.146
 13706889581110
 13706889581110.104
 13706889581110.037
 13706889581110.186
 13706889581109.99
 13706889581110.037
 13706889581109.922
 13706889581110.121
 13706889581109.959
 13706889581110.104
 13706889581110.016
 13706889581110.219
 13706889581109.936
 13706889581110.047
 13706889581109.93
 13706889581110.24
 13706889581109.975
 13706889581110.129
 13706889581110.006
 13706889581110.297
 13706889581110.004
 13706889581110.186
 13706889581110.072
 13706889581110.379
 13706889581110.197
 13706889581110.365
 13706889581110.271
 13706889581110.469
 13706889581110.277
 13706889581110.361
 13706889581110.23
 13706889581110.418
 13706889581110.18
 13706889581110.27
 13706889581110.139
 13706889581110.377
 13706889581110.201
 13706889581110.357
 13706889581110.301
 13706889581110.51
 13706889581110.34
 13706889581110.389
 13706889581110.271
 13706889581110.375
 13706889581110.182
 13706889581110.246
 13706889581110.156
 13706889581110.332
 13706889581110.24
 13706889581110.348
 13706889581110.346
 13706889581110.486
 13706889581110.4
 13706889581110.486
 13706889581110.496
 13706889581110.607
 13706889581110.555
 13706889581110.6
 13706889581110.576
 13706889581110.574
 13706889581110.52
 13706889581110.514
 13706889581110.469
 13706889581110.48
 13706889581110.426
 13706889581110.428
 13706889581110.371
 13706889581110.4
 13706889581110.34
 13706889581110.363
 13706889581110.334
 13706889581110.369
 13706889581110.287
 13706889581110.348
 13706889581110.346
 13706889581110.436
 13706889581110.432
 13706889581110.438
 13706889581110.43
 13706889581110.434


# name: x
# type: range
# base, limit, increment
0 1 0.0078125


