# Created by Octave 6.2.0, Wed Aug 04 01:27:30 2021 -03 <kuroneko@kuroneko-VirtualBox>
# name: xl
# type: matrix
# rows: 65
# columns: 1
 0
 0.015625
 0.03125
 0.046875
 0.0625
 0.078125
 0.09375
 0.109375
 0.125
 0.140625
 0.15625
 0.171875
 0.1875
 0.203125
 0.21875
 0.234375
 0.25
 0.265625
 0.28125
 0.296875
 0.3125
 0.328125
 0.34375
 0.359375
 0.375
 0.390625
 0.40625
 0.421875
 0.4375
 0.453125
 0.46875
 0.484375
 0.5
 0.515625
 0.53125
 0.546875
 0.5625
 0.578125
 0.59375
 0.609375
 0.625
 0.640625
 0.65625
 0.671875
 0.6875
 0.703125
 0.71875
 0.734375
 0.75
 0.765625
 0.78125
 0.796875
 0.8125
 0.828125
 0.84375
 0.859375
 0.875
 0.890625
 0.90625
 0.921875
 0.9375
 0.953125
 0.96875
 0.984375
 1


# name: h
# type: scalar
0.0625


# name: u
# type: matrix
# rows: 65
# columns: 1
 -3.1415924596589835
 -3.1378083055231949
 -3.1264648464138078
 -3.1075894991929283
 -3.0812276292639393
 -3.0474429258686753
 -3.0063165618611527
 -2.9579477908505538
 -2.9024529529251666
 -2.8399660152437534
 -2.7706372156384838
 -2.6946337995400378
 -2.6121386406425828
 -2.5233507962429651
 -2.4284838331828396
 -2.3277665355528705
 -2.2214413080732576
 -2.1097646154462608
 -1.9930051774324007
 -1.8714445033761422
 -1.7453752340484736
 -1.6151013591134613
 -1.4809364492406343
 -1.3432039040716863
 -1.2022353702582769
 -1.0583706600487073
 -0.91195616299271709
 -0.7633447289036368
 -0.612894276517995
 -0.46096736807248939
 -0.30792991233356237
 -0.15415064205854045
 1.5876189252139739e-14
 0.15415064205856671
 0.30792991233359129
 0.46096736807251121
 0.61289427651802475
 0.76334472890366212
 0.91195616299274274
 1.0583706600487324
 1.2022353702583095
 1.3432039040717114
 1.4809364492406591
 1.6151013591134884
 1.7453752340485047
 1.8714445033761673
 1.993005177432426
 2.1097646154462808
 2.2214413080732869
 2.3277665355528909
 2.4284838331828627
 2.5233507962429877
 2.6121386406426081
 2.6946337995400635
 2.770637215638506
 2.8399660152437769
 2.9024529529252017
 2.9579477908505849
 3.0063165618611833
 3.0474429258687059
 3.0812276292639784
 3.1075894991929651
 3.1264648464138411
 3.1378083055232335
 3.1415924596590208


# name: p
# type: matrix
# rows: 65
# columns: 1
 -0.36891056169159053
 0.15570588460915852
 -0.040324329144101861
 0.25336867765318893
 -0.17382026920535351
 0.34961838537300943
 0.15194319098375364
 0.44352805247050053
 0.013772813930849892
 0.53419329508839253
 0.33305523562416955
 0.62074094025046467
 0.18665959032058829
 0.7023375031675485
 0.49605177012433344
 0.77819714880231627
 0.33819611775213226
 0.84758932172328449
 0.63466892878451397
 0.90984572408949227
 0.46255893217170546
 0.96436680461075075
 0.74357973170406999
 1.0106274849998467
 0.55496884014121051
 1.0481822584873608
 0.81859879763163579
 1.0766694448385634
 0.61187458056186661
 1.095814702351265
 0.85684318581944197
 1.105433648034869
 0.63108929764667243
 1.1054336480348712
 0.85684318581944385
 1.095814702351269
 0.61187458056186927
 1.0766694448385696
 0.81859879763164023
 1.048182258487365
 0.55496884014120484
 1.0106274849998471
 0.74357973170406888
 0.96436680461075097
 0.46255893217170307
 0.90984572408949926
 0.63466892878451564
 0.84758932172329171
 0.33819611775213343
 0.7781971488023246
 0.49605177012433832
 0.70233750316755672
 0.18665959032058549
 0.62074094025047333
 0.33305523562417033
 0.53419329508840041
 0.013772813930846783
 0.4435280524705062
 0.15194319098375209
 0.34961838537300971
 -0.17382026920536447
 0.25336867765319393
 -0.04032432914410726
 0.15570588460916099
 -0.36891056169160569


# name: x
# type: range
# base, limit, increment
0 1 0.015625


# name: exata
# type: matrix
# rows: 65
# columns: 1
 0
 0.049067674327418015
 0.098017140329560604
 0.14673047445536175
 0.19509032201612825
 0.24298017990326387
 0.29028467725446233
 0.33688985339222005
 0.38268343236508978
 0.42755509343028208
 0.47139673682599764
 0.51410274419322166
 0.55557023301960218
 0.59569930449243336
 0.63439328416364549
 0.67155895484701833
 0.70710678118654746
 0.74095112535495911
 0.77301045336273699
 0.80320753148064483
 0.83146961230254524
 0.85772861000027212
 0.88192126434835494
 0.90398929312344334
 0.92387953251128674
 0.94154406518302081
 0.95694033573220894
 0.97003125319454397
 0.98078528040323043
 0.98917650996478101
 0.99518472667219682
 0.99879545620517241
 1
 0.99879545620517241
 0.99518472667219693
 0.98917650996478101
 0.98078528040323043
 0.97003125319454397
 0.95694033573220894
 0.94154406518302081
 0.92387953251128674
 0.90398929312344345
 0.88192126434835505
 0.85772861000027212
 0.83146961230254546
 0.80320753148064494
 0.7730104533627371
 0.74095112535495899
 0.70710678118654757
 0.67155895484701855
 0.63439328416364549
 0.59569930449243347
 0.55557023301960218
 0.51410274419322177
 0.47139673682599786
 0.42755509343028203
 0.38268343236508989
 0.33688985339222033
 0.29028467725446239
 0.24298017990326407
 0.19509032201612861
 0.1467304744553618
 0.098017140329560826
 0.049067674327417966
 1.2246467991473532e-16


