# Created by Octave 6.2.0, Sun Aug 01 13:51:14 2021 -03 <kuroneko@kuroneko-VirtualBox>
# name: xl
# type: matrix
# rows: 65
# columns: 1
 0
 0.015625
 0.03125
 0.046875
 0.0625
 0.078125
 0.09375
 0.109375
 0.125
 0.140625
 0.15625
 0.171875
 0.1875
 0.203125
 0.21875
 0.234375
 0.25
 0.265625
 0.28125
 0.296875
 0.3125
 0.328125
 0.34375
 0.359375
 0.375
 0.390625
 0.40625
 0.421875
 0.4375
 0.453125
 0.46875
 0.484375
 0.5
 0.515625
 0.53125
 0.546875
 0.5625
 0.578125
 0.59375
 0.609375
 0.625
 0.640625
 0.65625
 0.671875
 0.6875
 0.703125
 0.71875
 0.734375
 0.75
 0.765625
 0.78125
 0.796875
 0.8125
 0.828125
 0.84375
 0.859375
 0.875
 0.890625
 0.90625
 0.921875
 0.9375
 0.953125
 0.96875
 0.984375
 1


# name: h
# type: scalar
0.0625


# name: u
# type: matrix
# rows: 65
# columns: 1
 0.66456736750551126
 -0.031307252805153341
 0.44317851767286964
 0.14284737723947966
 0.91383067362959891
 0.28725121289246286
 0.68080174361898704
 0.40212951424924426
 1.0446841338099537
 0.48869814761967884
 0.80289390789508086
 0.54773936829086589
 1.0639979580464887
 0.58100677397102662
 0.81851203593820832
 0.58979594965582915
 0.98292876199629431
 0.57634443852645834
 0.74080489068653743
 0.54239776283124375
 0.81649082449063726
 0.49060502754580337
 0.58650767299354223
 0.42308100887892913
 0.58297909721957097
 0.34279817383318872
 0.37529889724439813
 0.25214567906301988
 0.30326613999841689
 0.15431872720910955
 0.12904415708401762
 0.051875437570066296
 -4.6584958113271568e-13
 -0.051875437569805616
 -0.12904415708437245
 -0.15431872720885043
 -0.30326613999935192
 -0.25214567906276175
 -0.3752988972447534
 -0.34279817383293049
 -0.58297909722050556
 -0.42308100887866973
 -0.58650767299389717
 -0.49060502754554436
 -0.81649082449157173
 -0.54239776283098562
 -0.74080489068689459
 -0.57634443852619932
 -0.98292876199722912
 -0.58979594965556903
 -0.81851203593856159
 -0.58100677397076383
 -1.0639979580474199
 -0.54773936829060221
 -0.80289390789543225
 -0.48869814761941394
 -1.0446841338108825
 -0.40212951424898069
 -0.68080174361933921
 -0.28725121289219763
 -0.91383067363052894
 -0.14284737723921431
 -0.44317851767321825
 0.031307252805419683
 -0.66456736750643919


# name: p
# type: matrix
# rows: 65
# columns: 1
 -0.11708227746737648
 -0.11572840800480744
 -0.11337545916902222
 -0.10693324752347035
 -0.10724965229084688
 -0.095820697499261087
 -0.091674792295110483
 -0.078929645289440881
 -0.080213214156390822
 -0.061239109267781991
 -0.056762907586643041
 -0.039861061318355706
 -0.043182060460441034
 -0.01907675389813604
 -0.015599839696434165
 0.0034623121990130217
 -0.0028001334147199075
 0.024204680722491531
 0.025550545675777428
 0.044989521226103862
 0.035109102926986741
 0.063023248449241065
 0.061361268629355342
 0.079661384650771147
 0.065766455126588796
 0.092891255939543615
 0.087646947912942141
 0.10360491577820646
 0.085620662085304958
 0.11058772219153443
 0.10152464277875328
 0.11428215903761968
 0.092484868016125876
 0.11428215903762162
 0.101524642778753
 0.1105877221915318
 0.085620662085304944
 0.1036049157782046
 0.087646947912939102
 0.092891255939537454
 0.06576645512658838
 0.079661384650769676
 0.061361268629354204
 0.063023248449236152
 0.035109102926987157
 0.044989521226101691
 0.025550545675775804
 0.024204680722484551
 -0.0028001334147201157
 0.0034623121990107752
 -0.015599839696436857
 -0.019076753898142396
 -0.0431820604604395
 -0.039861061318358315
 -0.056762907586642861
 -0.061239109267786973
 -0.080213214156386742
 -0.078929645289439576
 -0.091674792295108443
 -0.09582069749926328
 -0.1072496522908406
 -0.10693324752346622
 -0.11337545916901774
 -0.11572840800480616
 -0.11708227746736785


# name: x
# type: range
# base, limit, increment
0 1 0.015625


# name: exata
# type: matrix
# rows: 65
# columns: 1
 0
 0.049067674327418015
 0.098017140329560604
 0.14673047445536175
 0.19509032201612825
 0.24298017990326387
 0.29028467725446233
 0.33688985339222005
 0.38268343236508978
 0.42755509343028208
 0.47139673682599764
 0.51410274419322166
 0.55557023301960218
 0.59569930449243336
 0.63439328416364549
 0.67155895484701833
 0.70710678118654746
 0.74095112535495911
 0.77301045336273699
 0.80320753148064483
 0.83146961230254524
 0.85772861000027212
 0.88192126434835494
 0.90398929312344334
 0.92387953251128674
 0.94154406518302081
 0.95694033573220894
 0.97003125319454397
 0.98078528040323043
 0.98917650996478101
 0.99518472667219682
 0.99879545620517241
 1
 0.99879545620517241
 0.99518472667219693
 0.98917650996478101
 0.98078528040323043
 0.97003125319454397
 0.95694033573220894
 0.94154406518302081
 0.92387953251128674
 0.90398929312344345
 0.88192126434835505
 0.85772861000027212
 0.83146961230254546
 0.80320753148064494
 0.7730104533627371
 0.74095112535495899
 0.70710678118654757
 0.67155895484701855
 0.63439328416364549
 0.59569930449243347
 0.55557023301960218
 0.51410274419322177
 0.47139673682599786
 0.42755509343028203
 0.38268343236508989
 0.33688985339222033
 0.29028467725446239
 0.24298017990326407
 0.19509032201612861
 0.1467304744553618
 0.098017140329560826
 0.049067674327417966
 1.2246467991473532e-16


