# Created by Octave 6.2.0, Wed Aug 04 01:27:38 2021 -03 <kuroneko@kuroneko-VirtualBox>
# name: xl
# type: matrix
# rows: 257
# columns: 1
 0
 0.00390625
 0.0078125
 0.01171875
 0.015625
 0.01953125
 0.0234375
 0.02734375
 0.03125
 0.03515625
 0.0390625
 0.04296875
 0.046875
 0.05078125
 0.0546875
 0.05859375
 0.0625
 0.06640625
 0.0703125
 0.07421875
 0.078125
 0.08203125
 0.0859375
 0.08984375
 0.09375
 0.09765625
 0.1015625
 0.10546875
 0.109375
 0.11328125
 0.1171875
 0.12109375
 0.125
 0.12890625
 0.1328125
 0.13671875
 0.140625
 0.14453125
 0.1484375
 0.15234375
 0.15625
 0.16015625
 0.1640625
 0.16796875
 0.171875
 0.17578125
 0.1796875
 0.18359375
 0.1875
 0.19140625
 0.1953125
 0.19921875
 0.203125
 0.20703125
 0.2109375
 0.21484375
 0.21875
 0.22265625
 0.2265625
 0.23046875
 0.234375
 0.23828125
 0.2421875
 0.24609375
 0.25
 0.25390625
 0.2578125
 0.26171875
 0.265625
 0.26953125
 0.2734375
 0.27734375
 0.28125
 0.28515625
 0.2890625
 0.29296875
 0.296875
 0.30078125
 0.3046875
 0.30859375
 0.3125
 0.31640625
 0.3203125
 0.32421875
 0.328125
 0.33203125
 0.3359375
 0.33984375
 0.34375
 0.34765625
 0.3515625
 0.35546875
 0.359375
 0.36328125
 0.3671875
 0.37109375
 0.375
 0.37890625
 0.3828125
 0.38671875
 0.390625
 0.39453125
 0.3984375
 0.40234375
 0.40625
 0.41015625
 0.4140625
 0.41796875
 0.421875
 0.42578125
 0.4296875
 0.43359375
 0.4375
 0.44140625
 0.4453125
 0.44921875
 0.453125
 0.45703125
 0.4609375
 0.46484375
 0.46875
 0.47265625
 0.4765625
 0.48046875
 0.484375
 0.48828125
 0.4921875
 0.49609375
 0.5
 0.50390625
 0.5078125
 0.51171875
 0.515625
 0.51953125
 0.5234375
 0.52734375
 0.53125
 0.53515625
 0.5390625
 0.54296875
 0.546875
 0.55078125
 0.5546875
 0.55859375
 0.5625
 0.56640625
 0.5703125
 0.57421875
 0.578125
 0.58203125
 0.5859375
 0.58984375
 0.59375
 0.59765625
 0.6015625
 0.60546875
 0.609375
 0.61328125
 0.6171875
 0.62109375
 0.625
 0.62890625
 0.6328125
 0.63671875
 0.640625
 0.64453125
 0.6484375
 0.65234375
 0.65625
 0.66015625
 0.6640625
 0.66796875
 0.671875
 0.67578125
 0.6796875
 0.68359375
 0.6875
 0.69140625
 0.6953125
 0.69921875
 0.703125
 0.70703125
 0.7109375
 0.71484375
 0.71875
 0.72265625
 0.7265625
 0.73046875
 0.734375
 0.73828125
 0.7421875
 0.74609375
 0.75
 0.75390625
 0.7578125
 0.76171875
 0.765625
 0.76953125
 0.7734375
 0.77734375
 0.78125
 0.78515625
 0.7890625
 0.79296875
 0.796875
 0.80078125
 0.8046875
 0.80859375
 0.8125
 0.81640625
 0.8203125
 0.82421875
 0.828125
 0.83203125
 0.8359375
 0.83984375
 0.84375
 0.84765625
 0.8515625
 0.85546875
 0.859375
 0.86328125
 0.8671875
 0.87109375
 0.875
 0.87890625
 0.8828125
 0.88671875
 0.890625
 0.89453125
 0.8984375
 0.90234375
 0.90625
 0.91015625
 0.9140625
 0.91796875
 0.921875
 0.92578125
 0.9296875
 0.93359375
 0.9375
 0.94140625
 0.9453125
 0.94921875
 0.953125
 0.95703125
 0.9609375
 0.96484375
 0.96875
 0.97265625
 0.9765625
 0.98046875
 0.984375
 0.98828125
 0.9921875
 0.99609375
 1


# name: h
# type: scalar
0.015625


# name: u
# type: matrix
# rows: 257
# columns: 1
 -3.141592652849027
 -3.1413560967276921
 -3.1406464638991638
 -3.1394638613023331
 -3.1378084669292119
 -3.1356805302365092
 -3.1330803714791986
 -3.1300083824401006
 -3.1264650255017989
 -3.1224508347091762
 -3.1179664140317707
 -3.113012439283207
 -3.1075896559928138
 -3.1016988815920334
 -3.0953410023610011
 -3.088516976436166
 -3.0812278308239383
 -3.0734746641762607
 -3.0652586431309174
 -3.0565810056867262
 -3.0474430579713903
 -3.0378461770948482
 -3.0277918073264978
 -3.0172814635397955
 -3.0063167278293856
 -2.9948992524843514
 -2.9830307558550047
 -2.9707130260889518
 -2.9579479173823646
 -2.9447373532672656
 -2.9310833220013088
 -2.9169878807390344
 -2.9024531512941367
 -2.8874813238489305
 -2.8720746517157409
 -2.8562354561224845
 -2.8399661213597724
 -2.8232690989882778
 -2.8061469020376015
 -2.7886021101228655
 -2.7706373643272997
 -2.7522553716037077
 -2.7334588986710213
 -2.714250777349192
 -2.6946338991759733
 -2.6746112199260765
 -2.6541857534165083
 -2.633360576720976
 -2.6121388249845534
 -2.5905236955356883
 -2.5685184421778695
 -2.5461263797828706
 -2.5233508795467547
 -2.5001953726917594
 -2.4766633450320228
 -2.4527583413746425
 -2.4284839607720867
 -2.4038438601999825
 -2.3788417489800224
 -2.3534813933437286
 -2.3277666114501558
 -2.3017012772893453
 -2.2752893147655477
 -2.2485347024628464
 -2.2214414684859363
 -2.1940136943869284
 -2.1662555093218092
 -2.1381710945214554
 -2.1097646784744382
 -2.0810405403014283
 -2.0520030045921942
 -2.0226564451080136
 -1.9930052805411829
 -1.9630539773040812
 -1.9328070449057044
 -1.9022690391802985
 -1.8714445583104176
 -1.8403382453301669
 -1.8089547837428266
 -1.7772989005075044
 -1.7453753621843442
 -1.7131889773031213
 -1.6807445920670132
 -1.6480470931348035
 -1.6151014039986005
 -1.5819124869808858
 -1.5484853394352247
 -1.5148249959244002
 -1.4809365250358237
 -1.4468250309562911
 -1.4124956500186001
 -1.3779535526427078
 -1.3432039402258396
 -1.3082520466751992
 -1.273103134832531
 -1.2377624985754845
 -1.2022354594924352
 -1.1665273686181765
 -1.1306436026920972
 -1.0945895662090979
 -1.0583706882666042
 -1.021992423957822
 -0.98546025108971236
 -0.94877967169582234
 -0.91195620935344057
 -0.87499541003641779
 -0.83790283941826937
 -0.8006840838443039
 -0.76334474801751573
 -0.72589045553100051
 -0.688326846432187
 -0.65065957794214557
 -0.61289432235736285
 -0.57503676732156883
 -0.53709261374930062
 -0.49906757608453217
 -0.46096738058134323
 -0.42279776520694051
 -0.38456447794584775
 -0.34627327675663083
 -0.30792992801006808
 -0.26954020624471425
 -0.2311098926364212
 -0.1926447747708353
 -0.15415064523745345
 -0.11563330128778646
 -0.077098543308020143
 -0.038552174628678264
 -6.6623289106696945e-11
 0.038552174406267861
 0.077098543143764367
 0.11563330107867459
 0.15415064511293924
 0.19264477455468507
 0.23110989244621513
 0.2695402060189615
 0.30792992785434575
 0.34627327655194406
 0.38456447777848113
 0.42279776501780342
 0.46096738044542157
 0.49906757594405815
 0.53709261362748106
 0.57503676719015806
 0.61289432221630624
 0.65065957776179928
 0.68832684626720975
 0.72589045537170627
 0.76334474791161011
 0.80068408371154987
 0.83790283929355935
 0.87499540988046287
 0.91195620922466969
 0.94877967152908116
 0.98546025095269041
 1.0219924237997198
 1.0583706881775381
 1.0945895660268672
 1.1306436025584659
 1.1665273684406039
 1.2022354594235019
 1.2377624983982036
 1.2731031346996857
 1.308252046492177
 1.3432039401193014
 1.3779535524979982
 1.4124956498728287
 1.446825030784618
 1.4809365248735742
 1.5148249957997508
 1.5484853393049387
 1.5819124868521006
 1.6151014038286591
 1.6480470929658986
 1.6807445919154129
 1.7131889771517237
 1.7453753620719725
 1.7772989003321509
 1.8089547835942676
 1.8403382451491244
 1.871444558197672
 1.9022690389767785
 1.9328070447449013
 1.9630539771057116
 1.9930052804420089
 2.0226564449187001
 2.0520030044417665
 2.0810405400977925
 2.1097646783543498
 2.1381710943175976
 2.1662555091712896
 2.1940136941867712
 2.2214414683827601
 2.2485347022614
 2.2752893146328477
 2.3017012771092906
 2.3277666113892206
 2.3534813931383045
 2.3788417488557458
 2.4038438600308973
 2.4284839607550133
 2.4527583412300187
 2.4766633449518696
 2.5001953725403081
 2.5233508795211819
 2.5461263796252136
 2.568518442104113
 2.5905236953962745
 2.6121388249842958
 2.6333605765438342
 2.6541857533367161
 2.6746112197731087
 2.6946338992158405
 2.7142507772224427
 2.7334588986256247
 2.7522553714552775
 2.7706373643203333
 2.7886021099742777
 2.8061469019916503
 2.8232690988935403
 2.8399661214280911
 2.8562354559924112
 2.8720746516669329
 2.8874813236982102
 2.902453151340636
 2.9169878806427838
 2.9310833219606058
 2.9447373531456567
 2.9579479173811083
 2.9707130260034376
 2.983030755803814
 2.9948992523804443
 3.0063167277925689
 3.0172814634263103
 3.0277918072571199
 3.0378461770001572
 3.0474430579545277
 3.0565810055597216
 3.0652586430551083
