# Created by Octave 6.2.0, Mon Aug 30 20:43:29 2021 -03 <kuroneko@kuroneko-VirtualBox>
# name: alfa
# type: scalar
1


# name: beta
# type: scalar
1000000


# name: h
# type: scalar
0.00390625


# name: xl
# type: matrix
# rows: 257
# columns: 1
 0
 0.00390625
 0.0078125
 0.01171875
 0.015625
 0.01953125
 0.0234375
 0.02734375
 0.03125
 0.03515625
 0.0390625
 0.04296875
 0.046875
 0.05078125
 0.0546875
 0.05859375
 0.0625
 0.06640625
 0.0703125
 0.07421875
 0.078125
 0.08203125
 0.0859375
 0.08984375
 0.09375
 0.09765625
 0.1015625
 0.10546875
 0.109375
 0.11328125
 0.1171875
 0.12109375
 0.125
 0.12890625
 0.1328125
 0.13671875
 0.140625
 0.14453125
 0.1484375
 0.15234375
 0.15625
 0.16015625
 0.1640625
 0.16796875
 0.171875
 0.17578125
 0.1796875
 0.18359375
 0.1875
 0.19140625
 0.1953125
 0.19921875
 0.203125
 0.20703125
 0.2109375
 0.21484375
 0.21875
 0.22265625
 0.2265625
 0.23046875
 0.234375
 0.23828125
 0.2421875
 0.24609375
 0.25
 0.25390625
 0.2578125
 0.26171875
 0.265625
 0.26953125
 0.2734375
 0.27734375
 0.28125
 0.28515625
 0.2890625
 0.29296875
 0.296875
 0.30078125
 0.3046875
 0.30859375
 0.3125
 0.31640625
 0.3203125
 0.32421875
 0.328125
 0.33203125
 0.3359375
 0.33984375
 0.34375
 0.34765625
 0.3515625
 0.35546875
 0.359375
 0.36328125
 0.3671875
 0.37109375
 0.375
 0.37890625
 0.3828125
 0.38671875
 0.390625
 0.39453125
 0.3984375
 0.40234375
 0.40625
 0.41015625
 0.4140625
 0.41796875
 0.421875
 0.42578125
 0.4296875
 0.43359375
 0.4375
 0.44140625
 0.4453125
 0.44921875
 0.453125
 0.45703125
 0.4609375
 0.46484375
 0.46875
 0.47265625
 0.4765625
 0.48046875
 0.484375
 0.48828125
 0.4921875
 0.49609375
 0.5
 0.50390625
 0.5078125
 0.51171875
 0.515625
 0.51953125
 0.5234375
 0.52734375
 0.53125
 0.53515625
 0.5390625
 0.54296875
 0.546875
 0.55078125
 0.5546875
 0.55859375
 0.5625
 0.56640625
 0.5703125
 0.57421875
 0.578125
 0.58203125
 0.5859375
 0.58984375
 0.59375
 0.59765625
 0.6015625
 0.60546875
 0.609375
 0.61328125
 0.6171875
 0.62109375
 0.625
 0.62890625
 0.6328125
 0.63671875
 0.640625
 0.64453125
 0.6484375
 0.65234375
 0.65625
 0.66015625
 0.6640625
 0.66796875
 0.671875
 0.67578125
 0.6796875
 0.68359375
 0.6875
 0.69140625
 0.6953125
 0.69921875
 0.703125
 0.70703125
 0.7109375
 0.71484375
 0.71875
 0.72265625
 0.7265625
 0.73046875
 0.734375
 0.73828125
 0.7421875
 0.74609375
 0.75
 0.75390625
 0.7578125
 0.76171875
 0.765625
 0.76953125
 0.7734375
 0.77734375
 0.78125
 0.78515625
 0.7890625
 0.79296875
 0.796875
 0.80078125
 0.8046875
 0.80859375
 0.8125
 0.81640625
 0.8203125
 0.82421875
 0.828125
 0.83203125
 0.8359375
 0.83984375
 0.84375
 0.84765625
 0.8515625
 0.85546875
 0.859375
 0.86328125
 0.8671875
 0.87109375
 0.875
 0.87890625
 0.8828125
 0.88671875
 0.890625
 0.89453125
 0.8984375
 0.90234375
 0.90625
 0.91015625
 0.9140625
 0.91796875
 0.921875
 0.92578125
 0.9296875
 0.93359375
 0.9375
 0.94140625
 0.9453125
 0.94921875
 0.953125
 0.95703125
 0.9609375
 0.96484375
 0.96875
 0.97265625
 0.9765625
 0.98046875
 0.984375
 0.98828125
 0.9921875
 0.99609375
 1


# name: u
# type: matrix
# rows: 257
# columns: 1
 0.99936902845725017
 0.99929373155813606
 0.99906784967693452
 0.99869141683081608
 0.99816448970937299
 0.99748714766608138
 0.9966594927063519
 0.99568164947216686
 0.9945537652233104
 0.99327600981519182
 0.99184857567326568
 0.99027167776405334
 0.98854555356276952
 0.98667046301756001
 0.98464668851035353
 0.98247453481433689
 0.98015432904805733
 0.9776864206261584
 0.97507118120676073
 0.97230900463549141
 0.96940030688617207
 0.96634552599817469
 0.96314512201045477
 0.95979957689227047
 0.95630939447060126
 0.95267510035427161
 0.9488972418547974
 0.94497638790396288
 0.94091312896814094
 0.93670807695937142
 0.93236186514320951
 0.92787514804335802
 0.92324860134309883
 0.9184829217835373
 0.91357882705867555
 0.90853705570733057
 0.90335836700191285
 0.89804354083408255
 0.89259337759730106
 0.88700869806629468
 0.88129034327344868
 0.87543917438215102
 0.86945607255710466
 0.8633419388316268
 0.8570976939719569
 0.85072427833859254
 0.84422265174467515
 0.83759379331144468
 0.83083870132078841
 0.82395839306490304
 0.81695390469309415
 0.80982629105573589
 0.80257662554541487
 0.79520599993528041
 0.7877155242146282
 0.78010632642173972
 0.77237955247400358
 0.76453636599534514
 0.75657794814098844
 0.74850549741957906
 0.74032022951269294
 0.73202337709175913
 0.72361618963242402
 0.71509993322638488
 0.70647589039072123
 0.69774535987475239
 0.68890965646445068
 0.67997011078443936
 0.67092806909760572
 0.66178489310235844
 0.65254195972756124
 0.64320066092517225
 0.63376240346062096
 0.62422860870095509
 0.61460071240078729
 0.60488016448607629
 0.59506842883577304
 0.58516698306136605
 0.57517731828435859
 0.5651009389117112
 0.55493936240928354
 0.54469411907330978
 0.53436675179994131
 0.5239588158528925
 0.51347187862922361
 0.50290751942329637
 0.49226732918893851
 0.48155291029985164
 0.47076587630829986
 0.45990785170211451
 0.44898047166005228
 0.43798538180554342
 0.42692423795886691
 0.41579870588779005
 0.40461046105670984
 0.3933611883743342
 0.38205258193994107
 0.37068634478825319
 0.35926418863296722
 0.34778783360897619
 0.33625900801332342
 0.32467944804492727
 0.31305089754311599
 0.30137510772501203
 0.28965383692180496
 0.27788885031395366
 0.26608191966535621
 0.25423482305652911
 0.24234934461683452
 0.23042727425579729
 0.21847040739355095
 0.20648054469045418
 0.1944594917759179
 0.1824090589764841
 0.17033106104319742
 0.15822731687831026
 0.14609964926136282
 0.13394988457467916
 0.12177985252832073
 0.10959138588453886
 0.097386320181767419
 0.08516649345819749
 0.072933745974975595
 0.060689919939067138
 0.048436859225826814
 0.036176409101317746
 0.023910415944421236
 0.011640726968778855
 -0.00063081005539112407
 -0.012902347079561102
 -0.025172036055203489
 -0.037438029212100002
 -0.049698479336609071
 -0.061951540049849402
 -0.074195366085757858
 -0.086428113568979753
 -0.09864794029254971
 -0.11085300599532118
 -0.12304147263910306
 -0.1352115046854615
 -0.14736126937214522
 -0.15948893698909269
 -0.17159268115397991
 -0.18367067908726664
 -0.19572111188670052
 -0.20774216480123697
 -0.2197320275043339
 -0.23168889436658038
 -0.24361096472761773
 -0.25549644316731246
 -0.26734353977613973
 -0.27915047042473728
 -0.29091545703258875
 -0.30263672783579593
 -0.31431251765390017
 -0.32594106815571172
 -0.3375206281241081
 -0.34904945371976104
 -0.36052580874375229
 -0.37194796489903847
 -0.38331420205072658
 -0.39462280848511988
 -0.40587208116749562
 -0.41706032599857595
 -0.42818585806965292
 -0.43924700191632959
 -0.45024209177083868
 -0.46116947181290113
 -0.4720274964190867
 -0.48281453041063865
 -0.49352894929972563
 -0.50416913953408371
 -0.51473349874001129
 -0.52522043596368062
 -0.53562837191072987
 -0.5459557391840989
 -0.55620098252007311
 -0.56636255902250121
 -0.57643893839514915
 -0.58642860317215706
 -0.59633004894656449
 -0.60614178459686818
 -0.61586233251157974
 -0.62549022881174798
 -0.63502402357141441
 -0.64446228103596626
 -0.6538035798383558
 -0.66304651321315367
 -0.6721896892084015
 -0.6812317308952357
 -0.69017127657524757
 -0.69900697998554973
 -0.70773751050151901
 -0.71636155333718299
 -0.72487780974322247
 -0.73328499720255791
 -0.74158184962349205
 -0.74976711753037828
 -0.75783956825178778
 -0.76579798610614469
 -0.77364117258480336
 -0.7813679465325396
 -0.7889771443254282
 -0.7964676200460804
 -0.80383824565621476
 -0.81108791116653567
 -0.8182155248038937
 -0.82522001317570248
 -0.83210032143158763
 -0.83885541342224346
 -0.84548427185547359
 -0.85198589844939077
 -0.85835931408275479
 -0.86460355894242436
 -0.87071769266790189
 -0.8767007944929478
 -0.88255196338424491
 -0.88827031817709035
 -0.89385499770809618
 -0.89930516094487711
 -0.90461998711270686
 -0.90979867581812413
 -0.91484044716946844
 -0.91974454189432953
 -0.92451022145389028
 -0.92913676815414847
 -0.93362348525399885
 -0.93796969707015987
