# Created by Octave 6.2.0, Mon Aug 30 21:16:09 2021 -03 <kuroneko@kuroneko-VirtualBox>
# name: alfa
# type: scalar
-1


# name: beta
# type: scalar
0


# name: h
# type: scalar
0.00390625


# name: xl
# type: matrix
# rows: 257
# columns: 1
 0
 0.00390625
 0.0078125
 0.01171875
 0.015625
 0.01953125
 0.0234375
 0.02734375
 0.03125
 0.03515625
 0.0390625
 0.04296875
 0.046875
 0.05078125
 0.0546875
 0.05859375
 0.0625
 0.06640625
 0.0703125
 0.07421875
 0.078125
 0.08203125
 0.0859375
 0.08984375
 0.09375
 0.09765625
 0.1015625
 0.10546875
 0.109375
 0.11328125
 0.1171875
 0.12109375
 0.125
 0.12890625
 0.1328125
 0.13671875
 0.140625
 0.14453125
 0.1484375
 0.15234375
 0.15625
 0.16015625
 0.1640625
 0.16796875
 0.171875
 0.17578125
 0.1796875
 0.18359375
 0.1875
 0.19140625
 0.1953125
 0.19921875
 0.203125
 0.20703125
 0.2109375
 0.21484375
 0.21875
 0.22265625
 0.2265625
 0.23046875
 0.234375
 0.23828125
 0.2421875
 0.24609375
 0.25
 0.25390625
 0.2578125
 0.26171875
 0.265625
 0.26953125
 0.2734375
 0.27734375
 0.28125
 0.28515625
 0.2890625
 0.29296875
 0.296875
 0.30078125
 0.3046875
 0.30859375
 0.3125
 0.31640625
 0.3203125
 0.32421875
 0.328125
 0.33203125
 0.3359375
 0.33984375
 0.34375
 0.34765625
 0.3515625
 0.35546875
 0.359375
 0.36328125
 0.3671875
 0.37109375
 0.375
 0.37890625
 0.3828125
 0.38671875
 0.390625
 0.39453125
 0.3984375
 0.40234375
 0.40625
 0.41015625
 0.4140625
 0.41796875
 0.421875
 0.42578125
 0.4296875
 0.43359375
 0.4375
 0.44140625
 0.4453125
 0.44921875
 0.453125
 0.45703125
 0.4609375
 0.46484375
 0.46875
 0.47265625
 0.4765625
 0.48046875
 0.484375
 0.48828125
 0.4921875
 0.49609375
 0.5
 0.50390625
 0.5078125
 0.51171875
 0.515625
 0.51953125
 0.5234375
 0.52734375
 0.53125
 0.53515625
 0.5390625
 0.54296875
 0.546875
 0.55078125
 0.5546875
 0.55859375
 0.5625
 0.56640625
 0.5703125
 0.57421875
 0.578125
 0.58203125
 0.5859375
 0.58984375
 0.59375
 0.59765625
 0.6015625
 0.60546875
 0.609375
 0.61328125
 0.6171875
 0.62109375
 0.625
 0.62890625
 0.6328125
 0.63671875
 0.640625
 0.64453125
 0.6484375
 0.65234375
 0.65625
 0.66015625
 0.6640625
 0.66796875
 0.671875
 0.67578125
 0.6796875
 0.68359375
 0.6875
 0.69140625
 0.6953125
 0.69921875
 0.703125
 0.70703125
 0.7109375
 0.71484375
 0.71875
 0.72265625
 0.7265625
 0.73046875
 0.734375
 0.73828125
 0.7421875
 0.74609375
 0.75
 0.75390625
 0.7578125
 0.76171875
 0.765625
 0.76953125
 0.7734375
 0.77734375
 0.78125
 0.78515625
 0.7890625
 0.79296875
 0.796875
 0.80078125
 0.8046875
 0.80859375
 0.8125
 0.81640625
 0.8203125
 0.82421875
 0.828125
 0.83203125
 0.8359375
 0.83984375
 0.84375
 0.84765625
 0.8515625
 0.85546875
 0.859375
 0.86328125
 0.8671875
 0.87109375
 0.875
 0.87890625
 0.8828125
 0.88671875
 0.890625
 0.89453125
 0.8984375
 0.90234375
 0.90625
 0.91015625
 0.9140625
 0.91796875
 0.921875
 0.92578125
 0.9296875
 0.93359375
 0.9375
 0.94140625
 0.9453125
 0.94921875
 0.953125
 0.95703125
 0.9609375
 0.96484375
 0.96875
 0.97265625
 0.9765625
 0.98046875
 0.984375
 0.98828125
 0.9921875
 0.99609375
 1


# name: u
# type: matrix
# rows: 257
# columns: 1
 1.0002317125597884
 0.99969298927935479
 0.99900368101683357
 0.99816382178939578
 0.997173468286633
 0.9960326998620217
 0.99474161852097231
 0.99330034890546715
 0.99170903827529067
 0.98996785648585228
 0.98807699596260645
 0.98603667167207421
 0.98384712108947037
 0.98150860416294072
 0.97902140327441434
 0.9763858231970779
 0.97360219104947821
 0.97067085624625915
 0.96759219044554157
 0.96436658749295245
 0.96099446336231342
 0.95747625609299636
 0.95381242572395664
 0.95000345422445276
 0.94604984542146364
 0.94195212492381419
 0.93771084004302041
 0.9333265597108662
 0.92879987439372436
 0.92413139600363503
 0.91932175780615333
 0.91437161432498226
 0.90928164124340338
 0.90405253530252194
 0.89868501419634028
 0.89317981646367517
 0.88753770137693722
 0.88175944882778667
 0.87584585920968516
 0.86979775329735876
 0.86361597212319274
 0.85730137685057506
 0.85085484864420846
 0.84427728853741035
 0.83756961729641999
 0.8307327752817355
 0.82376772230649786
 0.81667543749194715
 0.80945691911997064
 0.80211318448276514
 0.79464526972963589
 0.7870542297109574
 0.77934113781931613
 0.77150708582786143
 0.76355318372588887
 0.75548055955167992
 0.74729035922262332
 0.7389837463626443
 0.73056190212696726
 0.72202602502423752
 0.71337733073603105
 0.70461705193377677
 0.6957464380931212
 0.68676675530576137
 0.67767928608877714
 0.66848532919148762
 0.65918619939986522
 0.64978322733853333
 0.64027775927037911
 0.63067115689381137
 0.6209647971376937
 0.61116007195398425
 0.60125838810811261
 0.59126116696712627
 0.58116984428563789
 0.57098586998960632
 0.56071070795798239
 0.55034583580225482
 0.53989274464392667
 0.52935293888995849
 0.51872793600621014
 0.50801926628891558
 0.49722847263422632
 0.48635711030585677
 0.47540674670086719
 0.46437896111361948
 0.45327534449794116
 0.44209749922753394
 0.43084703885466175
 0.41952558786715594
 0.40813478144377319
 0.39667626520794386
 0.38515169497994695
 0.37356273652754968
 0.36191106531514905
 0.35019836625145306
 0.33842633343573963
 0.3265966699027314
 0.31471108736612508
 0.3027713059608137
 0.29077905398384052
 0.27873606763412395
 0.26664409075099227
 0.25450487455156784
 0.24232017736704048
 0.23009176437786882
 0.21782140734795105
 0.20551088435780357
 0.19316197953678862
 0.18077648279443098
 0.16835618955086423
 0.15590290046644706
 0.14341842117059039
 0.13090456198983624
 0.11836313767522923
 0.10579596712902177
 0.093204873130754026
 0.080591682062750053
 0.067958223635071341
 0.05530633060996918
 0.042637838525877443
 0.029954585420987216
 0.017258411556445037
 0.0045511591392163007
 -0.008165327955344295
 -0.020889204461173625
 -0.033618623999390404
 -0.046351739356353061
 -0.059086702761843309
 -0.071821666167333556
 -0.084554781524296213
 -0.097284201062512995
 -0.11000807756834234
 -0.12272456466290295
 -0.13543181708013169
 -0.14812799094467388
 -0.16081124404956409
 -0.1734797361336558
 -0.18613162915875794
 -0.19876508758643668
 -0.21137827865444067
 -0.22396937265270844
 -0.23653654319891596
 -0.24907796751352299
 -0.26159182669427716
 -0.27407630599013377
 -0.28652959507455089
 -0.29894988831811758
 -0.3113353850604752
 -0.32368428988149017
 -0.33599481287163768
 -0.34826516990155548
 -0.36049358289072719
 -0.37267828007525466
 -0.38481749627467915
 -0.396909473157811
 -0.40895245950752779
 -0.42094471148450119
 -0.4328844928898129
 -0.44477007542641966
 -0.45659973895942835
 -0.46837177177514216
 -0.48008447083883848
 -0.49173614205123928
 -0.50332510050363666
 -0.51484967073163368
 -0.52630818696746318
 -0.53769899339084615
 -0.54902044437835218
 -0.56027090475122443
 -0.57144875002163176
 -0.58255236663731003
 -0.59358015222455784
 -0.60453051582954753
 -0.61540187815791714
 -0.62619267181260641
 -0.63690134152990097
 -0.64752634441364942
 -0.6580661501676176
 -0.66851924132594587
 -0.67888411348167366
 -0.6891592755132977
 -0.69934324980932938
 -0.70943457249081787
 -0.71943179363180432
 -0.7293334774776763
 -0.73913820266138597
 -0.74884456241750386
 -0.75845116479407193
 -0.76795663286222637
 -0.77735960492355838
 -0.78665873471518089
 -0.7958526916124703
 -0.80494016082945452
 -0.81391984361681424
 -0.82279045745746981
 -0.83155073625972409
 -0.84019943054793067
 -0.84873530765066041
 -0.85715715188633768
 -0.86546376474631692
 -0.87365396507537374
 -0.88172658924958303
 -0.88968049135155602
 -0.8975145433430114
 -0.90522763523465344
 -0.91281867525333249
 -0.92028659000646207
 -0.92763032464366812
 -0.93484884301564508
 -0.94194112783019623
 -0.94890618080543454
 -0.95574302282011991
 -0.96245069406111106
 -0.96902825416791005
 -0.97547478237427754
 -0.98178937764689622
 -0.98797115882106323
 -0.99401926473339053
 -0.99993285435149282
 -1.0057111069006439
 -1.0113532219873824
 -1.0168584197200481
 -1.0222259408262306
 -1.0274550467671129
 -1.0325450198486927
 -1.037495163329865
 -1.0423048015273477
