# Created by Octave 6.2.0, Mon Aug 30 21:16:16 2021 -03 <kuroneko@kuroneko-VirtualBox>
# name: alfa
# type: scalar
1


# name: beta
# type: scalar
10


# name: h
# type: scalar
0.0625


# name: xl
# type: matrix
# rows: 17
# columns: 1
 0
 0.0625
 0.125
 0.1875
 0.25
 0.3125
 0.375
 0.4375
 0.5
 0.5625
 0.625
 0.6875
 0.75
 0.8125
 0.875
 0.9375
 1


# name: u
# type: matrix
# rows: 17
# columns: 1
 -4.0367645465055535
 -3.9743373499883874
 -3.9496012207499391
 -3.960369300549984
 -4.0030903243059379
 -4.0729850932184082
 -4.1642301367008496
 -4.270181505088364
 -4.3836300928973548
 -4.4970786807063448
 -4.6030300490938592
 -4.6942750925763006
 -4.7641698614887718
 -4.8068908852447265
 -4.8176589650447728
 -4.7929228358063254
 -4.7304956392891597


# name: x
# type: range
# base, limit, increment
0 1 0.0625


# name: exata
# type: matrix
# rows: 17
# columns: 1
 1
 0.98078528040323043
 0.92387953251128674
 0.83146961230254524
 0.70710678118654757
 0.55557023301960229
 0.38268343236508984
 0.19509032201612833
 6.123233995736766e-17
 -0.19509032201612819
 -0.38268343236508973
 -0.55557023301960196
 -0.70710678118654746
 -0.83146961230254535
 -0.92387953251128674
 -0.98078528040323043
 -1


