# Created by Octave 6.2.0, Mon Aug 30 21:16:18 2021 -03 <kuroneko@kuroneko-VirtualBox>
# name: alfa
# type: scalar
0


# name: beta
# type: scalar
10


# name: h
# type: scalar
0.015625


# name: xl
# type: matrix
# rows: 65
# columns: 1
 0
 0.015625
 0.03125
 0.046875
 0.0625
 0.078125
 0.09375
 0.109375
 0.125
 0.140625
 0.15625
 0.171875
 0.1875
 0.203125
 0.21875
 0.234375
 0.25
 0.265625
 0.28125
 0.296875
 0.3125
 0.328125
 0.34375
 0.359375
 0.375
 0.390625
 0.40625
 0.421875
 0.4375
 0.453125
 0.46875
 0.484375
 0.5
 0.515625
 0.53125
 0.546875
 0.5625
 0.578125
 0.59375
 0.609375
 0.625
 0.640625
 0.65625
 0.671875
 0.6875
 0.703125
 0.71875
 0.734375
 0.75
 0.765625
 0.78125
 0.796875
 0.8125
 0.828125
 0.84375
 0.859375
 0.875
 0.890625
 0.90625
 0.921875
 0.9375
 0.953125
 0.96875
 0.984375
 1


# name: u
# type: matrix
# rows: 65
# columns: 1
 0.11236860316300355
 0.14490857443709285
 0.17504235996333134
 0.20277865830546152
 0.22813194378384768
 0.25112243160556996
 0.27177602916422
 0.29012427362672077
 0.30620425595752893
 0.32005853156325254
 0.33173501777294934
 0.34128687840108396
 0.34877239567124219
 0.35425482980914952
 0.35780226664324638
 0.35948745357996387
 0.35938762434884958
 0.35758431293974846
 0.35416315718027963
 0.34921369242680877
 0.34282913586593189
 0.33510616194610848
 0.32614466948044718
 0.31604754098171495
 0.30492039480935246
 0.2928713307255949
 0.2800106694736767
 0.26645068700549768
 0.25230534399902105
 0.23769001131701825
 0.22272119206855545
 0.207516240942799
 0.19219308149129047
 0.17686992203978191
 0.16166497091402551
 0.14669615166556274
 0.13208081898356
 0.11793547597708343
 0.10437549350890445
 0.09151483225698627
 0.079465768173228812
 0.068338622000866364
 0.058241493502134221
 0.049280001036472981
 0.041557027116649624
 0.035172470555772786
 0.030223005802301892
 0.026801850042833131
 0.024998538633732081
 0.02489870940261785
 0.026583896339335361
 0.030131333173432279
 0.03561376731133966
 0.043099284581497942
 0.052651145209632585
 0.064327631419329401
 0.078181907025052996
 0.09426188935586112
 0.11261013381836192
 0.13326373137701197
 0.15625421919873417
 0.18160750467712025
 0.2093438030192504
 0.23947758854548876
 0.27201755981957787


# name: x
# type: range
# base, limit, increment
0 1 0.015625


# name: exata
# type: matrix
# rows: 65
# columns: 1
 1
 0.99879545620517241
 0.99518472667219693
 0.98917650996478101
 0.98078528040323043
 0.97003125319454397
 0.95694033573220882
 0.94154406518302081
 0.92387953251128674
 0.90398929312344334
 0.88192126434835505
 0.85772861000027212
 0.83146961230254524
 0.80320753148064494
 0.77301045336273699
 0.74095112535495911
 0.70710678118654757
 0.67155895484701833
 0.63439328416364549
 0.59569930449243347
 0.55557023301960229
 0.51410274419322166
 0.47139673682599781
 0.4275550934302822
 0.38268343236508984
 0.33688985339222005
 0.29028467725446233
 0.24298017990326398
 0.19509032201612833
 0.14673047445536175
 0.09801714032956077
 0.049067674327418126
 6.123233995736766e-17
 -0.049067674327418008
 -0.098017140329560645
 -0.14673047445536164
 -0.19509032201612819
 -0.24298017990326387
 -0.29028467725446216
 -0.33688985339221994
 -0.38268343236508973
 -0.42755509343028186
 -0.4713967368259977
 -0.51410274419322166
 -0.55557023301960196
 -0.59569930449243336
 -0.63439328416364538
 -0.67155895484701844
 -0.70710678118654746
 -0.74095112535495888
 -0.77301045336273699
 -0.80320753148064483
 -0.83146961230254535
 -0.85772861000027201
 -0.88192126434835494
 -0.90398929312344334
 -0.92387953251128674
 -0.9415440651830207
 -0.95694033573220882
 -0.97003125319454397
 -0.98078528040323043
 -0.98917650996478101
 -0.99518472667219682
 -0.99879545620517241
 -1


