# Created by Octave 6.2.0, Mon Aug 30 21:16:09 2021 -03 <kuroneko@kuroneko-VirtualBox>
# name: alfa
# type: scalar
-1


# name: beta
# type: scalar
0


# name: h
# type: scalar
0.0625


# name: xl
# type: matrix
# rows: 17
# columns: 1
 0
 0.0625
 0.125
 0.1875
 0.25
 0.3125
 0.375
 0.4375
 0.5
 0.5625
 0.625
 0.6875
 0.75
 0.8125
 0.875
 0.9375
 1


# name: u
# type: matrix
# rows: 17
# columns: 1
 1.003953702509123
 0.97683155802046906
 0.91201834625309697
 0.81170092544723182
 0.67943056068545771
 0.51998645076716721
 0.33919206627890586
 0.14369135688557116
 -0.059306571929239313
 -0.26230450074404976
 -0.45780521013738446
 -0.63859959462564575
 -0.79804370454393625
 -0.93031406930571048
 -1.0306314901115758
 -1.0954447018789484
 -1.1225668463676028


# name: x
# type: range
# base, limit, increment
0 1 0.0625


# name: exata
# type: matrix
# rows: 17
# columns: 1
 1
 0.98078528040323043
 0.92387953251128674
 0.83146961230254524
 0.70710678118654757
 0.55557023301960229
 0.38268343236508984
 0.19509032201612833
 6.123233995736766e-17
 -0.19509032201612819
 -0.38268343236508973
 -0.55557023301960196
 -0.70710678118654746
 -0.83146961230254535
 -0.92387953251128674
 -0.98078528040323043
 -1


