# Created by Octave 6.2.0, Mon Aug 30 20:43:29 2021 -03 <kuroneko@kuroneko-VirtualBox>
# name: alfa
# type: scalar
1


# name: beta
# type: scalar
1000000


# name: h
# type: scalar
0.015625


# name: xl
# type: matrix
# rows: 65
# columns: 1
 0
 0.015625
 0.03125
 0.046875
 0.0625
 0.078125
 0.09375
 0.109375
 0.125
 0.140625
 0.15625
 0.171875
 0.1875
 0.203125
 0.21875
 0.234375
 0.25
 0.265625
 0.28125
 0.296875
 0.3125
 0.328125
 0.34375
 0.359375
 0.375
 0.390625
 0.40625
 0.421875
 0.4375
 0.453125
 0.46875
 0.484375
 0.5
 0.515625
 0.53125
 0.546875
 0.5625
 0.578125
 0.59375
 0.609375
 0.625
 0.640625
 0.65625
 0.671875
 0.6875
 0.703125
 0.71875
 0.734375
 0.75
 0.765625
 0.78125
 0.796875
 0.8125
 0.828125
 0.84375
 0.859375
 0.875
 0.890625
 0.90625
 0.921875
 0.9375
 0.953125
 0.96875
 0.984375
 1


# name: u
# type: matrix
# rows: 65
# columns: 1
 0.99984228740297598
 0.99863774404471128
 0.99502701493859591
 0.98901879864837217
 0.98062756949440444
 0.96987354268377257
 0.95678262561006866
 0.94138635544021543
 0.92372182313866946
 0.90383158411203912
 0.88176355568938203
 0.85757090168516281
 0.83131190432296709
 0.80304982382852053
 0.77285274603026344
 0.74079341833462697
 0.70694907447115873
 0.6714012484297035
 0.63423557803788067
 0.59554159865205569
 0.55541252745882486
 0.51394503890664744
 0.47123903180863214
 0.42739738867754595
 0.38252572787282946
 0.3367321491567179
 0.29012697327244569
 0.24282247617191263
 0.19493261853308202
 0.14657277121872528
 0.0978594373379085
 0.04890997157979806
 -0.00015770250406447087
 -0.049225376587927
 -0.098174842346037433
 -0.14688817622685424
 -0.19524802354121099
 -0.24313788118004159
 -0.29044237828057462
 -0.33704755416484683
 -0.38284113288095839
 -0.42771279368567494
 -0.47155443681676124
 -0.51426044391477665
 -0.55572793246695418
 -0.59585700366018501
 -0.63455098304600999
 -0.67171665343783271
 -0.70726447947928761
 -0.74110882334275574
 -0.77316815103839209
 -0.80336522883664918
 -0.83162730933109574
 -0.85788630669329136
 -0.88207896069751057
 -0.90414698912016755
 -0.92403722814679778
 -0.94170176044834353
 -0.95709803061819643
 -0.97018894769190012
 -0.98094297450253165
 -0.98933420365649949
 -0.99534241994672323
 -0.99895314905283883
 -1.0001576924111035


# name: x
# type: range
# base, limit, increment
0 1 0.015625


# name: exata
# type: matrix
# rows: 65
# columns: 1
 1
 0.99879545620517241
 0.99518472667219693
 0.98917650996478101
 0.98078528040323043
 0.97003125319454397
 0.95694033573220882
 0.94154406518302081
 0.92387953251128674
 0.90398929312344334
 0.88192126434835505
 0.85772861000027212
 0.83146961230254524
 0.80320753148064494
 0.77301045336273699
 0.74095112535495911
 0.70710678118654757
 0.67155895484701833
 0.63439328416364549
 0.59569930449243347
 0.55557023301960229
 0.51410274419322166
 0.47139673682599781
 0.4275550934302822
 0.38268343236508984
 0.33688985339222005
 0.29028467725446233
 0.24298017990326398
 0.19509032201612833
 0.14673047445536175
 0.09801714032956077
 0.049067674327418126
 6.123233995736766e-17
 -0.049067674327418008
 -0.098017140329560645
 -0.14673047445536164
 -0.19509032201612819
 -0.24298017990326387
 -0.29028467725446216
 -0.33688985339221994
 -0.38268343236508973
 -0.42755509343028186
 -0.4713967368259977
 -0.51410274419322166
 -0.55557023301960196
 -0.59569930449243336
 -0.63439328416364538
 -0.67155895484701844
 -0.70710678118654746
 -0.74095112535495888
 -0.77301045336273699
 -0.80320753148064483
 -0.83146961230254535
 -0.85772861000027201
 -0.88192126434835494
 -0.90398929312344334
 -0.92387953251128674
 -0.9415440651830207
 -0.95694033573220882
 -0.97003125319454397
 -0.98078528040323043
 -0.98917650996478101
 -0.99518472667219682
 -0.99879545620517241
 -1


