# Created by Octave 6.2.0, Mon Aug 30 21:10:00 2021 -03 <kuroneko@kuroneko-VirtualBox>
# name: alfa
# type: scalar
0


# name: beta
# type: scalar
1


# name: h
# type: scalar
0.0625


# name: xl
# type: matrix
# rows: 17
# columns: 1
 0
 0.0625
 0.125
 0.1875
 0.25
 0.3125
 0.375
 0.4375
 0.5
 0.5625
 0.625
 0.6875
 0.75
 0.8125
 0.875
 0.9375
 1


# name: u
# type: matrix
# rows: 17
# columns: 1
 -0.082115549617596054
 0.046248350196865483
 0.13692118273260909
 0.19208980622985958
 0.21530548577120123
 0.21134742015602659
 0.18603907997088107
 0.14602441488066226
 0.098512530368967691
 0.051000645857273146
 0.010985980767054336
 -0.014322359418091193
 -0.018280425033265865
 0.0049352545080758366
 0.060103878005326364
 0.15077671054107
 0.27914061035553156


# name: x
# type: range
# base, limit, increment
0 1 0.0625


# name: exata
# type: matrix
# rows: 17
# columns: 1
 1
 0.98078528040323043
 0.92387953251128674
 0.83146961230254524
 0.70710678118654757
 0.55557023301960229
 0.38268343236508984
 0.19509032201612833
 6.123233995736766e-17
 -0.19509032201612819
 -0.38268343236508973
 -0.55557023301960196
 -0.70710678118654746
 -0.83146961230254535
 -0.92387953251128674
 -0.98078528040323043
 -1


