# Created by Octave 6.2.0, Mon Aug 30 21:15:35 2021 -03 <kuroneko@kuroneko-VirtualBox>
# name: alfa
# type: scalar
0


# name: beta
# type: scalar
100


# name: h
# type: scalar
0.0625


# name: xl
# type: matrix
# rows: 17
# columns: 1
 0
 0.0625
 0.125
 0.1875
 0.25
 0.3125
 0.375
 0.4375
 0.5
 0.5625
 0.625
 0.6875
 0.75
 0.8125
 0.875
 0.9375
 1


# name: u
# type: matrix
# rows: 17
# columns: 1
 1.3773547367143411
 1.2606844604568992
 1.1063231169207395
 0.91645756434608661
 0.69463906781552509
 0.44564682612844719
 0.17530430987139844
 -0.10974453129072362
 -0.40229059187432142
 -0.69483665245791926
 -0.9798854936200414
 -1.2502280098770904
 -1.4992202515641686
 -1.7210387480947305
 -1.910904300669384
 -2.0652656442055441
 -2.1819359204629865


# name: x
# type: range
# base, limit, increment
0 1 0.0625


# name: exata
# type: matrix
# rows: 17
# columns: 1
 1
 0.98078528040323043
 0.92387953251128674
 0.83146961230254524
 0.70710678118654757
 0.55557023301960229
 0.38268343236508984
 0.19509032201612833
 6.123233995736766e-17
 -0.19509032201612819
 -0.38268343236508973
 -0.55557023301960196
 -0.70710678118654746
 -0.83146961230254535
 -0.92387953251128674
 -0.98078528040323043
 -1


