# Created by Octave 6.2.0, Mon Aug 30 21:15:31 2021 -03 <kuroneko@kuroneko-VirtualBox>
# name: alfa
# type: scalar
1


# name: beta
# type: scalar
100


# name: h
# type: scalar
0.00390625


# name: xl
# type: matrix
# rows: 257
# columns: 1
 0
 0.00390625
 0.0078125
 0.01171875
 0.015625
 0.01953125
 0.0234375
 0.02734375
 0.03125
 0.03515625
 0.0390625
 0.04296875
 0.046875
 0.05078125
 0.0546875
 0.05859375
 0.0625
 0.06640625
 0.0703125
 0.07421875
 0.078125
 0.08203125
 0.0859375
 0.08984375
 0.09375
 0.09765625
 0.1015625
 0.10546875
 0.109375
 0.11328125
 0.1171875
 0.12109375
 0.125
 0.12890625
 0.1328125
 0.13671875
 0.140625
 0.14453125
 0.1484375
 0.15234375
 0.15625
 0.16015625
 0.1640625
 0.16796875
 0.171875
 0.17578125
 0.1796875
 0.18359375
 0.1875
 0.19140625
 0.1953125
 0.19921875
 0.203125
 0.20703125
 0.2109375
 0.21484375
 0.21875
 0.22265625
 0.2265625
 0.23046875
 0.234375
 0.23828125
 0.2421875
 0.24609375
 0.25
 0.25390625
 0.2578125
 0.26171875
 0.265625
 0.26953125
 0.2734375
 0.27734375
 0.28125
 0.28515625
 0.2890625
 0.29296875
 0.296875
 0.30078125
 0.3046875
 0.30859375
 0.3125
 0.31640625
 0.3203125
 0.32421875
 0.328125
 0.33203125
 0.3359375
 0.33984375
 0.34375
 0.34765625
 0.3515625
 0.35546875
 0.359375
 0.36328125
 0.3671875
 0.37109375
 0.375
 0.37890625
 0.3828125
 0.38671875
 0.390625
 0.39453125
 0.3984375
 0.40234375
 0.40625
 0.41015625
 0.4140625
 0.41796875
 0.421875
 0.42578125
 0.4296875
 0.43359375
 0.4375
 0.44140625
 0.4453125
 0.44921875
 0.453125
 0.45703125
 0.4609375
 0.46484375
 0.46875
 0.47265625
 0.4765625
 0.48046875
 0.484375
 0.48828125
 0.4921875
 0.49609375
 0.5
 0.50390625
 0.5078125
 0.51171875
 0.515625
 0.51953125
 0.5234375
 0.52734375
 0.53125
 0.53515625
 0.5390625
 0.54296875
 0.546875
 0.55078125
 0.5546875
 0.55859375
 0.5625
 0.56640625
 0.5703125
 0.57421875
 0.578125
 0.58203125
 0.5859375
 0.58984375
 0.59375
 0.59765625
 0.6015625
 0.60546875
 0.609375
 0.61328125
 0.6171875
 0.62109375
 0.625
 0.62890625
 0.6328125
 0.63671875
 0.640625
 0.64453125
 0.6484375
 0.65234375
 0.65625
 0.66015625
 0.6640625
 0.66796875
 0.671875
 0.67578125
 0.6796875
 0.68359375
 0.6875
 0.69140625
 0.6953125
 0.69921875
 0.703125
 0.70703125
 0.7109375
 0.71484375
 0.71875
 0.72265625
 0.7265625
 0.73046875
 0.734375
 0.73828125
 0.7421875
 0.74609375
 0.75
 0.75390625
 0.7578125
 0.76171875
 0.765625
 0.76953125
 0.7734375
 0.77734375
 0.78125
 0.78515625
 0.7890625
 0.79296875
 0.796875
 0.80078125
 0.8046875
 0.80859375
 0.8125
 0.81640625
 0.8203125
 0.82421875
 0.828125
 0.83203125
 0.8359375
 0.83984375
 0.84375
 0.84765625
 0.8515625
 0.85546875
 0.859375
 0.86328125
 0.8671875
 0.87109375
 0.875
 0.87890625
 0.8828125
 0.88671875
 0.890625
 0.89453125
 0.8984375
 0.90234375
 0.90625
 0.91015625
 0.9140625
 0.91796875
 0.921875
 0.92578125
 0.9296875
 0.93359375
 0.9375
 0.94140625
 0.9453125
 0.94921875
 0.953125
 0.95703125
 0.9609375
 0.96484375
 0.96875
 0.97265625
 0.9765625
 0.98046875
 0.984375
 0.98828125
 0.9921875
 0.99609375
 1


# name: u
# type: matrix
# rows: 257
# columns: 1
 -7.2000419924432082
 -7.1856851880596526
 -7.1714789686581843
 -7.157423300221633
 -7.1435181260604059
 -7.1297633668210274
 -7.1161589204980871
 -7.102704662449602
 -7.0894004454157882
 -7.0762460995412368
 -7.0632414324004946
 -7.0503862290270369
 -7.0376802519456509
 -7.0251232412081928
 -7.0127149144327321
 -7.00045496684608
 -6.9883430713296919
 -6.9763788784689229
 -6.9645620166056545
 -6.9528920918942578
 -6.9413686883609111
 -6.9299913679662426
 -6.9187596706712977
 -6.9076731145068164
 -6.8967311956458195
 -6.8859333884794829
 -6.8752791456962905
 -6.8647678983644571
 -6.8543990560176118
 -6.8441720067437135
 -6.8340861172772076
 -6.8241407330943922
 -6.8143351785119846
 -6.8046687567888799
 -6.7951407502310746
 -6.7857504202997534
 -6.7764970077225053
 -6.7673797326076697
 -6.7583977945617848
 -6.749550372810126
 -6.7408366263203057
 -6.7322556939289377
 -6.7238066944713184
 -6.7154887269141303
 -6.7073008704911334
 -6.6992421848418298
 -6.6913117101530801
 -6.6835084673036427
 -6.6758314580116309
 -6.6682796649848477
 -6.6608520520739898
 -6.6535475644286812
 -6.6463651286563366
 -6.6393036529838048
 -6.6323620274217916
 -6.6255391239320147
 -6.6188337965970856
 -6.6122448817930781
 -6.6057711983647689
 -6.5994115478035109
 -6.593164714427731
 -6.5870294655659984
 -6.5810045517426676
 -6.5750887068660404
 -6.5692806484190376
 -6.5635790776523395
 -6.5579826797799745
 -6.5524901241773197
 -6.5471000645814872
 -6.5418111392940688
 -6.536621971386201
 -6.5315311689059241
 -6.5265373250878094
 -6.5216390185648097
 -6.5168348135823111
 -6.5121232602143566
 -6.5075028945819939
 -6.5029722390737348
 -6.4985298025680756
 -6.4941740806580555
 -6.4899035558778149
 -6.4857166979311218
 -6.4816119639218241
 -6.4775877985862058
 -6.4736426345272076
 -6.4697748924504657
 -6.4659829814021546
 -6.4622652990085738
 -6.4586202317174584
 -6.455046155040975
 -6.4515414338003696
 -6.4481044223722099
 -6.4447334649362178
 -6.4414268957246259
 -6.4381830392730359
 -6.4350002106727411
 -6.4318767158244645
 -6.4288108516934823
 -6.4258009065660975
 -6.4228451603074177
 -6.4199418846203997
 -6.4170893433061256
 -6.4142857925252654
 -6.4115294810606986
 -6.4088186505812343
 -6.406151535906413
 -6.403526365272338
 -6.4009413605984919
 -6.3983947377555142
 -6.3958847068338791
 -6.3934094724134534
 -6.3909672338338783
 -6.3885561854657436
 -6.3861745169825044
 -6.3838204136331198
 -6.3814920565153352
 -6.3791876228496101
 -6.3769052862536215
 -6.3746432170173088
 -6.3723995823784199
 -6.3701725467985204
 -6.3679602722394195
 -6.3657609184399711
 -6.3635726431932094
 -6.3613936026237798
 -6.3592219514656199
 -6.3570558433398459
 -6.354893431032818
 -6.3527328667743159
 -6.3505723025158138
 -6.3484098902087851
 -6.3462437820830111
 -6.3440721309248502
 -6.3418930903554198
 -6.3397048151086581
 -6.3375054613092088
 -6.3352931867501079
 -6.3330661511702093
 -6.3308225165313212
 -6.3285604472950103
 -6.3262781106990245
 -6.323973677033301
 -6.3216453199155183
 -6.3192912165661346
 -6.3169095480828981
 -6.3144984997147633
 -6.3120562611351891
 -6.3095810267147643
 -6.3070709957931301
 -6.3045243729501532
 -6.301939368276309
 -6.2993141976422349
 -6.2966470829674135
 -6.2939362524879483
 -6.2911799410233789
 -6.2883763902425169
 -6.2855238489282401
 -6.2826205732412195
 -6.279664826982537
 -6.2766548818551486
 -6.2735890177241629
 -6.2704655228758819
 -6.2672826942755835
 -6.2640388378239891
 -6.260732268612391
 -6.2573613111763926
 -6.2539242997482267
 -6.2504195785076133
 -6.2468455018311237
 -6.2432004345400003
 -6.2394827521464125
 -6.2356908410980951
 -6.2318230990213461
 -6.2278779349623399
 -6.2238537696267136
 -6.219749035617407
 -6.215562177670706
 -6.21129165289046
 -6.2069359309804328
 -6.2024934944747665
 -6.1979628389664994
 -6.1933424733341278
 -6.1886309199661653
 -6.1838267149836588
 -6.1789284084606502
 -6.1739345646425283
 -6.1688437621622443
 -6.1636545942543686
 -6.1583656689669422
 -6.1529756093711017
 -6.147483053768438
 -6.141886655896065
 -6.1361850851293571
 -6.1303770266823454
 -6.1244611818057093
 -6.1184362679823687
 -6.1123010191206282
 -6.1060541857448385
 -6.0996945351835716
 -6.0932208517552517
 -6.0866319369512345
 -6.0799266096162938
 -6.0731037061265054
 -6.0661620805644825
 -6.0591006048919418
 -6.0519181691195874
 -6.0446136814742699
 -6.037186068563404
 -6.0296342755366146
 -6.0219572662445948
 -6.0141540233951494
 -6.0062235487063909
 -5.9981648630570801
 -5.9899770066340734
 -5.9816590390768738
 -5.9732100396192438
 -5.9646291072278643
 -5.9559153607380342
 -5.9470679389863639
 -5.9380860009404692
 -5.9289687258256238
 -5.9197153132483651
 -5.9103249833170342
 -5.9007969767592208
 -5.8911305550361064
 -5.881325000453689
 -5.8713796162708638
 -5.8612937268043499
 -5.8510666775304436
 -5.8406978351835894
 -5.8301865878517489
 -5.8195323450685477
 -5.8087345379022022
