# Created by Octave 6.2.0, Mon Aug 30 21:16:13 2021 -03 <kuroneko@kuroneko-VirtualBox>
# name: alfa
# type: scalar
-1


# name: beta
# type: scalar
10


# name: h
# type: scalar
0.015625


# name: xl
# type: matrix
# rows: 65
# columns: 1
 0
 0.015625
 0.03125
 0.046875
 0.0625
 0.078125
 0.09375
 0.109375
 0.125
 0.140625
 0.15625
 0.171875
 0.1875
 0.203125
 0.21875
 0.234375
 0.25
 0.265625
 0.28125
 0.296875
 0.3125
 0.328125
 0.34375
 0.359375
 0.375
 0.390625
 0.40625
 0.421875
 0.4375
 0.453125
 0.46875
 0.484375
 0.5
 0.515625
 0.53125
 0.546875
 0.5625
 0.578125
 0.59375
 0.609375
 0.625
 0.640625
 0.65625
 0.671875
 0.6875
 0.703125
 0.71875
 0.734375
 0.75
 0.765625
 0.78125
 0.796875
 0.8125
 0.828125
 0.84375
 0.859375
 0.875
 0.890625
 0.90625
 0.921875
 0.9375
 0.953125
 0.96875
 0.984375
 1


# name: u
# type: matrix
# rows: 65
# columns: 1
 1.0324848904297372
 1.0294190924231046
 1.0239471086686212
 1.0160776377300293
 1.0058251539276934
 0.99320987246869374
 0.97825770074662199
 0.96100017592840103
 0.94147438897848745
 0.91972289530348927
 0.89579361223246423
 0.86973970357987695
 0.84161945156931339
 0.81149611642649899
 0.77943778397987407
 0.74551720163586965
 0.70981160312403335
 0.67240252243421028
 0.63337559739401961
 0.59282036335982669
 0.55083003751822779
 0.50750129431768232
 0.46293403257129895
 0.4172311347918447
 0.37049821933876009
 0.32284338597428042
 0.27437695544164009
 0.22521120369273892
 0.17546009140554017
 0.12523898944281531
 0.074664400913630344
 0.02385368050715175
 -0.027075248225078948
 -0.078004176957309643
 -0.12881489736378823
 -0.17938948589297321
 -0.2296105878556981
 -0.27936170014289691
 -0.32852745189179805
 -0.37699388242443843
 -0.42464871578891811
 -0.47138163124200283
 -0.51708452902145718
 -0.56165179076784078
 -0.60498053396838636
 -0.64697085980998548
 -0.68752609384417862
 -0.72655301888436963
 -0.76396209957419292
 -0.79966769808602944
 -0.83358828043003408
 -0.86564661287665934
 -0.89576994801947429
 -0.92389020003003819
 -0.9499441086826258
 -0.97387339175365129
 -0.99562488542865002
 -1.0151506723785644
 -1.032408197196786
 -1.0473603689188582
 -1.0599756503778586
 -1.0702281341801949
 -1.0780976051187872
 -1.083569588873271
 -1.0866353868799044


# name: x
# type: range
# base, limit, increment
0 1 0.015625


# name: exata
# type: matrix
# rows: 65
# columns: 1
 1
 0.99879545620517241
 0.99518472667219693
 0.98917650996478101
 0.98078528040323043
 0.97003125319454397
 0.95694033573220882
 0.94154406518302081
 0.92387953251128674
 0.90398929312344334
 0.88192126434835505
 0.85772861000027212
 0.83146961230254524
 0.80320753148064494
 0.77301045336273699
 0.74095112535495911
 0.70710678118654757
 0.67155895484701833
 0.63439328416364549
 0.59569930449243347
 0.55557023301960229
 0.51410274419322166
 0.47139673682599781
 0.4275550934302822
 0.38268343236508984
 0.33688985339222005
 0.29028467725446233
 0.24298017990326398
 0.19509032201612833
 0.14673047445536175
 0.09801714032956077
 0.049067674327418126
 6.123233995736766e-17
 -0.049067674327418008
 -0.098017140329560645
 -0.14673047445536164
 -0.19509032201612819
 -0.24298017990326387
 -0.29028467725446216
 -0.33688985339221994
 -0.38268343236508973
 -0.42755509343028186
 -0.4713967368259977
 -0.51410274419322166
 -0.55557023301960196
 -0.59569930449243336
 -0.63439328416364538
 -0.67155895484701844
 -0.70710678118654746
 -0.74095112535495888
 -0.77301045336273699
 -0.80320753148064483
 -0.83146961230254535
 -0.85772861000027201
 -0.88192126434835494
 -0.90398929312344334
 -0.92387953251128674
 -0.9415440651830207
 -0.95694033573220882
 -0.97003125319454397
 -0.98078528040323043
 -0.98917650996478101
 -0.99518472667219682
 -0.99879545620517241
 -1


