# Created by Octave 6.2.0, Mon Aug 30 20:43:29 2021 -03 <kuroneko@kuroneko-VirtualBox>
# name: alfa
# type: scalar
1


# name: beta
# type: scalar
1000000


# name: h
# type: scalar
0.0625


# name: xl
# type: matrix
# rows: 17
# columns: 1
 0
 0.0625
 0.125
 0.1875
 0.25
 0.3125
 0.375
 0.4375
 0.5
 0.5625
 0.625
 0.6875
 0.75
 0.8125
 0.875
 0.9375
 1


# name: u
# type: matrix
# rows: 17
# columns: 1
 0.99996057373975245
 0.98074596363474498
 0.92384028625101944
 0.83143039982880085
 0.70706756945067328
 0.55553099391602934
 0.38264414381141448
 0.19505096880172634
 -3.942562943751285e-05
 -0.19512982006060134
 -0.3827229950702894
 -0.55560984517490419
 -0.70714642070954814
 -0.83150925108767582
 -0.92391913750989452
 -0.98082481489362006
 -1.0000394249986275


# name: x
# type: range
# base, limit, increment
0 1 0.0625


# name: exata
# type: matrix
# rows: 17
# columns: 1
 1
 0.98078528040323043
 0.92387953251128674
 0.83146961230254524
 0.70710678118654757
 0.55557023301960229
 0.38268343236508984
 0.19509032201612833
 6.123233995736766e-17
 -0.19509032201612819
 -0.38268343236508973
 -0.55557023301960196
 -0.70710678118654746
 -0.83146961230254535
 -0.92387953251128674
 -0.98078528040323043
 -1


