# Created by Octave 6.2.0, Mon Aug 30 21:16:16 2021 -03 <kuroneko@kuroneko-VirtualBox>
# name: alfa
# type: scalar
1


# name: beta
# type: scalar
10


# name: h
# type: scalar
0.015625


# name: xl
# type: matrix
# rows: 65
# columns: 1
 0
 0.015625
 0.03125
 0.046875
 0.0625
 0.078125
 0.09375
 0.109375
 0.125
 0.140625
 0.15625
 0.171875
 0.1875
 0.203125
 0.21875
 0.234375
 0.25
 0.265625
 0.28125
 0.296875
 0.3125
 0.328125
 0.34375
 0.359375
 0.375
 0.390625
 0.40625
 0.421875
 0.4375
 0.453125
 0.46875
 0.484375
 0.5
 0.515625
 0.53125
 0.546875
 0.5625
 0.578125
 0.59375
 0.609375
 0.625
 0.640625
 0.65625
 0.671875
 0.6875
 0.703125
 0.71875
 0.734375
 0.75
 0.765625
 0.78125
 0.796875
 0.8125
 0.828125
 0.84375
 0.859375
 0.875
 0.890625
 0.90625
 0.921875
 0.9375
 0.953125
 0.96875
 0.984375
 1


# name: u
# type: matrix
# rows: 65
# columns: 1
 -23.451858073370389
 -23.181197527848617
 -22.912943168074698
 -22.647086295484886
 -22.38361243575882
 -22.122501373689417
 -21.863727201883087
 -21.607258383172905
 -21.353057826594416
 -21.101082976741012
 -20.851285916283633
 -20.603613481407816
 -20.358007389889977
 -20.114404381504389
 -19.872736370422611
 -19.632930609238212
 -19.394909864221646
 -19.158592601383067
 -18.923893182894854
 -18.690722073400643
 -18.458986055713837
 -18.228588455385978
 -17.999429373603956
 -17.771405927855003
 -17.544412499779678
 -17.318340989615752
 -17.093081076619985
 -16.868520484840477
 -16.644545253599272
 -16.421040012033593
 -16.197888257034375
 -15.974972633912451
 -15.752175219116278
 -15.529377804320108
 -15.306462181198182
 -15.08331042619896
 -14.859805184633279
 -14.63582995339207
 -14.411269361612563
 -14.186009448616796
 -13.959937938452869
 -13.732944510377548
 -13.504921064628597
 -13.275761982846573
 -13.045364382518711
 -12.813628364831901
 -12.580457255337684
 -12.345757836849467
 -12.109440574010881
 -11.871419828994311
 -11.631614067809908
 -11.389946056728126
 -11.146343048342533
 -10.900736956824689
 -10.653064521948869
 -10.403267461491485
 -10.151292611638073
 -9.8970920550595753
 -9.6406232363493842
 -9.3818490645430437
 -9.1207380024736313
 -8.8572641427475549
 -8.5914072701577346
 -8.3231529103838042
 -8.0524923648620224


# name: x
# type: range
# base, limit, increment
0 1 0.015625


# name: exata
# type: matrix
# rows: 65
# columns: 1
 1
 0.99879545620517241
 0.99518472667219693
 0.98917650996478101
 0.98078528040323043
 0.97003125319454397
 0.95694033573220882
 0.94154406518302081
 0.92387953251128674
 0.90398929312344334
 0.88192126434835505
 0.85772861000027212
 0.83146961230254524
 0.80320753148064494
 0.77301045336273699
 0.74095112535495911
 0.70710678118654757
 0.67155895484701833
 0.63439328416364549
 0.59569930449243347
 0.55557023301960229
 0.51410274419322166
 0.47139673682599781
 0.4275550934302822
 0.38268343236508984
 0.33688985339222005
 0.29028467725446233
 0.24298017990326398
 0.19509032201612833
 0.14673047445536175
 0.09801714032956077
 0.049067674327418126
 6.123233995736766e-17
 -0.049067674327418008
 -0.098017140329560645
 -0.14673047445536164
 -0.19509032201612819
 -0.24298017990326387
 -0.29028467725446216
 -0.33688985339221994
 -0.38268343236508973
 -0.42755509343028186
 -0.4713967368259977
 -0.51410274419322166
 -0.55557023301960196
 -0.59569930449243336
 -0.63439328416364538
 -0.67155895484701844
 -0.70710678118654746
 -0.74095112535495888
 -0.77301045336273699
 -0.80320753148064483
 -0.83146961230254535
 -0.85772861000027201
 -0.88192126434835494
 -0.90398929312344334
 -0.92387953251128674
 -0.9415440651830207
 -0.95694033573220882
 -0.97003125319454397
 -0.98078528040323043
 -0.98917650996478101
 -0.99518472667219682
 -0.99879545620517241
 -1


