# Created by Octave 6.2.0, Mon Aug 30 21:15:33 2021 -03 <kuroneko@kuroneko-VirtualBox>
# name: alfa
# type: scalar
-1


# name: beta
# type: scalar
100


# name: h
# type: scalar
0.015625


# name: xl
# type: matrix
# rows: 65
# columns: 1
 0
 0.015625
 0.03125
 0.046875
 0.0625
 0.078125
 0.09375
 0.109375
 0.125
 0.140625
 0.15625
 0.171875
 0.1875
 0.203125
 0.21875
 0.234375
 0.25
 0.265625
 0.28125
 0.296875
 0.3125
 0.328125
 0.34375
 0.359375
 0.375
 0.390625
 0.40625
 0.421875
 0.4375
 0.453125
 0.46875
 0.484375
 0.5
 0.515625
 0.53125
 0.546875
 0.5625
 0.578125
 0.59375
 0.609375
 0.625
 0.640625
 0.65625
 0.671875
 0.6875
 0.703125
 0.71875
 0.734375
 0.75
 0.765625
 0.78125
 0.796875
 0.8125
 0.828125
 0.84375
 0.859375
 0.875
 0.890625
 0.90625
 0.921875
 0.9375
 0.953125
 0.96875
 0.984375
 1


# name: u
# type: matrix
# rows: 65
# columns: 1
 1.2260178746596584
 1.2292748472187092
 1.2301256340299092
 1.2285789336570008
 1.2246492204203483
 1.218356709527032
 1.2097273083706435
 1.1987925541181057
 1.1855895377338752
 1.1701608146245606
 1.1525543021192188
 1.1328231640323154
 1.1110256825874352
 1.0872251180103043
 1.0614895561293629
 1.0338917443510418
 1.0045089164048893
 0.97342260628074972
 0.94071845180624236
 0.90648598833773297
 0.87081843306181761
 0.83381246042695567
 0.79556796924625584
 0.75618784203248512
 0.7157776971450841
 0.67444563434628813
 0.63230197437933133
 0.58945899319611372
 0.54603065147459851
 0.50213232007755715
 0.45788050211405573
 0.41339255227326066
 0.36878639410671343
 0.32418023594016626
 0.27969228609937113
 0.23544046813586972
 0.19154213673882831
 0.14811379501731298
 0.10527081383409524
 0.063127153867138297
 0.021795091068342057
 -0.018615053819059164
 -0.057995181032830086
 -0.096239672213530095
 -0.13324564484839221
 -0.1689132001243078
 -0.20314566359281744
 -0.23584981806732494
 -0.26693612819146473
 -0.29631895613761772
 -0.32391676791593899
 -0.34965232979688077
 -0.37345289437401208
 -0.39525037581889244
 -0.41498151390579641
 -0.43258802641113814
 -0.44801674952045312
 -0.46121976590468355
 -0.47215452015722126
 -0.48078392131360964
 -0.48707643220692592
 -0.49100614544357829
 -0.49255284581648662
 -0.49170205900528668
 -0.48844508644623597


# name: x
# type: range
# base, limit, increment
0 1 0.015625


# name: exata
# type: matrix
# rows: 65
# columns: 1
 1
 0.99879545620517241
 0.99518472667219693
 0.98917650996478101
 0.98078528040323043
 0.97003125319454397
 0.95694033573220882
 0.94154406518302081
 0.92387953251128674
 0.90398929312344334
 0.88192126434835505
 0.85772861000027212
 0.83146961230254524
 0.80320753148064494
 0.77301045336273699
 0.74095112535495911
 0.70710678118654757
 0.67155895484701833
 0.63439328416364549
 0.59569930449243347
 0.55557023301960229
 0.51410274419322166
 0.47139673682599781
 0.4275550934302822
 0.38268343236508984
 0.33688985339222005
 0.29028467725446233
 0.24298017990326398
 0.19509032201612833
 0.14673047445536175
 0.09801714032956077
 0.049067674327418126
 6.123233995736766e-17
 -0.049067674327418008
 -0.098017140329560645
 -0.14673047445536164
 -0.19509032201612819
 -0.24298017990326387
 -0.29028467725446216
 -0.33688985339221994
 -0.38268343236508973
 -0.42755509343028186
 -0.4713967368259977
 -0.51410274419322166
 -0.55557023301960196
 -0.59569930449243336
 -0.63439328416364538
 -0.67155895484701844
 -0.70710678118654746
 -0.74095112535495888
 -0.77301045336273699
 -0.80320753148064483
 -0.83146961230254535
 -0.85772861000027201
 -0.88192126434835494
 -0.90398929312344334
 -0.92387953251128674
 -0.9415440651830207
 -0.95694033573220882
 -0.97003125319454397
 -0.98078528040323043
 -0.98917650996478101
 -0.99518472667219682
 -0.99879545620517241
 -1


