# Created by Octave 6.2.0, Mon Aug 30 21:16:19 2021 -03 <kuroneko@kuroneko-VirtualBox>
# name: alfa
# type: scalar
0


# name: beta
# type: scalar
10


# name: h
# type: scalar
0.00390625


# name: xl
# type: matrix
# rows: 257
# columns: 1
 0
 0.00390625
 0.0078125
 0.01171875
 0.015625
 0.01953125
 0.0234375
 0.02734375
 0.03125
 0.03515625
 0.0390625
 0.04296875
 0.046875
 0.05078125
 0.0546875
 0.05859375
 0.0625
 0.06640625
 0.0703125
 0.07421875
 0.078125
 0.08203125
 0.0859375
 0.08984375
 0.09375
 0.09765625
 0.1015625
 0.10546875
 0.109375
 0.11328125
 0.1171875
 0.12109375
 0.125
 0.12890625
 0.1328125
 0.13671875
 0.140625
 0.14453125
 0.1484375
 0.15234375
 0.15625
 0.16015625
 0.1640625
 0.16796875
 0.171875
 0.17578125
 0.1796875
 0.18359375
 0.1875
 0.19140625
 0.1953125
 0.19921875
 0.203125
 0.20703125
 0.2109375
 0.21484375
 0.21875
 0.22265625
 0.2265625
 0.23046875
 0.234375
 0.23828125
 0.2421875
 0.24609375
 0.25
 0.25390625
 0.2578125
 0.26171875
 0.265625
 0.26953125
 0.2734375
 0.27734375
 0.28125
 0.28515625
 0.2890625
 0.29296875
 0.296875
 0.30078125
 0.3046875
 0.30859375
 0.3125
 0.31640625
 0.3203125
 0.32421875
 0.328125
 0.33203125
 0.3359375
 0.33984375
 0.34375
 0.34765625
 0.3515625
 0.35546875
 0.359375
 0.36328125
 0.3671875
 0.37109375
 0.375
 0.37890625
 0.3828125
 0.38671875
 0.390625
 0.39453125
 0.3984375
 0.40234375
 0.40625
 0.41015625
 0.4140625
 0.41796875
 0.421875
 0.42578125
 0.4296875
 0.43359375
 0.4375
 0.44140625
 0.4453125
 0.44921875
 0.453125
 0.45703125
 0.4609375
 0.46484375
 0.46875
 0.47265625
 0.4765625
 0.48046875
 0.484375
 0.48828125
 0.4921875
 0.49609375
 0.5
 0.50390625
 0.5078125
 0.51171875
 0.515625
 0.51953125
 0.5234375
 0.52734375
 0.53125
 0.53515625
 0.5390625
 0.54296875
 0.546875
 0.55078125
 0.5546875
 0.55859375
 0.5625
 0.56640625
 0.5703125
 0.57421875
 0.578125
 0.58203125
 0.5859375
 0.58984375
 0.59375
 0.59765625
 0.6015625
 0.60546875
 0.609375
 0.61328125
 0.6171875
 0.62109375
 0.625
 0.62890625
 0.6328125
 0.63671875
 0.640625
 0.64453125
 0.6484375
 0.65234375
 0.65625
 0.66015625
 0.6640625
 0.66796875
 0.671875
 0.67578125
 0.6796875
 0.68359375
 0.6875
 0.69140625
 0.6953125
 0.69921875
 0.703125
 0.70703125
 0.7109375
 0.71484375
 0.71875
 0.72265625
 0.7265625
 0.73046875
 0.734375
 0.73828125
 0.7421875
 0.74609375
 0.75
 0.75390625
 0.7578125
 0.76171875
 0.765625
 0.76953125
 0.7734375
 0.77734375
 0.78125
 0.78515625
 0.7890625
 0.79296875
 0.796875
 0.80078125
 0.8046875
 0.80859375
 0.8125
 0.81640625
 0.8203125
 0.82421875
 0.828125
 0.83203125
 0.8359375
 0.83984375
 0.84375
 0.84765625
 0.8515625
 0.85546875
 0.859375
 0.86328125
 0.8671875
 0.87109375
 0.875
 0.87890625
 0.8828125
 0.88671875
 0.890625
 0.89453125
 0.8984375
 0.90234375
 0.90625
 0.91015625
 0.9140625
 0.91796875
 0.921875
 0.92578125
 0.9296875
 0.93359375
 0.9375
 0.94140625
 0.9453125
 0.94921875
 0.953125
 0.95703125
 0.9609375
 0.96484375
 0.96875
 0.97265625
 0.9765625
 0.98046875
 0.984375
 0.98828125
 0.9921875
 0.99609375
 1


# name: u
# type: matrix
# rows: 257
# columns: 1
 0.030442731445295933
 0.038300634683096128
 0.046007952938809091
 0.053564720229605289
 0.060970993245076731
 0.068226851338699712
 0.075332396515884512
 0.082287753418613718
 0.089093069306671643
 0.095748514035467483
 0.10225428003045578
 0.10861058225815778
 0.11481765819378838
 0.12087576778549311
 0.12678519341520095
 0.13254623985609867
 0.13815923422673312
 0.14362452594174829
 0.14894248665926488
 0.15411351022490985
 0.15913801261250476
 0.16401643186142165
 0.1687492280106159
 0.17333688302934602
 0.17777990074459094
 0.18207880676517549
 0.18623414840261565
 0.19024649458869536
 0.1941164357897876
 0.1978445839179323
 0.2014315722386846
 0.20487805527574743
 0.20818470871240252
 0.21135222928975522
 0.21438133470180767
 0.21727276348737673
 0.22002727491887289
 0.22264564888795646
 0.22512868578808889
 0.22747720639399635
 0.2296920517380642
 0.23177408298368046
 0.23372418129554784
 0.23554324770698365
 0.23723220298422745
 0.23879198748777691
 0.24022356103077325
 0.2415279027344566
 0.24270601088071417
 0.24375890276174264
 0.24468761452684756
 0.24549320102640326
 0.24617673565299605
 0.24673931017977541
 0.24718203459603696
 0.24750603694006215
 0.24771246312923975
 0.24780247678749501
 0.24777725907005205
 0.24763800848555653
 0.24738594071558417
 0.24702228843156404
 0.24654830110914253
 0.24596524484001692
 0.24527440214126675
 0.24447707176221137
 0.24357456848882308
 0.24256822294572519
 0.24145938139580489
 0.24024940553747098
 0.23893967229958715
 0.23753157363411145
 0.23602651630647359
 0.23442592168372106
 0.2327312255204666
 0.23094387774266889
 0.22906534222927888
 0.2270970965917852
 0.22504063195169102
 0.22289745271595696
 0.22066907635044267
 0.21835703315138222
 0.21596286601492709
 0.21348813020479163
 0.21093439311803608
 0.20830323404902235
 0.20559624395157805
 0.20281502519940484
 0.19996119134476667
 0.19703636687549489
 0.19404218697034623
 0.19098029725275092
 0.18785235354298804
 0.18466002160882478
 0.18140497691465809
 0.17808890436919597
 0.17471349807171635
 0.17128046105694195
 0.16779150503856949
 0.16424835015149203
 0.16065272469275277
 0.15700636486127012
 0.15331101449637236
 0.1495684248151819
 0.14578035414888843
 0.14194856767795069
 0.13807483716626684
 0.13416094069435325
 0.13020866239157217
 0.12621979216744847
 0.12219612544211562
 0.11813946287593236
 0.11405161009830958
 0.10993437743578932
 0.1057895796394162
 0.10161903561144262
 0.097424568131408748
 0.093208003581638665
 0.088971171672193844
 0.084715905165325581
 0.080444039599467734
 0.07615741301281137
 0.071857865666503054
 0.067547239767508191
 0.06322737919118146
 0.058900129203585991
 0.054567336183603085
 0.050230847344874298
 0.04589251045761792
 0.041554173570361549
 0.037217684731632769
 0.032884891711649863
 0.028557641724054408
 0.024237781147727688
 0.019927155248732828
 0.015627607902424519
 0.01134098131576817
 0.0070691157499103083
 0.0028138492430420242
 -0.0014229826664028174
 -0.0056395472161729172
 -0.0098340146962067939
 -0.014004558724180388
 -0.018149356520553526
 -0.022266589183073806
 -0.026354441960696598
 -0.03041110452687986
 -0.034434771252212677
 -0.038423641476336388
 -0.042375919779117442
 -0.046289816251031027
 -0.050163546762714881
 -0.053995333233652625
 -0.057783403899946115
 -0.061525993581136598
 -0.065221343946034391
 -0.068867703777517081
 -0.072463329236256355
 -0.07600648412333387
 -0.079495440141706356
 -0.082928477156480801
 -0.08630388345396045
 -0.089619955999422615
 -0.092875000693589352
 -0.096067332627752688
 -0.099195276337515653
 -0.10225716605511101
 -0.10525134596025976
 -0.10817617042953161
 -0.1110300042841698
 -0.11381122303634303
 -0.11651821313378731
 -0.11914937220280104
 -0.12170310928955656
 -0.12417784509969197
 -0.12657201223614703
 -0.1288840554352074
 -0.13111243180072163
 -0.13325561103645564
 -0.13531207567654974
 -0.13728032131404336
 -0.13915885682743326
 -0.14094620460523091
 -0.14264090076848529
 -0.14424149539123779
 -0.14574655271887563
 -0.14715465138435127
 -0.14846438462223505
 -0.14967436048056892
 -0.15078320203048923
 -0.15178954757358715
 -0.15269205084697549
 -0.15348938122603092
 -0.15418022392478115
 -0.15476328019390681
 -0.15523726751632838
 -0.15560091980034857
 -0.15585298757032098
 -0.15599223815481658
 -0.15601745587225954
 -0.15592744221400437
 -0.15572101602482685
 -0.15539701368080172
 -0.15495428926454025
 -0.15439171473776098
 -0.15370818011116835
 -0.15290259361161279
 -0.15197388184650795
 -0.15092098996547954
 -0.14974288181922199
 -0.1484385401155387
 -0.14700696657254242
 -0.14544718206899301
 -0.14375822679174932
 -0.14193916038031362
 -0.13998906206844636
 -0.13790703082283023
 -0.13569218547876252
 -0.13334366487285515
 -0.1308606279727228
 -0.12824225400363931
 -0.12548774257214321
 -0.12259631378657418
 -0.11956720837452178
 -0.11639968779716912
 -0.11309303436051407
