# Created by Octave 6.2.0, Mon Aug 30 21:15:31 2021 -03 <kuroneko@kuroneko-VirtualBox>
# name: alfa
# type: scalar
1


# name: beta
# type: scalar
100


# name: h
# type: scalar
0.015625


# name: xl
# type: matrix
# rows: 65
# columns: 1
 0
 0.015625
 0.03125
 0.046875
 0.0625
 0.078125
 0.09375
 0.109375
 0.125
 0.140625
 0.15625
 0.171875
 0.1875
 0.203125
 0.21875
 0.234375
 0.25
 0.265625
 0.28125
 0.296875
 0.3125
 0.328125
 0.34375
 0.359375
 0.375
 0.390625
 0.40625
 0.421875
 0.4375
 0.453125
 0.46875
 0.484375
 0.5
 0.515625
 0.53125
 0.546875
 0.5625
 0.578125
 0.59375
 0.609375
 0.625
 0.640625
 0.65625
 0.671875
 0.6875
 0.703125
 0.71875
 0.734375
 0.75
 0.765625
 0.78125
 0.796875
 0.8125
 0.828125
 0.84375
 0.859375
 0.875
 0.890625
 0.90625
 0.921875
 0.9375
 0.953125
 0.96875
 0.984375
 1


# name: u
# type: matrix
# rows: 65
# columns: 1
 -0.47255643152132798
 -0.48496318946768835
 -0.49977613316189951
 -0.51698656404021892
 -0.53658000778228232
 -0.55853624918100953
 -0.582829380842809
 -0.60942786560075779
 -0.63829461249039932
 -0.66938706610512533
 -0.70265730911587809
 -0.7380521777081932
 -0.77551338965848449
 -0.81497768474102672
 -0.85637697712737948
 -0.89963851941111161
 -0.94468507786267553
 -0.9914351184922261
 -1.0398030034721446
 -1.0896991974460652
 -1.1410304832273919
 -1.1937001863676648
 -1.2476084080537757
 -1.3026522657729576
 -1.3587261411657698
 -1.4157219344699774
 -1.4735293249423453
 -1.5320360366309742
 -1.5911281088579008
 -1.6506901707603534
 -1.7106057192292661
 -1.7707573995754726
 -1.831027288247431
 -1.8912971769193894
 -1.9514488572655957
 -2.0113644057345086
 -2.0709264676369612
 -2.1300185398638876
 -2.188525251552516
 -2.2463326420248833
 -2.3033284353290897
 -2.3594023107219013
 -2.4144461684410832
 -2.4683543901271943
 -2.5210240932674672
 -2.5723553790487936
 -2.6222515730227141
 -2.6706194580026321
 -2.7173694986321824
 -2.7624160570837462
 -2.8056775993674781
 -2.8470768917538303
 -2.886541186836372
 -2.9240023987866635
 -2.9593972673789786
 -2.9926675103897309
 -3.0237599640044568
 -3.0526267108940983
 -3.079225195652048
 -3.1035183273138482
 -3.1254745687125767
 -3.145068012454642
 -3.1622784433329634
 -3.1770913870271764
 -3.1894981449735389


# name: x
# type: range
# base, limit, increment
0 1 0.015625


# name: exata
# type: matrix
# rows: 65
# columns: 1
 1
 0.99879545620517241
 0.99518472667219693
 0.98917650996478101
 0.98078528040323043
 0.97003125319454397
 0.95694033573220882
 0.94154406518302081
 0.92387953251128674
 0.90398929312344334
 0.88192126434835505
 0.85772861000027212
 0.83146961230254524
 0.80320753148064494
 0.77301045336273699
 0.74095112535495911
 0.70710678118654757
 0.67155895484701833
 0.63439328416364549
 0.59569930449243347
 0.55557023301960229
 0.51410274419322166
 0.47139673682599781
 0.4275550934302822
 0.38268343236508984
 0.33688985339222005
 0.29028467725446233
 0.24298017990326398
 0.19509032201612833
 0.14673047445536175
 0.09801714032956077
 0.049067674327418126
 6.123233995736766e-17
 -0.049067674327418008
 -0.098017140329560645
 -0.14673047445536164
 -0.19509032201612819
 -0.24298017990326387
 -0.29028467725446216
 -0.33688985339221994
 -0.38268343236508973
 -0.42755509343028186
 -0.4713967368259977
 -0.51410274419322166
 -0.55557023301960196
 -0.59569930449243336
 -0.63439328416364538
 -0.67155895484701844
 -0.70710678118654746
 -0.74095112535495888
 -0.77301045336273699
 -0.80320753148064483
 -0.83146961230254535
 -0.85772861000027201
 -0.88192126434835494
 -0.90398929312344334
 -0.92387953251128674
 -0.9415440651830207
 -0.95694033573220882
 -0.97003125319454397
 -0.98078528040323043
 -0.98917650996478101
 -0.99518472667219682
 -0.99879545620517241
 -1


