# Created by Octave 6.2.0, Mon Aug 30 21:15:30 2021 -03 <kuroneko@kuroneko-VirtualBox>
# name: alfa
# type: scalar
1


# name: beta
# type: scalar
100


# name: h
# type: scalar
0.0625


# name: xl
# type: matrix
# rows: 17
# columns: 1
 0
 0.0625
 0.125
 0.1875
 0.25
 0.3125
 0.375
 0.4375
 0.5
 0.5625
 0.625
 0.6875
 0.75
 0.8125
 0.875
 0.9375
 1


# name: u
# type: matrix
# rows: 17
# columns: 1
 1.2009848862153183
 1.098089225813123
 0.95750249813220945
 0.78141156141280266
 0.5733676807374869
 0.33815005490565475
 0.081582154503851825
 -0.18969207080302444
 -0.4684635155313765
 -0.74723496025972858
 -1.0185091855666049
 -1.275077085968408
 -1.5102947118002401
 -1.7183385924755561
 -1.8944295291949631
 -2.0350162568758772
 -2.1379119172780734


# name: x
# type: range
# base, limit, increment
0 1 0.0625


# name: exata
# type: matrix
# rows: 17
# columns: 1
 1
 0.98078528040323043
 0.92387953251128674
 0.83146961230254524
 0.70710678118654757
 0.55557023301960229
 0.38268343236508984
 0.19509032201612833
 6.123233995736766e-17
 -0.19509032201612819
 -0.38268343236508973
 -0.55557023301960196
 -0.70710678118654746
 -0.83146961230254535
 -0.92387953251128674
 -0.98078528040323043
 -1


