# Created by Octave 6.2.0, Mon Aug 30 21:10:06 2021 -03 <kuroneko@kuroneko-VirtualBox>
# name: alfa
# type: scalar
0


# name: beta
# type: scalar
0


# name: h
# type: scalar
0.0625


# name: xl
# type: matrix
# rows: 17
# columns: 1
 0
 0.0625
 0.125
 0.1875
 0.25
 0.3125
 0.375
 0.4375
 0.5
 0.5625
 0.625
 0.6875
 0.75
 0.8125
 0.875
 0.9375
 1


# name: u
# type: matrix
# rows: 17
# columns: 1
 -0.14564482003535956
 -0.019214739470407832
 0.06952427381582596
 0.12275907806356662
 0.14404093835539844
 0.13814905349071391
 0.11090689405605851
 0.068958409716329841
 0.019512705955125401
 -0.029932997806079029
 -0.07188148214580771
 -0.09912364158046312
 -0.10501552644514767
 -0.083733666153315831
 -0.030498861905575152
 0.05824015138065864
 0.18467023194561036


# name: x
# type: range
# base, limit, increment
0 1 0.0625


# name: exata
# type: matrix
# rows: 17
# columns: 1
 1
 0.98078528040323043
 0.92387953251128674
 0.83146961230254524
 0.70710678118654757
 0.55557023301960229
 0.38268343236508984
 0.19509032201612833
 6.123233995736766e-17
 -0.19509032201612819
 -0.38268343236508973
 -0.55557023301960196
 -0.70710678118654746
 -0.83146961230254535
 -0.92387953251128674
 -0.98078528040323043
 -1


