# Created by Octave 6.2.0, Mon Aug 30 21:10:00 2021 -03 <kuroneko@kuroneko-VirtualBox>
# name: alfa
# type: scalar
0


# name: beta
# type: scalar
1


# name: h
# type: scalar
0.00390625


# name: xl
# type: matrix
# rows: 257
# columns: 1
 0
 0.00390625
 0.0078125
 0.01171875
 0.015625
 0.01953125
 0.0234375
 0.02734375
 0.03125
 0.03515625
 0.0390625
 0.04296875
 0.046875
 0.05078125
 0.0546875
 0.05859375
 0.0625
 0.06640625
 0.0703125
 0.07421875
 0.078125
 0.08203125
 0.0859375
 0.08984375
 0.09375
 0.09765625
 0.1015625
 0.10546875
 0.109375
 0.11328125
 0.1171875
 0.12109375
 0.125
 0.12890625
 0.1328125
 0.13671875
 0.140625
 0.14453125
 0.1484375
 0.15234375
 0.15625
 0.16015625
 0.1640625
 0.16796875
 0.171875
 0.17578125
 0.1796875
 0.18359375
 0.1875
 0.19140625
 0.1953125
 0.19921875
 0.203125
 0.20703125
 0.2109375
 0.21484375
 0.21875
 0.22265625
 0.2265625
 0.23046875
 0.234375
 0.23828125
 0.2421875
 0.24609375
 0.25
 0.25390625
 0.2578125
 0.26171875
 0.265625
 0.26953125
 0.2734375
 0.27734375
 0.28125
 0.28515625
 0.2890625
 0.29296875
 0.296875
 0.30078125
 0.3046875
 0.30859375
 0.3125
 0.31640625
 0.3203125
 0.32421875
 0.328125
 0.33203125
 0.3359375
 0.33984375
 0.34375
 0.34765625
 0.3515625
 0.35546875
 0.359375
 0.36328125
 0.3671875
 0.37109375
 0.375
 0.37890625
 0.3828125
 0.38671875
 0.390625
 0.39453125
 0.3984375
 0.40234375
 0.40625
 0.41015625
 0.4140625
 0.41796875
 0.421875
 0.42578125
 0.4296875
 0.43359375
 0.4375
 0.44140625
 0.4453125
 0.44921875
 0.453125
 0.45703125
 0.4609375
 0.46484375
 0.46875
 0.47265625
 0.4765625
 0.48046875
 0.484375
 0.48828125
 0.4921875
 0.49609375
 0.5
 0.50390625
 0.5078125
 0.51171875
 0.515625
 0.51953125
 0.5234375
 0.52734375
 0.53125
 0.53515625
 0.5390625
 0.54296875
 0.546875
 0.55078125
 0.5546875
 0.55859375
 0.5625
 0.56640625
 0.5703125
 0.57421875
 0.578125
 0.58203125
 0.5859375
 0.58984375
 0.59375
 0.59765625
 0.6015625
 0.60546875
 0.609375
 0.61328125
 0.6171875
 0.62109375
 0.625
 0.62890625
 0.6328125
 0.63671875
 0.640625
 0.64453125
 0.6484375
 0.65234375
 0.65625
 0.66015625
 0.6640625
 0.66796875
 0.671875
 0.67578125
 0.6796875
 0.68359375
 0.6875
 0.69140625
 0.6953125
 0.69921875
 0.703125
 0.70703125
 0.7109375
 0.71484375
 0.71875
 0.72265625
 0.7265625
 0.73046875
 0.734375
 0.73828125
 0.7421875
 0.74609375
 0.75
 0.75390625
 0.7578125
 0.76171875
 0.765625
 0.76953125
 0.7734375
 0.77734375
 0.78125
 0.78515625
 0.7890625
 0.79296875
 0.796875
 0.80078125
 0.8046875
 0.80859375
 0.8125
 0.81640625
 0.8203125
 0.82421875
 0.828125
 0.83203125
 0.8359375
 0.83984375
 0.84375
 0.84765625
 0.8515625
 0.85546875
 0.859375
 0.86328125
 0.8671875
 0.87109375
 0.875
 0.87890625
 0.8828125
 0.88671875
 0.890625
 0.89453125
 0.8984375
 0.90234375
 0.90625
 0.91015625
 0.9140625
 0.91796875
 0.921875
 0.92578125
 0.9296875
 0.93359375
 0.9375
 0.94140625
 0.9453125
 0.94921875
 0.953125
 0.95703125
 0.9609375
 0.96484375
 0.96875
 0.97265625
 0.9765625
 0.98046875
 0.984375
 0.98828125
 0.9921875
 0.99609375
 1


# name: u
# type: matrix
# rows: 257
# columns: 1
 -0.0039713832296835935
 0.0038399083984273904
 0.011500615044451141
 0.019010770725558124
 0.026370432131340348
 0.033579678615274125
 0.040638612182769734
 0.047547357475809772
 0.054306061754178521
 0.060914894873285191
 0.067374049258584312
 0.07368373987659714
 0.07984420420253853
 0.085855702184554031
 0.091718516204572664
 0.097432951035781201
 0.10299933379672643
 0.10841801390205238
 0.11368936300987977
 0.11881377496583551
 0.12379166574374117
 0.12862347338296881
 0.13330965792247382
 0.13785070133151475
 0.1422471074370705
 0.14649940184796589
 0.15060813187571689
 0.15457386645210749
 0.15839719604351066
 0.16207873256196628
 0.16561910927302947
 0.16901898070040317
 0.17227902252736918
 0.1753999314950328
 0.17838242529739615
 0.18122724247327615
 0.18393514229508323
 0.18650690465447772
 0.18894332994492105
 0.1912452389411394
 0.19341347267551809
 0.19544889231144516
 0.1973523790136234
 0.19912483381537008
 0.20076717748292472
 0.20228035037678502
 0.20366531231009216
 0.20492304240408635
 0.20605453894065476
 0.20706081921199407
 0.20794291936740983
 0.20870189425727634
 0.20933881727417994
 0.2098547801912701
 0.21025089299784253
 0.21052828373217855
 0.21068809831166702
 0.21073150036023311
 0.21065967103310104
 0.21047380883891634
 0.21017512945925484
 0.20976486556554558
 0.20924426663343496
 0.20861459875462024
 0.20787714444618102
 0.20703320245743656
 0.20608408757435917
 0.2050311304215722
 0.20387567726196285
 0.20261908979393989
 0.20126274494636701
 0.19980803467120228
 0.19825636573387534
 0.19660915950143376
 0.19486785172849028
 0.19303389234100354
 0.19110874521792451
 0.18909388797074175
 0.18699081172095855
 0.18480102087553543
 0.18252603290033209
 0.18016737809158259
 0.17772659934543839
 0.17520525192561381
 0.1726049032291691
 0.16992713255046618
 0.1671735308433327
 0.16434570048147029
 0.16144525501714294
 0.15847381893818194
 0.15543302742334406
 0.15232452609605956
 0.14914997077660747
 0.14591102723275498
 0.14260937092889911
 0.13924668677374782
 0.13582466886657901
 0.13234502024211542
 0.12880945261405377
 0.12521968611728709
 0.12157744904885864
 0.11788447760768681
 0.11414251563309986
 0.11035331434222023
 0.10651863206623759
 0.10264023398561069
 0.098719891864237658
 0.094759383782634918
 0.090760493870164702
 0.086725012036351815
 0.082654733701329822
 0.07855145952545739
 0.074416995138145425
 0.07025315086593599
 0.066061741459873688
 0.061844585822210932
 0.057603506732487889
 0.053340330573028623
 0.049056887053894604
 0.044755008937337151
 0.040436531761790115
 0.036103293565444589
 0.031757134609447103
 0.027399897100763067
 0.023033424914747167
 0.018659563317462536
 0.014280158687790454
 0.0098970582393724978
 0.0055121097424269475
 0.0011271612454813974
 -0.0032559392029365601
 -0.0076353438326086419
 -0.012009205429893274
 -0.016375677615909173
 -0.020732915124593208
 -0.02507907408059069
 -0.029412312276936213
 -0.033730789452483249
 -0.03803266756904071
 -0.042316111088174721
 -0.046579287247633994
 -0.050820366337357044
 -0.055037521975019814
 -0.059228931381082123
 -0.063392775653291572
 -0.067527240040603537
 -0.071630514216475968
 -0.075700792551497961
 -0.079736274385310862
 -0.083735164297781106
 -0.087695672379383888
 -0.091616014500756945
 -0.095494412581383886
 -0.099329094857366573
 -0.10311829614824625
 -0.10686025812283322
 -0.11055322956400507
 -0.11419546663243352
 -0.11778523312920021
 -0.12132080075726187
 -0.12480044938172548
 -0.12822246728889428
 -0.13158515144404556
 -0.13488680774790143
 -0.13812575129175395
 -0.14130030661120607
 -0.14440880793849056
 -0.14744959945332842
 -0.15042103553228936
 -0.15332148099661669
 -0.15614931135847904
 -0.15890291306561244
 -0.16158068374431531
 -0.16418103244075996
 -0.1667023798605845
 -0.16914315860672868
 -0.17150181341547815
 -0.1737768013906815
 -0.17596659223610461
 -0.17806966848588784
 -0.18008452573307063
 -0.18200967285614969
 -0.18384363224363651
 -0.18558494001658005
 -0.18723214624902171
 -0.18878381518634871
 -0.19023852546151351
 -0.19159487030908645
 -0.19285145777710944
 -0.19400691093671885
 -0.1950598680895059
 -0.19600898297258335
 -0.19685292496132789
 -0.19759037926976722
 -0.19822004714858199
 -0.1987406460806927
 -0.19915090997440199
 -0.19944958935406346
 -0.19963545154824816
 -0.19970728087538023
 -0.19966387882681413
 -0.19950406424732567
 -0.19922667351298964
 -0.19883056070641722
 -0.19831459778932697
 -0.19767767477242332
 -0.19691869988255678
 -0.19603659972714096
 -0.19503031945580157
 -0.19389882291923302
 -0.19264109282523875
 -0.1912561308919315
 -0.18974295799807106
 -0.18810061433051634
 -0.18632815952876958
 -0.18442467282659131
 -0.18238925319066421
 -0.18022101945628549
 -0.17791911046006711
 -0.17548268516962376
 -0.17291092281022927
 -0.17020302298842216
 -0.16735820581254215
 -0.16437571201017881
 -0.16125480304251522
