# Created by Octave 6.2.0, Mon Aug 30 21:15:35 2021 -03 <kuroneko@kuroneko-VirtualBox>
# name: alfa
# type: scalar
0


# name: beta
# type: scalar
100


# name: h
# type: scalar
0.015625


# name: xl
# type: matrix
# rows: 65
# columns: 1
 0
 0.015625
 0.03125
 0.046875
 0.0625
 0.078125
 0.09375
 0.109375
 0.125
 0.140625
 0.15625
 0.171875
 0.1875
 0.203125
 0.21875
 0.234375
 0.25
 0.265625
 0.28125
 0.296875
 0.3125
 0.328125
 0.34375
 0.359375
 0.375
 0.390625
 0.40625
 0.421875
 0.4375
 0.453125
 0.46875
 0.484375
 0.5
 0.515625
 0.53125
 0.546875
 0.5625
 0.578125
 0.59375
 0.609375
 0.625
 0.640625
 0.65625
 0.671875
 0.6875
 0.703125
 0.71875
 0.734375
 0.75
 0.765625
 0.78125
 0.796875
 0.8125
 0.828125
 0.84375
 0.859375
 0.875
 0.890625
 0.90625
 0.921875
 0.9375
 0.953125
 0.96875
 0.984375
 1


# name: u
# type: matrix
# rows: 65
# columns: 1
 0.9130606110692413
 0.7376145349702049
 0.55976227312331772
 0.37951252409232228
 0.19687976219758274
 0.011884202646179339
 -0.17544824716829621
 -0.36508605007892103
 -0.55699211512123847
 -0.75112388688864029
 -0.94743344805206886
 -1.1458676347970598
 -1.3463681649000272
 -1.5488717781352452
 -1.7533103886742738
 -1.9596112491106816
 -2.1676971257149211
 -2.3774864844971475
 -2.5888936876297417
 -2.8018291997563374
 -3.016199803690339
 -3.2319088249832868
 -3.4488563648220723
 -3.6669395406939289
 -3.8860527342394153
 -4.1060878456962966
 -4.3269345543213387
 -4.5484805841626406
 -4.7706119745422413
 -4.9932133545973683
 -5.216168221218954
 -5.4393592197178346
 -5.6626684265424663
 -5.8859776333670979
 -6.1091686318659777
 -6.3321234984875634
 -6.5547248785426904
 -6.7768562689222902
 -6.998402298763593
 -7.219249007388636
 -7.439284118845519
 -7.6583973123910072
 -7.8764804882628647
 -8.0934280281016502
 -8.3091370493945984
 -8.5235076533286005
 -8.7364431654551975
 -8.9478503685877904
 -9.1576397273700163
 -9.3657256039742567
 -9.5720264644106656
 -9.7764650749496944
 -9.9789686881849118
 -10.179469218287878
 -10.377903405032868
 -10.574212966196296
 -10.768344737963696
 -10.960250803006012
 -11.149888605916637
 -11.337221055731112
 -11.522216615282515
 -11.704849377177256
 -11.885099126208251
 -12.062951388055138
 -12.238397464154174


# name: x
# type: range
# base, limit, increment
0 1 0.015625


# name: exata
# type: matrix
# rows: 65
# columns: 1
 1
 0.99879545620517241
 0.99518472667219693
 0.98917650996478101
 0.98078528040323043
 0.97003125319454397
 0.95694033573220882
 0.94154406518302081
 0.92387953251128674
 0.90398929312344334
 0.88192126434835505
 0.85772861000027212
 0.83146961230254524
 0.80320753148064494
 0.77301045336273699
 0.74095112535495911
 0.70710678118654757
 0.67155895484701833
 0.63439328416364549
 0.59569930449243347
 0.55557023301960229
 0.51410274419322166
 0.47139673682599781
 0.4275550934302822
 0.38268343236508984
 0.33688985339222005
 0.29028467725446233
 0.24298017990326398
 0.19509032201612833
 0.14673047445536175
 0.09801714032956077
 0.049067674327418126
 6.123233995736766e-17
 -0.049067674327418008
 -0.098017140329560645
 -0.14673047445536164
 -0.19509032201612819
 -0.24298017990326387
 -0.29028467725446216
 -0.33688985339221994
 -0.38268343236508973
 -0.42755509343028186
 -0.4713967368259977
 -0.51410274419322166
 -0.55557023301960196
 -0.59569930449243336
 -0.63439328416364538
 -0.67155895484701844
 -0.70710678118654746
 -0.74095112535495888
 -0.77301045336273699
 -0.80320753148064483
 -0.83146961230254535
 -0.85772861000027201
 -0.88192126434835494
 -0.90398929312344334
 -0.92387953251128674
 -0.9415440651830207
 -0.95694033573220882
 -0.97003125319454397
 -0.98078528040323043
 -0.98917650996478101
 -0.99518472667219682
 -0.99879545620517241
 -1


