# Created by Octave 6.2.0, Mon Aug 30 21:09:57 2021 -03 <kuroneko@kuroneko-VirtualBox>
# name: alfa
# type: scalar
-1


# name: beta
# type: scalar
1


# name: h
# type: scalar
0.00390625


# name: xl
# type: matrix
# rows: 257
# columns: 1
 0
 0.00390625
 0.0078125
 0.01171875
 0.015625
 0.01953125
 0.0234375
 0.02734375
 0.03125
 0.03515625
 0.0390625
 0.04296875
 0.046875
 0.05078125
 0.0546875
 0.05859375
 0.0625
 0.06640625
 0.0703125
 0.07421875
 0.078125
 0.08203125
 0.0859375
 0.08984375
 0.09375
 0.09765625
 0.1015625
 0.10546875
 0.109375
 0.11328125
 0.1171875
 0.12109375
 0.125
 0.12890625
 0.1328125
 0.13671875
 0.140625
 0.14453125
 0.1484375
 0.15234375
 0.15625
 0.16015625
 0.1640625
 0.16796875
 0.171875
 0.17578125
 0.1796875
 0.18359375
 0.1875
 0.19140625
 0.1953125
 0.19921875
 0.203125
 0.20703125
 0.2109375
 0.21484375
 0.21875
 0.22265625
 0.2265625
 0.23046875
 0.234375
 0.23828125
 0.2421875
 0.24609375
 0.25
 0.25390625
 0.2578125
 0.26171875
 0.265625
 0.26953125
 0.2734375
 0.27734375
 0.28125
 0.28515625
 0.2890625
 0.29296875
 0.296875
 0.30078125
 0.3046875
 0.30859375
 0.3125
 0.31640625
 0.3203125
 0.32421875
 0.328125
 0.33203125
 0.3359375
 0.33984375
 0.34375
 0.34765625
 0.3515625
 0.35546875
 0.359375
 0.36328125
 0.3671875
 0.37109375
 0.375
 0.37890625
 0.3828125
 0.38671875
 0.390625
 0.39453125
 0.3984375
 0.40234375
 0.40625
 0.41015625
 0.4140625
 0.41796875
 0.421875
 0.42578125
 0.4296875
 0.43359375
 0.4375
 0.44140625
 0.4453125
 0.44921875
 0.453125
 0.45703125
 0.4609375
 0.46484375
 0.46875
 0.47265625
 0.4765625
 0.48046875
 0.484375
 0.48828125
 0.4921875
 0.49609375
 0.5
 0.50390625
 0.5078125
 0.51171875
 0.515625
 0.51953125
 0.5234375
 0.52734375
 0.53125
 0.53515625
 0.5390625
 0.54296875
 0.546875
 0.55078125
 0.5546875
 0.55859375
 0.5625
 0.56640625
 0.5703125
 0.57421875
 0.578125
 0.58203125
 0.5859375
 0.58984375
 0.59375
 0.59765625
 0.6015625
 0.60546875
 0.609375
 0.61328125
 0.6171875
 0.62109375
 0.625
 0.62890625
 0.6328125
 0.63671875
 0.640625
 0.64453125
 0.6484375
 0.65234375
 0.65625
 0.66015625
 0.6640625
 0.66796875
 0.671875
 0.67578125
 0.6796875
 0.68359375
 0.6875
 0.69140625
 0.6953125
 0.69921875
 0.703125
 0.70703125
 0.7109375
 0.71484375
 0.71875
 0.72265625
 0.7265625
 0.73046875
 0.734375
 0.73828125
 0.7421875
 0.74609375
 0.75
 0.75390625
 0.7578125
 0.76171875
 0.765625
 0.76953125
 0.7734375
 0.77734375
 0.78125
 0.78515625
 0.7890625
 0.79296875
 0.796875
 0.80078125
 0.8046875
 0.80859375
 0.8125
 0.81640625
 0.8203125
 0.82421875
 0.828125
 0.83203125
 0.8359375
 0.83984375
 0.84375
 0.84765625
 0.8515625
 0.85546875
 0.859375
 0.86328125
 0.8671875
 0.87109375
 0.875
 0.87890625
 0.8828125
 0.88671875
 0.890625
 0.89453125
 0.8984375
 0.90234375
 0.90625
 0.91015625
 0.9140625
 0.91796875
 0.921875
 0.92578125
 0.9296875
 0.93359375
 0.9375
 0.94140625
 0.9453125
 0.94921875
 0.953125
 0.95703125
 0.9609375
 0.96484375
 0.96875
 0.97265625
 0.9765625
 0.98046875
 0.984375
 0.98828125
 0.9921875
 0.99609375
 1


# name: u
# type: matrix
# rows: 257
# columns: 1
 1.0010561066815749
 1.0005171888580897
 0.99982768605251715
 0.99898763228202803
 0.99799708423621403
 0.99685612126855161
 0.995564845384451
 0.99412338122589472
 0.99253187605266713
 0.99079049972017774
 0.98889944465388091
 0.98685892582029755
 0.9846691806946426
 0.98233046922506173
 0.97984307379348412
 0.97720729917309646
 0.97442347248244565
 0.97149194313617548
 0.96841308279240668
 0.96518728529676623
 0.96181496662307575
 0.95829656481070713
 0.95463253989861596
 0.95082337385606064
 0.94686957051001996
 0.94277165546931896
 0.93853017604547362
 0.93414570117026785
 0.92961882131007478
 0.92495014837693401
 0.92014031563640075
 0.91518997761217813
 0.9100998099875478
 0.90487050950361492
 0.89950279385438181
 0.89399740157866525
 0.88835509194887574
 0.88257664485667375
 0.87666286069552046
 0.87061456024014205
 0.86443258452292404
 0.85811779470725436
 0.85167107195783587
 0.84509331730798609
 0.83838545152394417
 0.83154841496620802
 0.82458316744791893
 0.81749068809031689
 0.81027197517528915
 0.80292804599503231
 0.79545993669885195
 0.78786870213712235
 0.78015541570242986
 0.77232116916792404
 0.76436707252290037
 0.75629425380564042
 0.74810385893353293
 0.73979705153050312
 0.73137501275177519
 0.72283894110599478
 0.71419005227473742
 0.70542957892943225
 0.69655877054572579
 0.68757889321531529
 0.67849122945528029
 0.66929707801494009
 0.65999775368026703
 0.65059458707588425
 0.64108892446467913
 0.63148212754506039
 0.62177557324589172
 0.61197065351913116
 0.6020687751302084
 0.59207135944617106
 0.58197984222163168
 0.57179567338254911
 0.5615203168078744
 0.55115525010909594
 0.54070196440771701
 0.53016196411069805
 0.51953676668389892
 0.50882790242355369
 0.4980369142258137
 0.48716535735439342
 0.47621479920635301
 0.46518681907605436
 0.45408300791732509
 0.44290496810386698
 0.43165431318794384
 0.42033266765738697
 0.40894166669095322
 0.39748295591207289
 0.38595819114102498
 0.37436903814557665
 0.36271717239012491
 0.35100427878337775
 0.3392320514246131
 0.32740219334855375
 0.31551641626889632
 0.30357644032053388
 0.29158399380050959
 0.27954081290774196
 0.26744864148155917
 0.25530923073908368
 0.24312433901150515
 0.23089573147928238
 0.21862517990631347
 0.20631446237311485
 0.19396536300904874
 0.18157967172363995
 0.16915918393702209
 0.15670570030955375
 0.14422102647064589
 0.13170697274684054
 0.11916535388918235
 0.1065979887999237
 0.094006700258604775
 0.081393314647549619
 0.068759661676819711
 0.056107574108666368
 0.043438887481523442
 0.030755439833582032
 0.01805907142598866
 0.0053516244657087295
 -0.0073650571719030616
 -0.020089128220783587
 -0.032818742302051562
 -0.045552052202065409
 -0.058287210150606852
 -0.071022368099148289
 -0.083755677999162143
 -0.096485292080430121
 -0.10920936312931064
 -0.12192604476692241
 -0.13463349172720235
 -0.14732986013479571
 -0.16001330778273712
 -0.17268199440988005
 -0.18533408197803342
 -0.19796773494876332
 -0.21058112055981848
 -0.22317240910113745
 -0.2357397741903961
 -0.24828139304805427
 -0.26079544677185956
 -0.2732801206107674
 -0.28573360423823574
 -0.2981540920248536
 -0.31053978331026239
 -0.32288888267432847
 -0.33519960020752709
 -0.34747015178049595
 -0.35969875931271872
 -0.37188365104029719
 -0.38402306178277257
 -0.39611523320895531
 -0.40815841410172299
 -0.42015086062174728
 -0.43209083657010988
 -0.44397661364976737
 -0.45580647172582678
 -0.46757869908459138
 -0.47929159269133847
 -0.49094345844679016
 -0.50253261144223849
 -0.5140573762132864
 -0.52551608699216679
 -0.53690708795860054
 -0.54822873348915735
 -0.55947938840508038
 -0.57065742821853849
 -0.58176123937726776
 -0.59278921950756647
 -0.60373977765560694
 -0.61461133452702732
 -0.62540232272476726
 -0.6361111869851126
 -0.64673638441191172
 -0.65727638470893079
 -0.66772967041030973
 -0.67809473710908841
 -0.68837009368376334
 -0.69855426252284603
 -0.70864577974738541
 -0.71864319543142285
 -0.72854507382034583
 -0.73834999354710651
 -0.7480565478462754
 -0.75766334476589436
 -0.7671690073770997
 -0.77657217398148271
 -0.7858714983161561
 -0.79506564975649663
 -0.80415331351653185
 -0.81313319084694269
 -0.82200399923064948
 -0.83076447257595498
 -0.83941336140721279
 -0.84794943305299397
 -0.85637147183172257
 -0.86467827923475316
 -0.87286867410686131
 -0.88094149282412182
 -0.88889558946914593
 -0.89672983600365241
 -0.90444312243834546
 -0.91203435700007573
 -0.91950246629625676
 -0.92684639547651426
 -0.93406510839154255
 -0.94115758774914504
 -0.94812283526743446
 -0.95495987182517061
 -0.96166773760921254
 -0.96824549225906242
 -0.97469221500848069
 -0.98100700482415004
 -0.98718898054136783
 -0.99323728099674602
 -0.99915106515789931
 -1.0049295122501014
 -1.0105718218798909
 -1.0160772141556076
 -1.0214449298048409
 -1.0266742302887739
 -1.0317643979134046
 -1.0367147359376274
 -1.0415245686781607
