# Created by Octave 6.2.0, Mon Aug 30 21:15:33 2021 -03 <kuroneko@kuroneko-VirtualBox>
# name: alfa
# type: scalar
-1


# name: beta
# type: scalar
100


# name: h
# type: scalar
0.00390625


# name: xl
# type: matrix
# rows: 257
# columns: 1
 0
 0.00390625
 0.0078125
 0.01171875
 0.015625
 0.01953125
 0.0234375
 0.02734375
 0.03125
 0.03515625
 0.0390625
 0.04296875
 0.046875
 0.05078125
 0.0546875
 0.05859375
 0.0625
 0.06640625
 0.0703125
 0.07421875
 0.078125
 0.08203125
 0.0859375
 0.08984375
 0.09375
 0.09765625
 0.1015625
 0.10546875
 0.109375
 0.11328125
 0.1171875
 0.12109375
 0.125
 0.12890625
 0.1328125
 0.13671875
 0.140625
 0.14453125
 0.1484375
 0.15234375
 0.15625
 0.16015625
 0.1640625
 0.16796875
 0.171875
 0.17578125
 0.1796875
 0.18359375
 0.1875
 0.19140625
 0.1953125
 0.19921875
 0.203125
 0.20703125
 0.2109375
 0.21484375
 0.21875
 0.22265625
 0.2265625
 0.23046875
 0.234375
 0.23828125
 0.2421875
 0.24609375
 0.25
 0.25390625
 0.2578125
 0.26171875
 0.265625
 0.26953125
 0.2734375
 0.27734375
 0.28125
 0.28515625
 0.2890625
 0.29296875
 0.296875
 0.30078125
 0.3046875
 0.30859375
 0.3125
 0.31640625
 0.3203125
 0.32421875
 0.328125
 0.33203125
 0.3359375
 0.33984375
 0.34375
 0.34765625
 0.3515625
 0.35546875
 0.359375
 0.36328125
 0.3671875
 0.37109375
 0.375
 0.37890625
 0.3828125
 0.38671875
 0.390625
 0.39453125
 0.3984375
 0.40234375
 0.40625
 0.41015625
 0.4140625
 0.41796875
 0.421875
 0.42578125
 0.4296875
 0.43359375
 0.4375
 0.44140625
 0.4453125
 0.44921875
 0.453125
 0.45703125
 0.4609375
 0.46484375
 0.46875
 0.47265625
 0.4765625
 0.48046875
 0.484375
 0.48828125
 0.4921875
 0.49609375
 0.5
 0.50390625
 0.5078125
 0.51171875
 0.515625
 0.51953125
 0.5234375
 0.52734375
 0.53125
 0.53515625
 0.5390625
 0.54296875
 0.546875
 0.55078125
 0.5546875
 0.55859375
 0.5625
 0.56640625
 0.5703125
 0.57421875
 0.578125
 0.58203125
 0.5859375
 0.58984375
 0.59375
 0.59765625
 0.6015625
 0.60546875
 0.609375
 0.61328125
 0.6171875
 0.62109375
 0.625
 0.62890625
 0.6328125
 0.63671875
 0.640625
 0.64453125
 0.6484375
 0.65234375
 0.65625
 0.66015625
 0.6640625
 0.66796875
 0.671875
 0.67578125
 0.6796875
 0.68359375
 0.6875
 0.69140625
 0.6953125
 0.69921875
 0.703125
 0.70703125
 0.7109375
 0.71484375
 0.71875
 0.72265625
 0.7265625
 0.73046875
 0.734375
 0.73828125
 0.7421875
 0.74609375
 0.75
 0.75390625
 0.7578125
 0.76171875
 0.765625
 0.76953125
 0.7734375
 0.77734375
 0.78125
 0.78515625
 0.7890625
 0.79296875
 0.796875
 0.80078125
 0.8046875
 0.80859375
 0.8125
 0.81640625
 0.8203125
 0.82421875
 0.828125
 0.83203125
 0.8359375
 0.83984375
 0.84375
 0.84765625
 0.8515625
 0.85546875
 0.859375
 0.86328125
 0.8671875
 0.87109375
 0.875
 0.87890625
 0.8828125
 0.88671875
 0.890625
 0.89453125
 0.8984375
 0.90234375
 0.90625
 0.91015625
 0.9140625
 0.91796875
 0.921875
 0.92578125
 0.9296875
 0.93359375
 0.9375
 0.94140625
 0.9453125
 0.94921875
 0.953125
 0.95703125
 0.9609375
 0.96484375
 0.96875
 0.97265625
 0.9765625
 0.98046875
 0.984375
 0.98828125
 0.9921875
 0.99609375
 1


# name: u
# type: matrix
# rows: 257
# columns: 1
 1.0743664530824879
 1.0738841234068592
 1.0732512087491433
 1.0724677431265106
 1.0715337832285532
 1.0704494084087472
 1.0692147206725033
 1.0678298446618038
 1.0662949276364329
 1.0646101394517997
 1.0627756725333593
 1.0607917418476325
 1.058658584869834
 1.0563764615481099
 1.053945654264389
 1.0513664677918577
 1.0486392292490632
 1.0457642880506492
 1.0427420158547367
 1.0395728065069525
 1.036257075981118
 1.0327952623166055
 1.0291878255523703
 1.0254352476576714
 1.0215380324594872
 1.0174967055666424
 1.0133118142906534
 1.0089839275633037
 1.0045136358509668
 0.99990155106568224
 0.99514830647300501
 0.99025455659663864
 0.98522097711986456
 0.98004826478378781
 0.97473713728241107
 0.96928833315455099
 0.96370261167261795
 0.95798075272827243
 0.95212355671497584
 0.94613184440745435
 0.94000645683809314
 0.93374825517028048
 0.92735812056871891
 0.92083695406672572
 0.91418567643054038
 0.90740522802066081
 0.90049656865022809
 0.89346067744048241
 0.88629855267331081
 0.87901121164091023
 0.87159969049258634
 0.8640650440787131
 0.85640834579187708
 0.84863068740522751
 0.84073317890806032
 0.83271694833865673
 0.8245831416144056
 0.81633292235923194
 0.80796747172836014
 0.79948798823043565
 0.79089568754703443
 0.78219180234958541
 0.77337758211373497
 0.76445429293118039
 0.75542321731900119
 0.74628565402651681
 0.73704291783969944
 0.72769633938317246
 0.71824726491982327
 0.70869705614806033
 0.69904708999674747
 0.68929875841784283
 0.67945346817677599
 0.66951264064059457
 0.65947771156391133
 0.64935013087268489
 0.63913136244586621
 0.62882288389494378
 0.61842618634142088
 0.60794277419225795
 0.59737416491331485
 0.58672188880082554
 0.57598748875094152
 0.56517252002737706
 0.55427855002719251
 0.54330715804474972
 0.53225993503387625
 0.52113848336827395
 0.50994441660020662
 0.49867935921750567
 0.48734494639892778
 0.47594282376790326
 0.46447464714471115
 0.45294208229711863
 0.44134680468952264
 0.42969049923063124
 0.41797486001972234
 0.40620159009151863
 0.39437240115971689
 0.38248901335921009
 0.37055315498704161
 0.35856656224212963
 0.34653097896380264
 0.33444815636918301
 0.32231985278946035
 0.31014783340509344
 0.29793386997998045
 0.28567974059463774
 0.27338722937842758
 0.26105812624087477
 0.24869422660211288
 0.23629733112250056
 0.2238692454314487
 0.21141177985549936
 0.19892674914569716
 0.18641597220429457
 0.17388127181083171
 0.16132447434763261
 0.14874740952475873
 0.13615191010446143
 0.12353981162517455
 0.11091295212508921
 0.098273171865351922
 0.085622313052928084
 0.072962219563172379
 0.060294736662147928
 0.047621710728736041
 0.03494498897657828
 0.022266419175892928
 0.0095878493752075741
 -0.0030888723769501858
 -0.015761898310362069
 -0.028429381211386506
 -0.041089474701142208
 -0.053740333513566052
 -0.066380113773303343
 -0.079006973273388667
 -0.091619071752675502
 -0.10421457117297277
 -0.1167916359958466
 -0.1293484334590457
 -0.14188313385250859
 -0.15439391079391115
 -0.16687894150371324
 -0.17933640707966247
 -0.1917644927707142
 -0.20416138825032637
 -0.21652528788908806
 -0.22885439102664065
 -0.24114690224285057
 -0.253401031628193
 -0.26561499505330566
 -0.27778701443767223
 -0.28991531801739456
 -0.30199814061201385
 -0.31403372389034051
 -0.32602031663525205
 -0.3379561750074202
 -0.34983956280792661
 -0.36166875173972801
 -0.37344202166793133
 -0.3851576608788399
 -0.39681396633773097
 -0.40840924394532663
 -0.41994180879291892
 -0.43140998541611086
 -0.44281210804713517
 -0.45414652086571278
 -0.46541157824841356
 -0.47660564501648073
 -0.48772709668208303
 -0.49877431969295632
 -0.50974571167539906
 -0.52063968167558361
 -0.53145465039914808
 -0.54218905044903198
 -0.55284132656152118
 -0.56340993584046428
 -0.5738933479896271
 -0.58429004554315001
 -0.59459852409407243
 -0.60481729252089123
 -0.61494487321211788
 -0.62497980228880134
 -0.63492062982498287
 -0.64476592006604971
 -0.65451425164495447
 -0.66416421779626722
 -0.67371442656803004
 -0.68316350103137924
 -0.69251007948790622
 -0.70175281567472347
 -0.71089037896720797
 -0.71992145457938705
 -0.72884474376194164
 -0.73765896399779218
 -0.74636284919524132
 -0.75495514987864276
 -0.76343463337656736
 -0.77180008400743949
 -0.78005030326261338
 -0.78818410998686506
 -0.79620034055626898
 -0.80409784905343651
 -0.81187550744008619
 -0.81953220572692242
 -0.82706685214079578
 -0.83447837328911989
 -0.84176571432152048
 -0.84892783908869196
 -0.85596373029843753
 -0.86287238966887014
 -0.8696528380787496
 -0.87630411571493483
 -0.88282528221692802
 -0.88921541681848959
 -0.89547361848630236
 -0.90159900605566357
 -0.90759071836318528
 -0.91344791437648187
 -0.91916977332082739
 -0.92475549480276031
 -0.9302042989306204
 -0.93551542643199703
 -0.94068813876807345
 -0.94572171824484752
 -0.950615468121214
 -0.9553687127138909
 -0.95998079749917531
