# Created by Octave 6.2.0, Mon Aug 30 21:15:33 2021 -03 <kuroneko@kuroneko-VirtualBox>
# name: alfa
# type: scalar
-1


# name: beta
# type: scalar
100


# name: h
# type: scalar
0.0625


# name: xl
# type: matrix
# rows: 17
# columns: 1
 0
 0.0625
 0.125
 0.1875
 0.25
 0.3125
 0.375
 0.4375
 0.5
 0.5625
 0.625
 0.6875
 0.75
 0.8125
 0.875
 0.9375
 1


# name: u
# type: matrix
# rows: 17
# columns: 1
 1.4906721032122345
 1.3611135319233001
 1.1938638933556478
 0.99111004574950257
 0.75640325418744847
 0.49452271746887799
 0.21129190618033672
 -0.086645230013277869
 -0.3920795856283682
 -0.69751394124345856
 -0.99545107743707317
 -1.2786818887256146
 -1.5405624254441854
 -1.7752692170062396
 -1.9780230646123851
 -2.1452727031800376
 -2.2748312744689718


# name: x
# type: range
# base, limit, increment
0 1 0.0625


# name: exata
# type: matrix
# rows: 17
# columns: 1
 1
 0.98078528040323043
 0.92387953251128674
 0.83146961230254524
 0.70710678118654757
 0.55557023301960229
 0.38268343236508984
 0.19509032201612833
 6.123233995736766e-17
 -0.19509032201612819
 -0.38268343236508973
 -0.55557023301960196
 -0.70710678118654746
 -0.83146961230254535
 -0.92387953251128674
 -0.98078528040323043
 -1


