# Created by Octave 6.2.0, Mon Aug 30 21:10:06 2021 -03 <kuroneko@kuroneko-VirtualBox>
# name: alfa
# type: scalar
0


# name: beta
# type: scalar
0


# name: h
# type: scalar
0.015625


# name: xl
# type: matrix
# rows: 65
# columns: 1
 0
 0.015625
 0.03125
 0.046875
 0.0625
 0.078125
 0.09375
 0.109375
 0.125
 0.140625
 0.15625
 0.171875
 0.1875
 0.203125
 0.21875
 0.234375
 0.25
 0.265625
 0.28125
 0.296875
 0.3125
 0.328125
 0.34375
 0.359375
 0.375
 0.390625
 0.40625
 0.421875
 0.4375
 0.453125
 0.46875
 0.484375
 0.5
 0.515625
 0.53125
 0.546875
 0.5625
 0.578125
 0.59375
 0.609375
 0.625
 0.640625
 0.65625
 0.671875
 0.6875
 0.703125
 0.71875
 0.734375
 0.75
 0.765625
 0.78125
 0.796875
 0.8125
 0.828125
 0.84375
 0.859375
 0.875
 0.890625
 0.90625
 0.921875
 0.9375
 0.953125
 0.96875
 0.984375
 1


# name: u
# type: matrix
# rows: 65
# columns: 1
 -0.032398081416400062
 -0.0012045437996849088
 0.027582808069179447
 0.053972672753935573
 0.077979524574947626
 0.099623578739295823
 0.11893074264057188
 0.13593255344569866
 0.15066610211913278
 0.16317394406748237
 0.1735039966198052
 0.18170942359056588
 0.1878485072033502
 0.19198450768388359
 0.19418551086060651
 0.19452426413995
 0.19307800125146177
 0.18992825618498671
 0.18516066676814397
 0.17886476835729909
 0.17113377813904826
 0.16206437056185091
 0.15175644443881572
 0.14031288228270963
 0.12783930245297329
 0.1144438047118419
 0.1002367098025498
 0.085330293676996904
 0.069838517013146417
 0.053876750673769791
 0.037561497767933126
 0.021010112984802827
 0.004340519875920424
 -0.012329073232961976
 -0.028880458016092278
 -0.045195710921928943
 -0.061157477261305548
 -0.076649253925156036
 -0.091555670050708929
 -0.105762764960001
 -0.11915826270113239
 -0.13163184253086876
 -0.14307540468697483
 -0.15338333081001002
 -0.16245273838720731
 -0.17018372860545811
 -0.17647962701630296
 -0.18124721643314565
 -0.18439696149962065
 -0.18584322438810877
 -0.18550447110876517
 -0.18330346793204216
 -0.17916746745150872
 -0.17302838383872438
 -0.16482295686796369
 -0.15449290431564083
 -0.14198506236729114
 -0.12725151369385693
 -0.11024970288873009
 -0.090942538987453983
 -0.069298484823105702
 -0.045291633002093573
 -0.018901768317337357
 0.009885583551527093
 0.04107912116824234


# name: x
# type: range
# base, limit, increment
0 1 0.015625


# name: exata
# type: matrix
# rows: 65
# columns: 1
 1
 0.99879545620517241
 0.99518472667219693
 0.98917650996478101
 0.98078528040323043
 0.97003125319454397
 0.95694033573220882
 0.94154406518302081
 0.92387953251128674
 0.90398929312344334
 0.88192126434835505
 0.85772861000027212
 0.83146961230254524
 0.80320753148064494
 0.77301045336273699
 0.74095112535495911
 0.70710678118654757
 0.67155895484701833
 0.63439328416364549
 0.59569930449243347
 0.55557023301960229
 0.51410274419322166
 0.47139673682599781
 0.4275550934302822
 0.38268343236508984
 0.33688985339222005
 0.29028467725446233
 0.24298017990326398
 0.19509032201612833
 0.14673047445536175
 0.09801714032956077
 0.049067674327418126
 6.123233995736766e-17
 -0.049067674327418008
 -0.098017140329560645
 -0.14673047445536164
 -0.19509032201612819
 -0.24298017990326387
 -0.29028467725446216
 -0.33688985339221994
 -0.38268343236508973
 -0.42755509343028186
 -0.4713967368259977
 -0.51410274419322166
 -0.55557023301960196
 -0.59569930449243336
 -0.63439328416364538
 -0.67155895484701844
 -0.70710678118654746
 -0.74095112535495888
 -0.77301045336273699
 -0.80320753148064483
 -0.83146961230254535
 -0.85772861000027201
 -0.88192126434835494
 -0.90398929312344334
 -0.92387953251128674
 -0.9415440651830207
 -0.95694033573220882
 -0.97003125319454397
 -0.98078528040323043
 -0.98917650996478101
 -0.99518472667219682
 -0.99879545620517241
 -1


