# Created by Octave 6.2.0, Mon Aug 30 21:09:57 2021 -03 <kuroneko@kuroneko-VirtualBox>
# name: alfa
# type: scalar
-1


# name: beta
# type: scalar
1


# name: h
# type: scalar
0.015625


# name: xl
# type: matrix
# rows: 65
# columns: 1
 0
 0.015625
 0.03125
 0.046875
 0.0625
 0.078125
 0.09375
 0.109375
 0.125
 0.140625
 0.15625
 0.171875
 0.1875
 0.203125
 0.21875
 0.234375
 0.25
 0.265625
 0.28125
 0.296875
 0.3125
 0.328125
 0.34375
 0.359375
 0.375
 0.390625
 0.40625
 0.421875
 0.4375
 0.453125
 0.46875
 0.484375
 0.5
 0.515625
 0.53125
 0.546875
 0.5625
 0.578125
 0.59375
 0.609375
 0.625
 0.640625
 0.65625
 0.671875
 0.6875
 0.703125
 0.71875
 0.734375
 0.75
 0.765625
 0.78125
 0.796875
 0.8125
 0.828125
 0.84375
 0.859375
 0.875
 0.890625
 0.90625
 0.921875
 0.9375
 0.953125
 0.96875
 0.984375
 1


# name: u
# type: matrix
# rows: 65
# columns: 1
 1.0042228513391498
 1.0011384121494931
 0.99564778721198532
 0.98775967509036944
 0.97748855010500968
 0.96485462746298567
 0.94988381455788962
 0.93260764855664435
 0.91306322042370636
 0.89129308556568398
 0.86734516131163464
 0.84127261147602328
 0.81313371828243552
 0.78299174195659693
 0.75091476832694781
 0.71697554479991921
 0.68125130510505894
 0.64382358323221167
 0.60477801700899658
 0.56420414179177947
 0.52219517476715627
 0.47884779038358655
 0.43426188745417893
 0.38854034849170044
 0.34178879185559158
 0.29411531730808771
 0.24563024559242311
 0.19644585266049777
 0.1466760991902748
 0.096436356044525731
 0.04584312633231661
 -0.0049862352571861512
 -0.055933805172441009
 -0.10688137508769587
 -0.15771073667719862
 -0.20830396638940774
 -0.25854370953515676
 -0.30831346300537965
 -0.35749785593730493
 -0.40598292765296934
 -0.45365640220047304
 -0.50040795883658185
 -0.54612949779906028
 -0.59071540072846773
 -0.63406278511203751
 -0.67607175213666071
 -0.71664562735387782
 -0.75569119357709291
 -0.79311891544994029
 -0.828843155144801
 -0.86278237867182983
 -0.89485935230147928
 -0.92500132862731832
 -0.95314022182090641
 -0.97921277165651799
 -1.0031606959105674
 -1.02493083076859
 -1.044475258901528
 -1.0617514249027733
 -1.0767222378078694
 -1.0893561604498934
 -1.0996272854352536
 -1.1075153975568699
 -1.1130060224943781
 -1.1160904616840357


# name: x
# type: range
# base, limit, increment
0 1 0.015625


# name: exata
# type: matrix
# rows: 65
# columns: 1
 1
 0.99879545620517241
 0.99518472667219693
 0.98917650996478101
 0.98078528040323043
 0.97003125319454397
 0.95694033573220882
 0.94154406518302081
 0.92387953251128674
 0.90398929312344334
 0.88192126434835505
 0.85772861000027212
 0.83146961230254524
 0.80320753148064494
 0.77301045336273699
 0.74095112535495911
 0.70710678118654757
 0.67155895484701833
 0.63439328416364549
 0.59569930449243347
 0.55557023301960229
 0.51410274419322166
 0.47139673682599781
 0.4275550934302822
 0.38268343236508984
 0.33688985339222005
 0.29028467725446233
 0.24298017990326398
 0.19509032201612833
 0.14673047445536175
 0.09801714032956077
 0.049067674327418126
 6.123233995736766e-17
 -0.049067674327418008
 -0.098017140329560645
 -0.14673047445536164
 -0.19509032201612819
 -0.24298017990326387
 -0.29028467725446216
 -0.33688985339221994
 -0.38268343236508973
 -0.42755509343028186
 -0.4713967368259977
 -0.51410274419322166
 -0.55557023301960196
 -0.59569930449243336
 -0.63439328416364538
 -0.67155895484701844
 -0.70710678118654746
 -0.74095112535495888
 -0.77301045336273699
 -0.80320753148064483
 -0.83146961230254535
 -0.85772861000027201
 -0.88192126434835494
 -0.90398929312344334
 -0.92387953251128674
 -0.9415440651830207
 -0.95694033573220882
 -0.97003125319454397
 -0.98078528040323043
 -0.98917650996478101
 -0.99518472667219682
 -0.99879545620517241
 -1


