# Created by Octave 6.2.0, Mon Aug 30 21:10:00 2021 -03 <kuroneko@kuroneko-VirtualBox>
# name: alfa
# type: scalar
0


# name: beta
# type: scalar
1


# name: h
# type: scalar
0.015625


# name: xl
# type: matrix
# rows: 65
# columns: 1
 0
 0.015625
 0.03125
 0.046875
 0.0625
 0.078125
 0.09375
 0.109375
 0.125
 0.140625
 0.15625
 0.171875
 0.1875
 0.203125
 0.21875
 0.234375
 0.25
 0.265625
 0.28125
 0.296875
 0.3125
 0.328125
 0.34375
 0.359375
 0.375
 0.390625
 0.40625
 0.421875
 0.4375
 0.453125
 0.46875
 0.484375
 0.5
 0.515625
 0.53125
 0.546875
 0.5625
 0.578125
 0.59375
 0.609375
 0.625
 0.640625
 0.65625
 0.671875
 0.6875
 0.703125
 0.71875
 0.734375
 0.75
 0.765625
 0.78125
 0.796875
 0.8125
 0.828125
 0.84375
 0.859375
 0.875
 0.890625
 0.90625
 0.921875
 0.9375
 0.953125
 0.96875
 0.984375
 1


# name: u
# type: matrix
# rows: 65
# columns: 1
 -0.016699247402928514
 0.014571101746929856
 0.043435265148937426
 0.069901941366836765
 0.09398560472099203
 0.11570647041848343
 0.13509044585290267
 0.15216906819117265
 0.16697942839774998
 0.1795640818792428
 0.18997094596470887
 0.19825318446861279
 0.20446907961454031
 0.20868189162821696
 0.21095970633808311
 0.21137527115056987
 0.2100058197952249
 0.2069328862618931
 0.20224210837819356
 0.19602302150049189
 0.18836884281538421
 0.17937624677133002
 0.16914513218143792
 0.15777838155847493
 0.14538161326188162
 0.13206292705389328
 0.11793264367774418
 0.10310303908533434
 0.087688073954626897
 0.071803119148393338
 0.055564677775699713
 0.039090104525712432
 0.022497322949973055
 0.005904541374233678
 -0.010570031875753597
 -0.026808473248447238
 -0.042693428054680814
 -0.058108393185388275
 -0.072937997777798136
 -0.087068281153947186
 -0.10038696736193553
 -0.11278373565852887
 -0.1241504862814919
 -0.13438160087138401
 -0.14337419691543826
 -0.15102837560054597
 -0.15724746247824772
 -0.16193824036194734
 -0.16501117389527925
 -0.16638062525062433
 -0.16596506043813769
 -0.16368724572827167
 -0.15947443371459516
 -0.15325853856866775
 -0.144976300064764
 -0.13456943597929807
 -0.12198478249780541
 -0.10717442229122819
 -0.0900957999529583
 -0.070711824518539149
 -0.048990958821047863
 -0.024907295466892694
 0.0015593807510065447
 0.030423544153014015
 0.061693893302872282


# name: x
# type: range
# base, limit, increment
0 1 0.015625


# name: exata
# type: matrix
# rows: 65
# columns: 1
 1
 0.99879545620517241
 0.99518472667219693
 0.98917650996478101
 0.98078528040323043
 0.97003125319454397
 0.95694033573220882
 0.94154406518302081
 0.92387953251128674
 0.90398929312344334
 0.88192126434835505
 0.85772861000027212
 0.83146961230254524
 0.80320753148064494
 0.77301045336273699
 0.74095112535495911
 0.70710678118654757
 0.67155895484701833
 0.63439328416364549
 0.59569930449243347
 0.55557023301960229
 0.51410274419322166
 0.47139673682599781
 0.4275550934302822
 0.38268343236508984
 0.33688985339222005
 0.29028467725446233
 0.24298017990326398
 0.19509032201612833
 0.14673047445536175
 0.09801714032956077
 0.049067674327418126
 6.123233995736766e-17
 -0.049067674327418008
 -0.098017140329560645
 -0.14673047445536164
 -0.19509032201612819
 -0.24298017990326387
 -0.29028467725446216
 -0.33688985339221994
 -0.38268343236508973
 -0.42755509343028186
 -0.4713967368259977
 -0.51410274419322166
 -0.55557023301960196
 -0.59569930449243336
 -0.63439328416364538
 -0.67155895484701844
 -0.70710678118654746
 -0.74095112535495888
 -0.77301045336273699
 -0.80320753148064483
 -0.83146961230254535
 -0.85772861000027201
 -0.88192126434835494
 -0.90398929312344334
 -0.92387953251128674
 -0.9415440651830207
 -0.95694033573220882
 -0.97003125319454397
 -0.98078528040323043
 -0.98917650996478101
 -0.99518472667219682
 -0.99879545620517241
 -1


