# Created by Octave 6.2.0, Mon Aug 30 21:09:57 2021 -03 <kuroneko@kuroneko-VirtualBox>
# name: alfa
# type: scalar
-1


# name: beta
# type: scalar
1


# name: h
# type: scalar
0.0625


# name: xl
# type: matrix
# rows: 17
# columns: 1
 0
 0.0625
 0.125
 0.1875
 0.25
 0.3125
 0.375
 0.4375
 0.5
 0.5625
 0.625
 0.6875
 0.75
 0.8125
 0.875
 0.9375
 1


# name: u
# type: matrix
# rows: 17
# columns: 1
 1.0168690307930994
 0.98972312919530603
 0.92488616031879489
 0.8245449824037907
 0.69225086053287754
 0.532782993505448
 0.3519648519080476
 0.1564403854055739
 -0.046581300518375515
 -0.2496029864423249
 -0.44512745294479861
 -0.625945594542199
 -0.78541346156962855
 -0.91770758344054182
 -1.0180487613555462
 -1.0828857302320576
 -1.1100316318298511


# name: x
# type: range
# base, limit, increment
0 1 0.0625


# name: exata
# type: matrix
# rows: 17
# columns: 1
 1
 0.98078528040323043
 0.92387953251128674
 0.83146961230254524
 0.70710678118654757
 0.55557023301960229
 0.38268343236508984
 0.19509032201612833
 6.123233995736766e-17
 -0.19509032201612819
 -0.38268343236508973
 -0.55557023301960196
 -0.70710678118654746
 -0.83146961230254535
 -0.92387953251128674
 -0.98078528040323043
 -1


