# Created by Octave 6.2.0, Mon Aug 30 21:16:18 2021 -03 <kuroneko@kuroneko-VirtualBox>
# name: alfa
# type: scalar
0


# name: beta
# type: scalar
10


# name: h
# type: scalar
0.0625


# name: xl
# type: matrix
# rows: 17
# columns: 1
 0
 0.0625
 0.125
 0.1875
 0.25
 0.3125
 0.375
 0.4375
 0.5
 0.5625
 0.625
 0.6875
 0.75
 0.8125
 0.875
 0.9375
 1


# name: u
# type: matrix
# rows: 17
# columns: 1
 0.28865854173245487
 0.50162458129639342
 0.67689955358161402
 0.81667031682834146
 0.92448813611916014
 1.0051322102534623
 1.0644260098177936
 1.1090134844770514
 1.1461037397148335
 1.1831939949526156
 1.2277814696118734
 1.2870752691762044
 1.3677193433105064
 1.4755371626013247
 1.6153079258480518
 1.7905828981332721
 2.00354893769721


# name: x
# type: range
# base, limit, increment
0 1 0.0625


# name: exata
# type: matrix
# rows: 17
# columns: 1
 1
 0.98078528040323043
 0.92387953251128674
 0.83146961230254524
 0.70710678118654757
 0.55557023301960229
 0.38268343236508984
 0.19509032201612833
 6.123233995736766e-17
 -0.19509032201612819
 -0.38268343236508973
 -0.55557023301960196
 -0.70710678118654746
 -0.83146961230254535
 -0.92387953251128674
 -0.98078528040323043
 -1


