# Created by Octave 6.2.0, Mon Aug 30 21:16:13 2021 -03 <kuroneko@kuroneko-VirtualBox>
# name: alfa
# type: scalar
-1


# name: beta
# type: scalar
10


# name: h
# type: scalar
0.00390625


# name: xl
# type: matrix
# rows: 257
# columns: 1
 0
 0.00390625
 0.0078125
 0.01171875
 0.015625
 0.01953125
 0.0234375
 0.02734375
 0.03125
 0.03515625
 0.0390625
 0.04296875
 0.046875
 0.05078125
 0.0546875
 0.05859375
 0.0625
 0.06640625
 0.0703125
 0.07421875
 0.078125
 0.08203125
 0.0859375
 0.08984375
 0.09375
 0.09765625
 0.1015625
 0.10546875
 0.109375
 0.11328125
 0.1171875
 0.12109375
 0.125
 0.12890625
 0.1328125
 0.13671875
 0.140625
 0.14453125
 0.1484375
 0.15234375
 0.15625
 0.16015625
 0.1640625
 0.16796875
 0.171875
 0.17578125
 0.1796875
 0.18359375
 0.1875
 0.19140625
 0.1953125
 0.19921875
 0.203125
 0.20703125
 0.2109375
 0.21484375
 0.21875
 0.22265625
 0.2265625
 0.23046875
 0.234375
 0.23828125
 0.2421875
 0.24609375
 0.25
 0.25390625
 0.2578125
 0.26171875
 0.265625
 0.26953125
 0.2734375
 0.27734375
 0.28125
 0.28515625
 0.2890625
 0.29296875
 0.296875
 0.30078125
 0.3046875
 0.30859375
 0.3125
 0.31640625
 0.3203125
 0.32421875
 0.328125
 0.33203125
 0.3359375
 0.33984375
 0.34375
 0.34765625
 0.3515625
 0.35546875
 0.359375
 0.36328125
 0.3671875
 0.37109375
 0.375
 0.37890625
 0.3828125
 0.38671875
 0.390625
 0.39453125
 0.3984375
 0.40234375
 0.40625
 0.41015625
 0.4140625
 0.41796875
 0.421875
 0.42578125
 0.4296875
 0.43359375
 0.4375
 0.44140625
 0.4453125
 0.44921875
 0.453125
 0.45703125
 0.4609375
 0.46484375
 0.46875
 0.47265625
 0.4765625
 0.48046875
 0.484375
 0.48828125
 0.4921875
 0.49609375
 0.5
 0.50390625
 0.5078125
 0.51171875
 0.515625
 0.51953125
 0.5234375
 0.52734375
 0.53125
 0.53515625
 0.5390625
 0.54296875
 0.546875
 0.55078125
 0.5546875
 0.55859375
 0.5625
 0.56640625
 0.5703125
 0.57421875
 0.578125
 0.58203125
 0.5859375
 0.58984375
 0.59375
 0.59765625
 0.6015625
 0.60546875
 0.609375
 0.61328125
 0.6171875
 0.62109375
 0.625
 0.62890625
 0.6328125
 0.63671875
 0.640625
 0.64453125
 0.6484375
 0.65234375
 0.65625
 0.66015625
 0.6640625
 0.66796875
 0.671875
 0.67578125
 0.6796875
 0.68359375
 0.6875
 0.69140625
 0.6953125
 0.69921875
 0.703125
 0.70703125
 0.7109375
 0.71484375
 0.71875
 0.72265625
 0.7265625
 0.73046875
 0.734375
 0.73828125
 0.7421875
 0.74609375
 0.75
 0.75390625
 0.7578125
 0.76171875
 0.765625
 0.76953125
 0.7734375
 0.77734375
 0.78125
 0.78515625
 0.7890625
 0.79296875
 0.796875
 0.80078125
 0.8046875
 0.80859375
 0.8125
 0.81640625
 0.8203125
 0.82421875
 0.828125
 0.83203125
 0.8359375
 0.83984375
 0.84375
 0.84765625
 0.8515625
 0.85546875
 0.859375
 0.86328125
 0.8671875
 0.87109375
 0.875
 0.87890625
 0.8828125
 0.88671875
 0.890625
 0.89453125
 0.8984375
 0.90234375
 0.90625
 0.91015625
 0.9140625
 0.91796875
 0.921875
 0.92578125
 0.9296875
 0.93359375
 0.9375
 0.94140625
 0.9453125
 0.94921875
 0.953125
 0.95703125
 0.9609375
 0.96484375
 0.96875
 0.97265625
 0.9765625
 0.98046875
 0.984375
 0.98828125
 0.9921875
 0.99609375
 1


# name: u
# type: matrix
# rows: 257
# columns: 1
 1.008392588029108
 1.0078525930230262
 1.0071620130348569
 1.0063208820817711
 1.0053292568533605
 1.0041872167031014
 1.0028948636364043
 1.0014523222952516
 0.99985973993942767
 0.9981172864243415
 0.99622515417544799
 0.99418355815926807
 0.99199273585101666
 0.98965294719883956
 0.98716447458466561
 0.98452762278168171
 0.98174271890843445
 0.97881011237956794
 0.97573017485320268
 0.97250330017496567
 0.96912990431867863
 0.96561042532371366
 0.96194532322902582
 0.95813508000387393
 0.95418019947523691
 0.95008120725193967
 0.94583865064549799
 0.94145309858769599
 0.93692514154490647
 0.93225539142916947
 0.92744448150603997
 0.92249306629922101
 0.91740182149199434
 0.91217144382546522
 0.90680265099363599
 0.9012961815353232
 0.89565279472293735
 0.88987327044813902
 0.8839584091043895
 0.87790903146641519
 0.87172597856660128
 0.8654101115683358
 0.85896231163632164
 0.85238347980387585
 0.84567453683723814
 0.83883642309690609
 0.83187009839602089
 0.82477654185582272
 0.81755675175819875
 0.81021174539534568
 0.80274255891656909
 0.79515024717224325
 0.78743588355495464
 0.77960055983785259
 0.77164538601023291
 0.76357149011037673
 0.75538001805567279
 0.74707213347004653
 0.73864901750872214
 0.73011186868034494
 0.72146190266649102
 0.71270035213858918
 0.70382846657228593
 0.69484751205927864
 0.68575877111664674
 0.67656354249370976
 0.66726314097643979
 0.65785889718946033
 0.64835215739565843
 0.63874428329344302
 0.62903665181167756
 0.61923065490232032
 0.60932769933080078
 0.59932920646416654
 0.58923661205703048
 0.57905136603535112
 0.56877493227807951
 0.55840878839670405
 0.54795442551272822
 0.53741334803311247
 0.52678707342371656
 0.51607713198077443
 0.50528506660043759
 0.49441243254642037
 0.48346079721578306
 0.47243173990288762
 0.46132685156156161
 0.45014773456550672
 0.43889600246698685
 0.42757327975383336
 0.41618120160480299
 0.40472141364332598
 0.39319557168968133
 0.38160534151163633
 0.36995239857358797
 0.3582384277842442
 0.34646512324288287
 0.33463418798422678
 0.32274733372197267
 0.31080628059101351
 0.29881275688839265
 0.28676849881302835
 0.27467525020424893
 0.26253476227917683
 0.25034879336900179
 0.23811910865418243
 0.22584747989861698
 0.21353568518282182
 0.20118550863615914
 0.18879874016815379
 0.17637717519893933
 0.16392261438887445
 0.15143686336737006
 0.13892173246096817
 0.12637903642071344
 0.11381059414885826
 0.10121822842494277
 0.088603765631291048
 0.075969035477964589
 0.063315870727214688
 0.050646106917475203
 0.037961582086937243
 0.025264136496747323
 0.012555612353870845
 -0.00016214646633750044
 -0.012887294697814579
 -0.025617985961679107
 -0.038352373044289512
 -0.051088608175427506
 -0.063824843306565501
 -0.076559230389175906
 -0.089289921653040422
 -0.10201506988451749
 -0.11473282870472581
 -0.12744135284760227
 -0.14013879843779217
 -0.15282332326833012
 -0.16549308707806956
 -0.17814625182881941
 -0.19078098198214583
 -0.20339544477579749
 -0.21598781049971297
 -0.22855625277156816
 -0.24109894881182289
 -0.25361407971822475
 -0.26609983073972915
 -0.278554391549794
 -0.29097595651900843
 -0.30336272498701378
 -0.31571290153367654
 -0.32802469624947178
 -0.34029632500503726
 -0.35252600971985659
 -0.36471197863003163
 -0.37685246655510363
 -0.38894571516388299
 -0.40098997323924729
 -0.41298349694186809
 -0.42492455007282726
 -0.43681140433508137
 -0.44864233959373739
 -0.46041564413509856
 -0.47212961492444216
 -0.48378255786249041
 -0.49537278804053536
 -0.50689862999417989
 -0.51835841795565685
 -0.52975049610468716
 -0.54107321881784054
 -0.55232495091636047
 -0.56350406791241536
 -0.57460895625374131
 -0.58563801356663658
 -0.59658964889727373
 -0.60746228295129068
 -0.61825434833162718
 -0.62896428977456897
 -0.63959056438396455
 -0.65013164186357997
 -0.66058600474755547
 -0.6709521486289306
 -0.68122858238620188
 -0.69141382840788079
 -0.70150642281501652
 -0.71150491568165042
 -0.72140787125316963
 -0.73121386816252676
 -0.74092149964429199
 -0.7505293737465073
 -0.76003611354030898
 -0.76944035732728833
 -0.77874075884455818
 -0.78793598746749505
 -0.79702472841012684
 -0.8060056829231339
 -0.81487756848943704
 -0.82363911901733866
 -0.8322890850311927
 -0.84082623385956967
 -0.84924934982089417
 -0.85755723440652054
 -0.86574870646122459
 -0.873822602361081
 -0.88177777618870112
 -0.88961309990580351
 -0.89732746352309245
 -0.9049197752674184
 -0.91238896174619488
 -0.91973396810904784
 -0.92695375820667147
 -0.93404731474686931
 -0.94101363944775418
 -0.94785175318808612
 -0.95456069615472372
 -0.96113952798716917
 -0.96758732791918289
 -0.97390319491744781
 -0.98008624781726095
 -0.98613562545523459
 -0.99205048679898322
 -0.99783001107378055
 -1.0034733978861654
 -1.0089798673444772
 -1.0143486601763054
 -1.0195790378428333
 -1.0246702826500589
 -1.0296216978568768
 -1.0344326077800052
