# Created by Octave 6.2.0, Mon Aug 30 21:16:16 2021 -03 <kuroneko@kuroneko-VirtualBox>
# name: alfa
# type: scalar
1


# name: beta
# type: scalar
10


# name: h
# type: scalar
0.00390625


# name: xl
# type: matrix
# rows: 257
# columns: 1
 0
 0.00390625
 0.0078125
 0.01171875
 0.015625
 0.01953125
 0.0234375
 0.02734375
 0.03125
 0.03515625
 0.0390625
 0.04296875
 0.046875
 0.05078125
 0.0546875
 0.05859375
 0.0625
 0.06640625
 0.0703125
 0.07421875
 0.078125
 0.08203125
 0.0859375
 0.08984375
 0.09375
 0.09765625
 0.1015625
 0.10546875
 0.109375
 0.11328125
 0.1171875
 0.12109375
 0.125
 0.12890625
 0.1328125
 0.13671875
 0.140625
 0.14453125
 0.1484375
 0.15234375
 0.15625
 0.16015625
 0.1640625
 0.16796875
 0.171875
 0.17578125
 0.1796875
 0.18359375
 0.1875
 0.19140625
 0.1953125
 0.19921875
 0.203125
 0.20703125
 0.2109375
 0.21484375
 0.21875
 0.22265625
 0.2265625
 0.23046875
 0.234375
 0.23828125
 0.2421875
 0.24609375
 0.25
 0.25390625
 0.2578125
 0.26171875
 0.265625
 0.26953125
 0.2734375
 0.27734375
 0.28125
 0.28515625
 0.2890625
 0.29296875
 0.296875
 0.30078125
 0.3046875
 0.30859375
 0.3125
 0.31640625
 0.3203125
 0.32421875
 0.328125
 0.33203125
 0.3359375
 0.33984375
 0.34375
 0.34765625
 0.3515625
 0.35546875
 0.359375
 0.36328125
 0.3671875
 0.37109375
 0.375
 0.37890625
 0.3828125
 0.38671875
 0.390625
 0.39453125
 0.3984375
 0.40234375
 0.40625
 0.41015625
 0.4140625
 0.41796875
 0.421875
 0.42578125
 0.4296875
 0.43359375
 0.4375
 0.44140625
 0.4453125
 0.44921875
 0.453125
 0.45703125
 0.4609375
 0.46484375
 0.46875
 0.47265625
 0.4765625
 0.48046875
 0.484375
 0.48828125
 0.4921875
 0.49609375
 0.5
 0.50390625
 0.5078125
 0.51171875
 0.515625
 0.51953125
 0.5234375
 0.52734375
 0.53125
 0.53515625
 0.5390625
 0.54296875
 0.546875
 0.55078125
 0.5546875
 0.55859375
 0.5625
 0.56640625
 0.5703125
 0.57421875
 0.578125
 0.58203125
 0.5859375
 0.58984375
 0.59375
 0.59765625
 0.6015625
 0.60546875
 0.609375
 0.61328125
 0.6171875
 0.62109375
 0.625
 0.62890625
 0.6328125
 0.63671875
 0.640625
 0.64453125
 0.6484375
 0.65234375
 0.65625
 0.66015625
 0.6640625
 0.66796875
 0.671875
 0.67578125
 0.6796875
 0.68359375
 0.6875
 0.69140625
 0.6953125
 0.69921875
 0.703125
 0.70703125
 0.7109375
 0.71484375
 0.71875
 0.72265625
 0.7265625
 0.73046875
 0.734375
 0.73828125
 0.7421875
 0.74609375
 0.75
 0.75390625
 0.7578125
 0.76171875
 0.765625
 0.76953125
 0.7734375
 0.77734375
 0.78125
 0.78515625
 0.7890625
 0.79296875
 0.796875
 0.80078125
 0.8046875
 0.80859375
 0.8125
 0.81640625
 0.8203125
 0.82421875
 0.828125
 0.83203125
 0.8359375
 0.83984375
 0.84375
 0.84765625
 0.8515625
 0.85546875
 0.859375
 0.86328125
 0.8671875
 0.87109375
 0.875
 0.87890625
 0.8828125
 0.88671875
 0.890625
 0.89453125
 0.8984375
 0.90234375
 0.90625
 0.91015625
 0.9140625
 0.91796875
 0.921875
 0.92578125
 0.9296875
 0.93359375
 0.9375
 0.94140625
 0.9453125
 0.94921875
 0.953125
 0.95703125
 0.9609375
 0.96484375
 0.96875
 0.97265625
 0.9765625
 0.98046875
 0.984375
 0.98828125
 0.9921875
 0.99609375
 1


# name: u
# type: matrix
# rows: 257
# columns: 1
 -103.42360396774929
 -103.05213060999833
 -102.68080783722945
 -102.30963561542549
 -101.93861388789686
 -101.56774257529008
 -101.19702157559973
 -100.82645076418385
 -100.45602999378264
 -100.08575909454069
 -99.715637874032552
 -99.345666117291699
 -98.975843586842913
 -98.606170022738056
 -98.236645142595194
 -97.867268641641147
 -97.498040192757358
 -97.128959446529194
 -96.760026031298523
 -96.391239553219719
 -96.022599596318969
 -95.654105722556892
 -95.285757471894541
 -94.917554362362651
 -94.549495890134239
 -94.181581529600493
 -93.813810733449898
 -93.446182932750659
 -93.078697537036405
 -92.711353934395092
 -92.344151491561178
 -91.977089554010959
 -91.610167446061155
 -91.243384470970653
 -90.876739911045448
 -90.510233027746722
 -90.143863061802065
 -89.777629233319828
 -89.411530741906546
 -89.045566766787488
 -88.679736466930265
 -88.314038981171493
 -87.948473428346475
 -87.583038907421894
 -87.217734497631511
 -86.852559258614818
 -86.487512230558679
 -86.122592434341854
 -85.757798871682454
 -85.393130525288285
 -85.028586359010035
 -84.66416531799733
 -84.29986632885759
 -83.935688299817656
 -83.571630120888244
 -83.207690664031063
 -82.84386878332873
 -82.480163315157327
 -82.116573078361625
 -81.75309687443297
 -81.389733487689796
 -81.026481685460666
 -80.663340218269937
 -80.300307820025907
 -79.9373832082115
 -79.574565084077392
 -79.21185213283762
 -78.849243023867558
 -78.486736410904314
 -78.124330932249478
 -77.762025210974187
 -77.399817855126486
 -77.037707457940954
 -76.675692598050532
 -76.313771839700607
 -75.951943732965219
 -75.590206813965423
 -75.228559605089728
 -74.867000615216639
 -74.50552833993919
 -74.144141261791518
 -73.782837850477392
 -73.421616563100656
 -73.060475844397601
 -72.699414126971163
 -72.33842983152698
 -71.977521367111223
 -71.61668713135019
 -71.255925510691625
 -70.895234880647692
 -70.534613606039628
 -70.174060041244019
 -69.813572530440581
 -69.453149407861531
 -69.092788998042479
 -68.73248961607473
 -68.372249567859001
 -68.012067150360565
 -67.651940651865729
 -67.291868352239618
 -66.931848523185167
 -66.571879428503451
 -66.211959324355149
 -65.852086459523136
 -65.49225907567623
 -65.132475407633962
 -64.772733683632453
 -64.413032125591172
 -64.053368949380754
 -63.69374236509168
 -63.334150577303809
 -62.974591785356786
 -62.615064183621215
 -62.255565961770536
 -61.896095305053713
 -61.536650394568483
 -61.177229407535329
 -60.817830517571913
 -60.458451894968171
 -60.099091706961865
 -59.739748118014546
 -59.380419290088014
 -59.021103382921133
 -58.661798554306934
 -58.30250296037007
 -57.943214755844465
 -57.583932094351255
 -57.224653128676792
 -56.865376011050863
 -56.506098893424927
 -56.14681992775045
 -55.787537266257232
 -55.428249061731613
 -55.068953467794728
 -54.7096486391805
 -54.350332732013598
 -53.991003904087044
 -53.63166031513969
 -53.272300127133349
 -52.912921504529578
 -52.553522614566134
 -52.194101627532952
 -51.834656717047714
 -51.475186060330877
 -51.115687838480191
 -50.756160236744606
 -50.396601444797575
 -50.037009657009705
 -49.677383072720616
 -49.317719896510184
 -48.958018338468882
 -48.598276614467345
 -48.238492946425055
 -47.878665562578128
 -47.5187926977461
 -47.158872593597785
 -46.798903498916054
 -46.438883669861582
 -46.078811370235449
 -45.718684871740606
 -45.358502454242171
 -44.998262406026434
 -44.637963024058678
 -44.277602614239619
 -43.917179491660562
 -43.556691980857103
 -43.19613841606148
 -42.835517141453408
 -42.474826511409461
 -42.114064890750875
 -41.753230654989821
 -41.392322190574042
 -41.031337895129838
 -40.670276177703371
 -40.309135459000281
 -39.947914171623509
 -39.586610760309348
 -39.225223682161641
 -38.863751406884163
 -38.502192417011052
 -38.140545208135336
 -37.778808289135512
 -37.416980182400096
 -37.055059424050135
 -36.693044564159671
 -36.330934166974103
 -35.968726811126366
 -35.60642108985104
 -35.244015611196161
 -34.881508998232867
 -34.518899889262748
 -34.15618693802292
 -33.793368813888762
 -33.430444202074298
 -33.067411803830211
 -32.704270336639418
 -32.341018534410225
 -31.977655147666987
 -31.614178943738274
 -31.250588706942512
 -30.886883238771052
 -30.52306135806867
 -30.159121901211442
 -29.795063722281981
 -29.430885693241997
 -29.066586704102203
 -28.702165663089449
 -28.337621496811146
 -27.972953150416917
 -27.608159587757459
 -27.243239791540582
 -26.878192763484392
 -26.513017524467653
 -26.147713114677213
 -25.782278593752579
 -25.416713040927515
 -25.0510155551687
 -24.685185255311438
 -24.319221280192334
 -23.953122788779012
 -23.58688896029674
 -23.220518994352055
 -22.854012111053297
 -22.487367551128056
 -22.120584576037512
 -21.753662468087665
 -21.386600530537407
 -21.019398087703458
 -20.652054485062116
 -20.284569089347826
 -19.916941288648552
 -19.549170492497915
 -19.181256131964133
 -18.813197659735689
