# Created by Octave 6.2.0, Mon Aug 30 21:16:09 2021 -03 <kuroneko@kuroneko-VirtualBox>
# name: alfa
# type: scalar
-1


# name: beta
# type: scalar
0


# name: h
# type: scalar
0.015625


# name: xl
# type: matrix
# rows: 65
# columns: 1
 0
 0.015625
 0.03125
 0.046875
 0.0625
 0.078125
 0.09375
 0.109375
 0.125
 0.140625
 0.15625
 0.171875
 0.1875
 0.203125
 0.21875
 0.234375
 0.25
 0.265625
 0.28125
 0.296875
 0.3125
 0.328125
 0.34375
 0.359375
 0.375
 0.390625
 0.40625
 0.421875
 0.4375
 0.453125
 0.46875
 0.484375
 0.5
 0.515625
 0.53125
 0.546875
 0.5625
 0.578125
 0.59375
 0.609375
 0.625
 0.640625
 0.65625
 0.671875
 0.6875
 0.703125
 0.71875
 0.734375
 0.75
 0.765625
 0.78125
 0.796875
 0.8125
 0.828125
 0.84375
 0.859375
 0.875
 0.890625
 0.90625
 0.921875
 0.9375
 0.953125
 0.96875
 0.984375
 1


# name: u
# type: matrix
# rows: 65
# columns: 1
 1.0009385468819647
 0.99785690931835058
 0.99236908600688589
 0.98448377551131294
 0.9742154521519959
 0.96158433113601482
 0.94661631985696171
 0.92934295548175927
 0.90980132897486421
 0.88803399574288466
 0.86408887311487825
 0.83801912490530961
 0.80988303333776446
 0.77974385863796847
 0.74766968663436228
 0.71373326473337673
 0.67801182666455939
 0.64058690641775529
 0.60154414182058347
 0.56097306822940962
 0.51896690283082991
 0.47562232007330357
 0.43103921876993939
 0.38532048143350422
 0.3385717264234388
 0.29090105350197831
 0.24241878341235709
 0.19323719210647511
 0.14347024026229552
 0.093233298742589829
 0.042642870656424074
 -0.0081836893070353148
 -0.059128457596246797
 -0.11007322588545827
 -0.16089978584891765
 -0.21149021393508341
 -0.26172715545478908
 -0.31149410729896865
 -0.36067569860485066
 -0.40915796869447191
 -0.45682864161593251
 -0.50357739662599799
 -0.54929613396243326
 -0.59387923526579756
 -0.63722381802332384
 -0.67922998342190366
 -0.71980105701307762
 -0.75884382161024933
 -0.79626874185705343
 -0.83199017992587077
 -0.86592660182685621
 -0.89800077383046217
 -0.92813994853025783
 -0.95627604009780254
 -0.98234578830737085
 -1.0062909109353768
 -1.0280582441673562
 -1.0475998706742509
 -1.0648732350494527
 -1.0798412463285056
 -1.0924723673444865
 -1.1027406907038033
 -1.1106260011993763
 -1.1161138245108408
 -1.1191954620744546


# name: x
# type: range
# base, limit, increment
0 1 0.015625


# name: exata
# type: matrix
# rows: 65
# columns: 1
 1
 0.99879545620517241
 0.99518472667219693
 0.98917650996478101
 0.98078528040323043
 0.97003125319454397
 0.95694033573220882
 0.94154406518302081
 0.92387953251128674
 0.90398929312344334
 0.88192126434835505
 0.85772861000027212
 0.83146961230254524
 0.80320753148064494
 0.77301045336273699
 0.74095112535495911
 0.70710678118654757
 0.67155895484701833
 0.63439328416364549
 0.59569930449243347
 0.55557023301960229
 0.51410274419322166
 0.47139673682599781
 0.4275550934302822
 0.38268343236508984
 0.33688985339222005
 0.29028467725446233
 0.24298017990326398
 0.19509032201612833
 0.14673047445536175
 0.09801714032956077
 0.049067674327418126
 6.123233995736766e-17
 -0.049067674327418008
 -0.098017140329560645
 -0.14673047445536164
 -0.19509032201612819
 -0.24298017990326387
 -0.29028467725446216
 -0.33688985339221994
 -0.38268343236508973
 -0.42755509343028186
 -0.4713967368259977
 -0.51410274419322166
 -0.55557023301960196
 -0.59569930449243336
 -0.63439328416364538
 -0.67155895484701844
 -0.70710678118654746
 -0.74095112535495888
 -0.77301045336273699
 -0.80320753148064483
 -0.83146961230254535
 -0.85772861000027201
 -0.88192126434835494
 -0.90398929312344334
 -0.92387953251128674
 -0.9415440651830207
 -0.95694033573220882
 -0.97003125319454397
 -0.98078528040323043
 -0.98917650996478101
 -0.99518472667219682
 -0.99879545620517241
 -1


