# Created by Octave 6.2.0, Mon Aug 30 21:10:08 2021 -03 <kuroneko@kuroneko-VirtualBox>
# name: alfa
# type: scalar
1


# name: beta
# type: scalar
0


# name: h
# type: scalar
0.015625


# name: xl
# type: matrix
# rows: 65
# columns: 1
 0
 0.015625
 0.03125
 0.046875
 0.0625
 0.078125
 0.09375
 0.109375
 0.125
 0.140625
 0.15625
 0.171875
 0.1875
 0.203125
 0.21875
 0.234375
 0.25
 0.265625
 0.28125
 0.296875
 0.3125
 0.328125
 0.34375
 0.359375
 0.375
 0.390625
 0.40625
 0.421875
 0.4375
 0.453125
 0.46875
 0.484375
 0.5
 0.515625
 0.53125
 0.546875
 0.5625
 0.578125
 0.59375
 0.609375
 0.625
 0.640625
 0.65625
 0.671875
 0.6875
 0.703125
 0.71875
 0.734375
 0.75
 0.765625
 0.78125
 0.796875
 0.8125
 0.828125
 0.84375
 0.859375
 0.875
 0.890625
 0.90625
 0.921875
 0.9375
 0.953125
 0.96875
 0.984375
 1


# name: u
# type: matrix
# rows: 65
# columns: 1
 130.00000000806503
 127.99879546426536
 125.99518473471782
 123.98917651798618
 121.98078528839079
 119.97003126113874
 117.95694034362361
 115.94154407301234
 113.92387954026937
 111.90398930080131
 109.88192127193723
 107.85772861749159
 105.83146961968797
 103.80320753875209
 101.77301046051241
 99.740951132375358
 97.707106788070462
 95.671558961587593
 93.634393290754346
 91.595699310927102
 89.55557023929245
 87.514102750298846
 85.47139674275941
 83.427555099186904
 81.38268343794077
 79.336889858783238
 77.290284682457539
 75.242980184915581
 73.195090326835327
 71.146730479079551
 69.098017144757307
 67.049067678557776
 65.000000004032486
 62.950932329507204
 60.901982863307673
 58.853269528985436
 56.80490968122966
 54.757019823149406
 52.709715325607455
 50.663110149281763
 48.617316570124231
 46.572444908878097
 44.528603265305591
 42.485897257766155
 40.444429768772558
 38.404300697137906
 36.365606717310662
 34.328441046477415
 32.292893219994539
 30.259048875689651
 28.226989547552595
 26.196792469312918
 24.16853038837705
 22.142271390573434
 20.118078736127796
 18.096010707263719
 16.076120467795668
 14.058455935052702
 12.043059664441429
 10.029968746926304
 8.0192147196742525
 6.0108234900788649
 4.0048152733472211
 2.0012045437996848
 0


# name: x
# type: range
# base, limit, increment
0 1 0.015625


# name: exata
# type: matrix
# rows: 65
# columns: 1
 1
 0.99879545620517241
 0.99518472667219693
 0.98917650996478101
 0.98078528040323043
 0.97003125319454397
 0.95694033573220882
 0.94154406518302081
 0.92387953251128674
 0.90398929312344334
 0.88192126434835505
 0.85772861000027212
 0.83146961230254524
 0.80320753148064494
 0.77301045336273699
 0.74095112535495911
 0.70710678118654757
 0.67155895484701833
 0.63439328416364549
 0.59569930449243347
 0.55557023301960229
 0.51410274419322166
 0.47139673682599781
 0.4275550934302822
 0.38268343236508984
 0.33688985339222005
 0.29028467725446233
 0.24298017990326398
 0.19509032201612833
 0.14673047445536175
 0.09801714032956077
 0.049067674327418126
 6.123233995736766e-17
 -0.049067674327418008
 -0.098017140329560645
 -0.14673047445536164
 -0.19509032201612819
 -0.24298017990326387
 -0.29028467725446216
 -0.33688985339221994
 -0.38268343236508973
 -0.42755509343028186
 -0.4713967368259977
 -0.51410274419322166
 -0.55557023301960196
 -0.59569930449243336
 -0.63439328416364538
 -0.67155895484701844
 -0.70710678118654746
 -0.74095112535495888
 -0.77301045336273699
 -0.80320753148064483
 -0.83146961230254535
 -0.85772861000027201
 -0.88192126434835494
 -0.90398929312344334
 -0.92387953251128674
 -0.9415440651830207
 -0.95694033573220882
 -0.97003125319454397
 -0.98078528040323043
 -0.98917650996478101
 -0.99518472667219682
 -0.99879545620517241
 -1


