# Created by Octave 6.2.0, Mon Aug 30 21:15:35 2021 -03 <kuroneko@kuroneko-VirtualBox>
# name: alfa
# type: scalar
0


# name: beta
# type: scalar
100


# name: h
# type: scalar
0.00390625


# name: xl
# type: matrix
# rows: 257
# columns: 1
 0
 0.00390625
 0.0078125
 0.01171875
 0.015625
 0.01953125
 0.0234375
 0.02734375
 0.03125
 0.03515625
 0.0390625
 0.04296875
 0.046875
 0.05078125
 0.0546875
 0.05859375
 0.0625
 0.06640625
 0.0703125
 0.07421875
 0.078125
 0.08203125
 0.0859375
 0.08984375
 0.09375
 0.09765625
 0.1015625
 0.10546875
 0.109375
 0.11328125
 0.1171875
 0.12109375
 0.125
 0.12890625
 0.1328125
 0.13671875
 0.140625
 0.14453125
 0.1484375
 0.15234375
 0.15625
 0.16015625
 0.1640625
 0.16796875
 0.171875
 0.17578125
 0.1796875
 0.18359375
 0.1875
 0.19140625
 0.1953125
 0.19921875
 0.203125
 0.20703125
 0.2109375
 0.21484375
 0.21875
 0.22265625
 0.2265625
 0.23046875
 0.234375
 0.23828125
 0.2421875
 0.24609375
 0.25
 0.25390625
 0.2578125
 0.26171875
 0.265625
 0.26953125
 0.2734375
 0.27734375
 0.28125
 0.28515625
 0.2890625
 0.29296875
 0.296875
 0.30078125
 0.3046875
 0.30859375
 0.3125
 0.31640625
 0.3203125
 0.32421875
 0.328125
 0.33203125
 0.3359375
 0.33984375
 0.34375
 0.34765625
 0.3515625
 0.35546875
 0.359375
 0.36328125
 0.3671875
 0.37109375
 0.375
 0.37890625
 0.3828125
 0.38671875
 0.390625
 0.39453125
 0.3984375
 0.40234375
 0.40625
 0.41015625
 0.4140625
 0.41796875
 0.421875
 0.42578125
 0.4296875
 0.43359375
 0.4375
 0.44140625
 0.4453125
 0.44921875
 0.453125
 0.45703125
 0.4609375
 0.46484375
 0.46875
 0.47265625
 0.4765625
 0.48046875
 0.484375
 0.48828125
 0.4921875
 0.49609375
 0.5
 0.50390625
 0.5078125
 0.51171875
 0.515625
 0.51953125
 0.5234375
 0.52734375
 0.53125
 0.53515625
 0.5390625
 0.54296875
 0.546875
 0.55078125
 0.5546875
 0.55859375
 0.5625
 0.56640625
 0.5703125
 0.57421875
 0.578125
 0.58203125
 0.5859375
 0.58984375
 0.59375
 0.59765625
 0.6015625
 0.60546875
 0.609375
 0.61328125
 0.6171875
 0.62109375
 0.625
 0.62890625
 0.6328125
 0.63671875
 0.640625
 0.64453125
 0.6484375
 0.65234375
 0.65625
 0.66015625
 0.6640625
 0.66796875
 0.671875
 0.67578125
 0.6796875
 0.68359375
 0.6875
 0.69140625
 0.6953125
 0.69921875
 0.703125
 0.70703125
 0.7109375
 0.71484375
 0.71875
 0.72265625
 0.7265625
 0.73046875
 0.734375
 0.73828125
 0.7421875
 0.74609375
 0.75
 0.75390625
 0.7578125
 0.76171875
 0.765625
 0.76953125
 0.7734375
 0.77734375
 0.78125
 0.78515625
 0.7890625
 0.79296875
 0.796875
 0.80078125
 0.8046875
 0.80859375
 0.8125
 0.81640625
 0.8203125
 0.82421875
 0.828125
 0.83203125
 0.8359375
 0.83984375
 0.84375
 0.84765625
 0.8515625
 0.85546875
 0.859375
 0.86328125
 0.8671875
 0.87109375
 0.875
 0.87890625
 0.8828125
 0.88671875
 0.890625
 0.89453125
 0.8984375
 0.90234375
 0.90625
 0.91015625
 0.9140625
 0.91796875
 0.921875
 0.92578125
 0.9296875
 0.93359375
 0.9375
 0.94140625
 0.9453125
 0.94921875
 0.953125
 0.95703125
 0.9609375
 0.96484375
 0.96875
 0.97265625
 0.9765625
 0.98046875
 0.984375
 0.98828125
 0.9921875
 0.99609375
 1


# name: u
# type: matrix
# rows: 257
# columns: 1
 0.31109311066059092
 0.32038966622081122
 0.32953563679894426
 0.33853105641216064
 0.34737598175005219
 0.35607049216609532
 0.36461468966570026
 0.37300869889084959
 0.38125266710132755
 0.38934676415254349
 0.39729118246995182
 0.40508613702007384
 0.41273186527812439
 0.42022862719224902
 0.42757670514437685
 0.43477640390769451
 0.44182805060074887
 0.44873199463818403
 0.45548860767812055
 0.46209828356618543
 0.46856143827620023
 0.47487850984753704
 0.48104995831915121
 0.48707626566030127
 0.4929579356979662
 0.4986954940409708
 0.50428948800083095
 0.50974048650933057
 0.51504908003284278
 0.52021588048340739
 0.52524152112657951
 0.53012665648606228
 0.53487196224513722
 0.53947813514490972
 0.54394589287938211
 0.54827597398737105
 0.55246913774128703
 0.55652616403279032
 0.56044785325534241
 0.56423502618366961
 0.5678885238501572
 0.57140920741819312
 0.57479795805248024
 0.57805567678633585
 0.58118328438599942
 0.58418172121196876
 0.58705194707738506
 0.5897949411034884
 0.59241170157216594
 0.59490324577561449
 0.5972706098631394
 0.59951484868511506
 0.60163703563412774
 0.60363826248332719
 0.6055196392220088
 0.60728229388845401
 0.60892737240005168
 0.61045603838072715
 0.61186947298570438
 0.61316887472362902
 0.61435545927607682
 0.61543045931447682
 0.61639512431447541
 0.61725072036777007
 0.61799852999144023
 0.6186398519348052
 0.61917600098383718
 0.61960830776315956
 0.6199381185356595
 0.62016679499974592
 0.62029571408428241
 0.62032626774122701
 0.62025986273600953
 0.62009792043567724
 0.61984187659484313
 0.61949318113946583
 0.61905329794849617
 0.61852370463342266
 0.61790589231574866
 0.61720136540243475
 0.61641164135934057
 0.61553825048270017
 0.61458273566866517
 0.61354665218094973
 0.61243156741661431
 0.61123906067002065
 0.60997072289499643
 0.60862815646524338
 0.60721297493302528
 0.60572680278617363
 0.60417127520344516
 0.60254803780827015
 0.60085874642092763
 0.59910506680918463
 0.59728867443743816
 0.59541125421439633
 0.59347450023933701
 0.59148011554698288
 0.58942981185103083
 0.58732530928637372
 0.5851683361500547
 0.58296062864099241
 0.58070393059851477
 0.57839999323974456
 0.57605057489587141
 0.57365744074735403
 0.57122236255809056
 0.56874711840859737
 0.56623349242823662
 0.56368327452653333
 0.56109826012362085
 0.558480249879858
 0.55583104942465578
 0.55315246908455606
 0.55044632361060353
 0.54771443190505043
 0.54495861674743706
 0.54218070452008749
 0.53938252493306305
 0.53656591074861515
 0.53373269750517771
 0.53088472324094171
 0.52802382821705385
 0.52515185464047942
 0.52227064638657306
 0.51938204872139793
 0.51648790802383526
 0.51359007150752678
 0.51069038694269087
 0.50779070237785484
 0.50489286586154647
 0.50199872516398392
 0.4991101274988089
 0.49622891924490253
 0.49335694566832805
 0.49049605064444018
 0.4876480763802043
 0.48481486313676686
 0.48199824895231902
 0.47920006936529463
 0.47642215713794506
 0.4736663419803317
 0.47093445027477865
 0.468228304800826
 0.46554972446072634
 0.46290052400552406
 0.46028251376176127
 0.45769749935884896
 0.45514728145714567
 0.45263365547678502
 0.45015841132729179
 0.44772333313802826
 0.44533019898951087
 0.44298078064563773
 0.44067684328686763
 0.43842014524439021
 0.43621243773532797
 0.43405546459900912
 0.43195096203435202
 0.42990065833839991
 0.42790627364604578
 0.42596951967098645
 0.42409209944794468
 0.42227570707619833
 0.42052202746445538
 0.41883273607711285
 0.41720949868193796
 0.41565397109920971
 0.41416779895235833
 0.41275261742014058
 0.41141005099038774
 0.41014171321536391
 0.4089492064687707
 0.40783412170443567
 0.40679803821672073
 0.40584252340268617
 0.40496913252604638
 0.40417940848295275
 0.4034748815696394
 0.4028570692519659
 0.40232747593689289
 0.40188759274592362
 0.40153889729054659
 0.40128285344971276
 0.40112091114938081
 0.40105450614416355
 0.40108505980110848
 0.40121397888564531
 0.401442655349732
 0.40177246612223227
 0.40220477290155493
 0.40274092195058719
 0.40338224389395244
 0.40413005351762282
 0.40498564957091782
 0.4059503145709169
 0.40702531460931735
 0.40821189916176548
 0.4095113008996904
 0.41092473550466796
 0.41245340148534371
 0.41409847999694177
 0.41586113466338742
 0.41774251140206942
 0.41974373825126926
 0.42186592520028249
 0.4241101640222586
 0.4264775281097839
 0.42896907231323272
 0.43158583278191065
 0.43432882680801432
 0.43719905267343101
 0.44019748949940085
 0.44332509709906504
 0.44658281583292125
 0.44997156646720898
 0.45349225003524557
 0.45714574770173372
 0.46093292063006153
 0.46485460985261434
 0.46891163614411829
 0.47310479989803483
 0.47743488100602433
 0.48190263874049721
 0.48650881164027032
 0.49125411739934582
 0.49613925275882903
 0.50116489340200177
 0.50633169385256682
 0.51164028737607936
 0.51709128588457942
 0.52268527984444002
 0.52842283818744484
 0.53430450822511
