# Created by Octave 6.2.0, Mon Aug 30 21:10:08 2021 -03 <kuroneko@kuroneko-VirtualBox>
# name: alfa
# type: scalar
1


# name: beta
# type: scalar
0


# name: h
# type: scalar
0.00390625


# name: xl
# type: matrix
# rows: 257
# columns: 1
 0
 0.00390625
 0.0078125
 0.01171875
 0.015625
 0.01953125
 0.0234375
 0.02734375
 0.03125
 0.03515625
 0.0390625
 0.04296875
 0.046875
 0.05078125
 0.0546875
 0.05859375
 0.0625
 0.06640625
 0.0703125
 0.07421875
 0.078125
 0.08203125
 0.0859375
 0.08984375
 0.09375
 0.09765625
 0.1015625
 0.10546875
 0.109375
 0.11328125
 0.1171875
 0.12109375
 0.125
 0.12890625
 0.1328125
 0.13671875
 0.140625
 0.14453125
 0.1484375
 0.15234375
 0.15625
 0.16015625
 0.1640625
 0.16796875
 0.171875
 0.17578125
 0.1796875
 0.18359375
 0.1875
 0.19140625
 0.1953125
 0.19921875
 0.203125
 0.20703125
 0.2109375
 0.21484375
 0.21875
 0.22265625
 0.2265625
 0.23046875
 0.234375
 0.23828125
 0.2421875
 0.24609375
 0.25
 0.25390625
 0.2578125
 0.26171875
 0.265625
 0.26953125
 0.2734375
 0.27734375
 0.28125
 0.28515625
 0.2890625
 0.29296875
 0.296875
 0.30078125
 0.3046875
 0.30859375
 0.3125
 0.31640625
 0.3203125
 0.32421875
 0.328125
 0.33203125
 0.3359375
 0.33984375
 0.34375
 0.34765625
 0.3515625
 0.35546875
 0.359375
 0.36328125
 0.3671875
 0.37109375
 0.375
 0.37890625
 0.3828125
 0.38671875
 0.390625
 0.39453125
 0.3984375
 0.40234375
 0.40625
 0.41015625
 0.4140625
 0.41796875
 0.421875
 0.42578125
 0.4296875
 0.43359375
 0.4375
 0.44140625
 0.4453125
 0.44921875
 0.453125
 0.45703125
 0.4609375
 0.46484375
 0.46875
 0.47265625
 0.4765625
 0.48046875
 0.484375
 0.48828125
 0.4921875
 0.49609375
 0.5
 0.50390625
 0.5078125
 0.51171875
 0.515625
 0.51953125
 0.5234375
 0.52734375
 0.53125
 0.53515625
 0.5390625
 0.54296875
 0.546875
 0.55078125
 0.5546875
 0.55859375
 0.5625
 0.56640625
 0.5703125
 0.57421875
 0.578125
 0.58203125
 0.5859375
 0.58984375
 0.59375
 0.59765625
 0.6015625
 0.60546875
 0.609375
 0.61328125
 0.6171875
 0.62109375
 0.625
 0.62890625
 0.6328125
 0.63671875
 0.640625
 0.64453125
 0.6484375
 0.65234375
 0.65625
 0.66015625
 0.6640625
 0.66796875
 0.671875
 0.67578125
 0.6796875
 0.68359375
 0.6875
 0.69140625
 0.6953125
 0.69921875
 0.703125
 0.70703125
 0.7109375
 0.71484375
 0.71875
 0.72265625
 0.7265625
 0.73046875
 0.734375
 0.73828125
 0.7421875
 0.74609375
 0.75
 0.75390625
 0.7578125
 0.76171875
 0.765625
 0.76953125
 0.7734375
 0.77734375
 0.78125
 0.78515625
 0.7890625
 0.79296875
 0.796875
 0.80078125
 0.8046875
 0.80859375
 0.8125
 0.81640625
 0.8203125
 0.82421875
 0.828125
 0.83203125
 0.8359375
 0.83984375
 0.84375
 0.84765625
 0.8515625
 0.85546875
 0.859375
 0.86328125
 0.8671875
 0.87109375
 0.875
 0.87890625
 0.8828125
 0.88671875
 0.890625
 0.89453125
 0.8984375
 0.90234375
 0.90625
 0.91015625
 0.9140625
 0.91796875
 0.921875
 0.92578125
 0.9296875
 0.93359375
 0.9375
 0.94140625
 0.9453125
 0.94921875
 0.953125
 0.95703125
 0.9609375
 0.96484375
 0.96875
 0.97265625
 0.9765625
 0.98046875
 0.984375
 0.98828125
 0.9921875
 0.99609375
 1


# name: u
# type: matrix
# rows: 257
# columns: 1
 514.00000000003172
 511.99992470187084
 509.99969881872789
 507.99932238462003
 505.99879545623685
 503.99811811293182
 501.99729045671035
 499.99631261221441
 497.99518472670383
 495.99390697003395
 493.99247953463026
 491.99090263545929
 489.98917650999624
 487.9873014181893
 485.98527764242033
 483.98310548746258
 481.98078528043453
 479.97831737075091
 477.97570213006975
 475.97293995223674
 473.97003125322567
 471.96697647107595
 469.96377606582649
 467.96043051944656
 465.95694033576314
 463.95330604038509
 461.94952818062387
 459.94560732541129
 457.94154406521375
 455.93733901194321
 453.93299279886531
 451.92850608050372
 449.92387953254172
 447.9191138517204
 445.91420975573379
 443.90916798312071
 441.90398929315353
 439.89867446572396
 437.89322430122542
 435.88763962043265
 433.88192126437804
 431.87607009422499
 429.87008699113818
 427.86397285615095
 425.85772861002954
 423.85135519313445
 421.84485356527881
 419.83822470558385
 417.83146961233143
 415.82458930281382
 413.81758481318025
 411.81045719828114
 409.80320753150909
 407.79583690463721
 405.7883464276548
 403.78073722860017
 401.77301045339067
 399.76516726565029
 397.75720884653418
 395.74913639455104
 393.74095112538242
 391.73265427169974
 389.72424708297865
 387.71573082531086
 385.70710678121344
 383.69837624943574
 381.6895405447637
 379.68060099782195
 377.67155895487338
 375.66241577761639
 373.65317284297987
 371.64383154291573
 369.63439328418946
 367.62485948816806
 365.61523159060613
 363.60551104142968
 361.59569930451761
 359.58579785748145
 357.57580819144272
 355.5657318108083
 353.55557023304414
 351.5453249884464
 349.53499761991128
 347.52458968270247
 345.51410274421704
 343.50353838374934
 341.49289819225322
 339.48218377210242
 337.4713967368491
 335.46053871098115
 333.44961132967734
 331.43861623856111
 329.42755509345267
 327.41642956011987
 325.40524131402702
 323.39399204008288
 321.38268343238673
 319.37131719397331
 317.35989503655628
 315.34841868027053
 313.33688985341314
 311.32531029218302
 309.31368174041944
 307.30200594933962
 305.29028467727466
 303.27851968940507
 301.26671275749476
 299.25486565962422
 297.24298017992277
 295.23105810829998
 293.21910124017597
 291.20711137621112
 289.19509032203484
 287.18303988797368
 285.17096188877866
 283.15885814335201
 281.14673047447332
 279.13458070852488
 277.12241067521677
 275.11022220731127
 273.09801714034677
 271.08579731236148
 269.07356456361651
 267.06132073631886
 265.04906767434386
 263.03680722295763
 261.02454122853902
 259.01227153830166
 257.00000000001575
 254.98772846172983
 252.97545877149244
 250.9631927770738
 248.95093232568755
 246.93867926371257
 244.92643543641492
 242.91420268766996
 240.90198285968464
 238.88977779272011
 236.87758932481458
 234.86541929150647
 232.85326952555803
 230.84114185667934
 228.82903811125271
 226.81696011205767
 224.80490967799651
 222.79288862382023
 220.7808987598554
 218.7689418917314
 216.75701982010861
 214.74513434040716
 212.73328724253659
 210.72148031062625
 208.70971532275667
 206.6979940506917
 204.68631825961185
 202.6746897078483
 200.66311014661815
 198.65158131976077
 196.64010496347504
 194.62868280605801
 192.61731656764456
 190.60600795994844
 188.59475868600433
 186.58357043991151
 184.57244490657868
 182.56138376147027
 180.55038867035401
 178.53946128905019
 176.52860326318228
 174.51781622792899
 172.50710180777816
 170.49646161628206
 168.48589725581439
 166.47541031732899
 164.46500238012021
 162.4546750115851
 160.44442976698738
 158.43426818922322
 156.42419180858883
 154.41420214255007
 152.40430069551391
 150.39448895860187
 148.38476840942542
 146.37514051186352
 144.36560671584212
 142.35616845711581
 140.34682715705168
 138.33758422241513
 136.32844104515814
 134.31939900220956
 132.31045945526782
 130.30162375059578
 128.29289321881808
 126.28426917472066
 124.27575291705288
 122.2673457283318
 120.25904887464912
 118.25086360548049
 116.24279115349734
 114.23483273438124
 112.22698954664084
 110.21926277143136
 108.21165357237673
 106.20416309539434
 104.19679246852246
 102.18954280175039
 100.18241518685129
 98.175410697217728
 96.168530387700102
 94.161775294447708
 92.155146434752737
 90.148644806897082
 88.14227139000198
 86.136027143880568
 84.12991300889334
 82.123929905806548
 80.118078735653512
 78.112360379598925
 76.106775698806175
 74.101325534307648
 72.096010706878076
 70.090832016910909
 68.085790244297826
 66.080886148311222
 64.076120467489915
 62.07149391952791
 60.067007201166312
 58.06266098808841
 56.0584559348179
 54.054392674620338
 52.050471819407761
 50.046693959646547
 48.043059664268476
 46.039569480585065
 44.03622393420514
 42.033023528955674
 40.029968746805935
 38.027060047794876
 36.024297869961863
 34.021682629280726
 32.01921471959708
 30.016894512569056
 28.014722357611298
 26.012698581842347
 24.010823490035396
