# Created by Octave 6.2.0, Mon Aug 30 21:16:13 2021 -03 <kuroneko@kuroneko-VirtualBox>
# name: alfa
# type: scalar
-1


# name: beta
# type: scalar
10


# name: h
# type: scalar
0.0625


# name: xl
# type: matrix
# rows: 17
# columns: 1
 0
 0.0625
 0.125
 0.1875
 0.25
 0.3125
 0.375
 0.4375
 0.5
 0.5625
 0.625
 0.6875
 0.75
 0.8125
 0.875
 0.9375
 1


# name: u
# type: matrix
# rows: 17
# columns: 1
 1.1140228588440133
 1.0897740282874619
 1.027834130452193
 0.93039002357843081
 0.80099297274875991
 0.64442217676257252
 0.46650110620641427
 0.27387371074518285
 0.073749095862475619
 -0.12637551902023159
 -0.31900291448146306
 -0.49692398503762136
 -0.65349478102380876
 -0.78289183185347988
 -0.88033593872724214
 -0.94227583656251135
 -0.96652466711906271


# name: x
# type: range
# base, limit, increment
0 1 0.0625


# name: exata
# type: matrix
# rows: 17
# columns: 1
 1
 0.98078528040323043
 0.92387953251128674
 0.83146961230254524
 0.70710678118654757
 0.55557023301960229
 0.38268343236508984
 0.19509032201612833
 6.123233995736766e-17
 -0.19509032201612819
 -0.38268343236508973
 -0.55557023301960196
 -0.70710678118654746
 -0.83146961230254535
 -0.92387953251128674
 -0.98078528040323043
 -1


