# Created by Octave 6.2.0, Mon Aug 30 21:10:06 2021 -03 <kuroneko@kuroneko-VirtualBox>
# name: alfa
# type: scalar
0


# name: beta
# type: scalar
0


# name: h
# type: scalar
0.00390625


# name: xl
# type: matrix
# rows: 257
# columns: 1
 0
 0.00390625
 0.0078125
 0.01171875
 0.015625
 0.01953125
 0.0234375
 0.02734375
 0.03125
 0.03515625
 0.0390625
 0.04296875
 0.046875
 0.05078125
 0.0546875
 0.05859375
 0.0625
 0.06640625
 0.0703125
 0.07421875
 0.078125
 0.08203125
 0.0859375
 0.08984375
 0.09375
 0.09765625
 0.1015625
 0.10546875
 0.109375
 0.11328125
 0.1171875
 0.12109375
 0.125
 0.12890625
 0.1328125
 0.13671875
 0.140625
 0.14453125
 0.1484375
 0.15234375
 0.15625
 0.16015625
 0.1640625
 0.16796875
 0.171875
 0.17578125
 0.1796875
 0.18359375
 0.1875
 0.19140625
 0.1953125
 0.19921875
 0.203125
 0.20703125
 0.2109375
 0.21484375
 0.21875
 0.22265625
 0.2265625
 0.23046875
 0.234375
 0.23828125
 0.2421875
 0.24609375
 0.25
 0.25390625
 0.2578125
 0.26171875
 0.265625
 0.26953125
 0.2734375
 0.27734375
 0.28125
 0.28515625
 0.2890625
 0.29296875
 0.296875
 0.30078125
 0.3046875
 0.30859375
 0.3125
 0.31640625
 0.3203125
 0.32421875
 0.328125
 0.33203125
 0.3359375
 0.33984375
 0.34375
 0.34765625
 0.3515625
 0.35546875
 0.359375
 0.36328125
 0.3671875
 0.37109375
 0.375
 0.37890625
 0.3828125
 0.38671875
 0.390625
 0.39453125
 0.3984375
 0.40234375
 0.40625
 0.41015625
 0.4140625
 0.41796875
 0.421875
 0.42578125
 0.4296875
 0.43359375
 0.4375
 0.44140625
 0.4453125
 0.44921875
 0.453125
 0.45703125
 0.4609375
 0.46484375
 0.46875
 0.47265625
 0.4765625
 0.48046875
 0.484375
 0.48828125
 0.4921875
 0.49609375
 0.5
 0.50390625
 0.5078125
 0.51171875
 0.515625
 0.51953125
 0.5234375
 0.52734375
 0.53125
 0.53515625
 0.5390625
 0.54296875
 0.546875
 0.55078125
 0.5546875
 0.55859375
 0.5625
 0.56640625
 0.5703125
 0.57421875
 0.578125
 0.58203125
 0.5859375
 0.58984375
 0.59375
 0.59765625
 0.6015625
 0.60546875
 0.609375
 0.61328125
 0.6171875
 0.62109375
 0.625
 0.62890625
 0.6328125
 0.63671875
 0.640625
 0.64453125
 0.6484375
 0.65234375
 0.65625
 0.66015625
 0.6640625
 0.66796875
 0.671875
 0.67578125
 0.6796875
 0.68359375
 0.6875
 0.69140625
 0.6953125
 0.69921875
 0.703125
 0.70703125
 0.7109375
 0.71484375
 0.71875
 0.72265625
 0.7265625
 0.73046875
 0.734375
 0.73828125
 0.7421875
 0.74609375
 0.75
 0.75390625
 0.7578125
 0.76171875
 0.765625
 0.76953125
 0.7734375
 0.77734375
 0.78125
 0.78515625
 0.7890625
 0.79296875
 0.796875
 0.80078125
 0.8046875
 0.80859375
 0.8125
 0.81640625
 0.8203125
 0.82421875
 0.828125
 0.83203125
 0.8359375
 0.83984375
 0.84375
 0.84765625
 0.8515625
 0.85546875
 0.859375
 0.86328125
 0.8671875
 0.87109375
 0.875
 0.87890625
 0.8828125
 0.88671875
 0.890625
 0.89453125
 0.8984375
 0.90234375
 0.90625
 0.91015625
 0.9140625
 0.91796875
 0.921875
 0.92578125
 0.9296875
 0.93359375
 0.9375
 0.94140625
 0.9453125
 0.94921875
 0.953125
 0.95703125
 0.9609375
 0.96484375
 0.96875
 0.97265625
 0.9765625
 0.98046875
 0.984375
 0.98828125
 0.9921875
 0.99609375
 1


# name: u
# type: matrix
# rows: 257
# columns: 1
 -0.0078823309616027435
 -7.5298160856645017e-05
 0.0075811496578022195
 0.015087046511544314
 0.022442449089961649
 0.029647436746530541
 0.036702111486661262
 0.043606597952336401
 0.050361043403340244
 0.056965617695082016
 0.063420513253016231
 0.069725945043664167
 0.075882150542240678
 0.081889389696891302
 0.087747944889545029
 0.093458120893388633
 0.099020244826968945
 0.10443466610493
 0.10970175638539247
 0.11482190951398331
 0.11979554146452411
 0.12462309027638686
 0.12930501598852701
 0.13384180057020303
 0.13823394784839393
 0.14248198343192447
 0.1465864546323106
 0.15054793038133629
 0.15436700114537455
 0.15804427883646524
 0.16158039672016355
 0.16497600932017237
 0.1682317923197735
 0.17134844246007228
 0.1743266774350708
 0.17716723578358595
 0.17987087677802818
 0.18243838031005782
 0.1848705467731363
 0.1871681969419898
 0.18933217184900367
 0.19136333265756594
 0.19326256053237936
 0.19503075650676127
 0.19666884134695115
 0.19817775541344673
 0.19955845851938914
 0.20081192978601858
 0.20193916749522225
 0.20294118893919677
 0.20381903026724771
 0.2045737463297494
 0.2052064105192882
 0.20571811460901362
 0.20610996858822128
 0.20638310049519254
 0.20653865624731618
 0.20657779946851745
 0.20650171131402059
 0.20631159029247109
 0.20600865208544475
 0.20559412936437063
 0.20506927160489513
 0.20443534489871554
 0.20369363176291136
 0.20284543094680196
 0.20189205723635967
 0.20083484125620782
 0.19967512926923359
 0.19841428297384572
 0.19705367929890796
 0.19559471019637836
 0.19403878243168654
 0.19238731737188008
 0.19064175077157172
 0.18880353255672014
 0.18687412660627628
 0.1848550105317287
 0.18274767545458059
 0.1805536257817926
 0.17827437897922441
 0.17591146534311008
 0.17346642776960108
 0.17094082152241169
 0.16833621399860219
 0.16565418449253447
 0.16289632395803622
 0.16006423476880904
 0.15715953047711689
 0.1541838355707911
 0.15113878522858842
 0.14802602507393914
 0.14484721092712227
 0.14160400855590502
 0.13829809342468435
 0.13493115044216827
 0.1315048737076347
 0.12802096625580633
 0.12448113980037992
 0.12088711447624848
 0.11724061858045526
 0.11354338831191865
 0.10979716750996692
 0.10600370739172249
 0.10216476628837505
 0.09828210938038337
 0.094357508431645559
 0.090392741522678025
 0.086389592782843
 0.082349852121665318
 0.078275314959278558
 0.074167781956041345
 0.0700290587413646
 0.06586095564179037
 0.061665287408363287
 0.057443872943335743
 0.053198535026247919
 0.048931100039423879
 0.044643397692925101
 0.04033726074900288
 0.036014524746091084
 0.031677027722380791
 0.027326609939018545
 0.022965113602969746
 0.018594382589589082
 0.014216262164939684
 0.009832598707902835
 0.0054452394321201107
 0.0010560321078097929
 -0.0033331752165005253
 -0.00772053449228325
 -0.012104197949320099
 -0.016482318373969497
 -0.020853049387350164
 -0.025214545723398967
 -0.029564963506761216
 -0.033902460530471502
 -0.038225196533383299
 -0.042531333477305512
 -0.046819035823804284
 -0.051086470810628316
 -0.055331808727716127
 -0.05955322319274365
 -0.063748891426170712
 -0.067916994525744914
 -0.072055717740421618
 -0.076163250743658803
 -0.080237787906045549
 -0.084277528567223189
 -0.088280677307058172
 -0.092245444216025665
 -0.096170045164763421
 -0.10005270207275507
 -0.10389164317610249
 -0.10768510329434687
 -0.11143132409629856
 -0.11512855436483513
 -0.11877505026062829
 -0.12236907558475968
 -0.12590890204018604
 -0.12939280949201437
 -0.13281908622654789
 -0.13618602920906392
 -0.13949194434028453
 -0.14273514671150173
 -0.14591396085831854
 -0.14902672101296774
 -0.15207177135517033
 -0.15504746626149604
 -0.15795217055318808
 -0.16078425974241517
 -0.16354212027691331
 -0.16622414978298092
 -0.16882875730679031
 -0.17135436355397959
 -0.17379940112748854
 -0.17616231476360278
 -0.17844156156617086
 -0.18063561123895874
 -0.18274294631610674
 -0.18476206239065424
 -0.18669146834109798
 -0.18852968655594946
 -0.19027525315625765
 -0.19192671821606397
 -0.19348264598075565
 -0.19494161508328514
 -0.19630221875822279
 -0.19756306505361051
 -0.19872277704058466
 -0.19977999302073646
 -0.20073336673117864
 -0.20158156754728793
 -0.20232328068309197
 -0.20295720738927142
 -0.20348206514874678
 -0.20389658786982073
 -0.20419952607684691
 -0.2043896470983963
 -0.20446573525289305
 -0.20442659203169164
 -0.20427103627956786
 -0.20399790437259649
 -0.20360605039338872
 -0.20309434630366321
 -0.20246168211412433
 -0.20170696605162253
 -0.20082912472357145
 -0.1998271032795968
 -0.19869986557039301
 -0.19744639430376346
 -0.196065691197821
 -0.19455677713132533
 -0.19291869229113534
 -0.19115049631675332
 -0.18925126844193974
 -0.18722010763337729
 -0.18505613272636326
 -0.18275848255750959
 -0.18032631609443095
 -0.17775881256240114
 -0.17505517156795869
 -0.17221461321944334
 -0.16923637824444468
 -0.16611972810414574
 -0.16286394510454441
