# Created by Octave 6.2.0, Mon Aug 30 21:09:53 2021 -03 <kuroneko@kuroneko-VirtualBox>
# name: alfa
# type: scalar
1


# name: beta
# type: scalar
1


# name: h
# type: scalar
0.015625


# name: xl
# type: matrix
# rows: 65
# columns: 1
 0
 0.015625
 0.03125
 0.046875
 0.0625
 0.078125
 0.09375
 0.109375
 0.125
 0.140625
 0.15625
 0.171875
 0.1875
 0.203125
 0.21875
 0.234375
 0.25
 0.265625
 0.28125
 0.296875
 0.3125
 0.328125
 0.34375
 0.359375
 0.375
 0.390625
 0.40625
 0.421875
 0.4375
 0.453125
 0.46875
 0.484375
 0.5
 0.515625
 0.53125
 0.546875
 0.5625
 0.578125
 0.59375
 0.609375
 0.625
 0.640625
 0.65625
 0.671875
 0.6875
 0.703125
 0.71875
 0.734375
 0.75
 0.765625
 0.78125
 0.796875
 0.8125
 0.828125
 0.84375
 0.859375
 0.875
 0.890625
 0.90625
 0.921875
 0.9375
 0.953125
 0.96875
 0.984375
 1


# name: u
# type: matrix
# rows: 65
# columns: 1
 337.58212799741887
 332.55118700872998
 327.51783983429317
 322.48209517267225
 317.44396749818753
 312.40347702604618
 307.36064966364182
 302.31551694814135
 297.26811597050931
 292.21848928615213
 287.16668481239896
 282.11275571306419
 277.05676027037146
 271.99876174454636
 266.93882822141751
 261.87703244839128
 256.81345165919731
 251.74816738782536
 246.68126527210308
 241.61283484738678
 236.54296933086306
 231.47176539698046
 226.39932294455204
 221.32574485609058
 216.25113674995549
 211.17560672590906
 206.09926510469444
 201.02222416226357
 195.94459785929445
 190.86650156664982
 185.78805178743877
 180.70936587635043
 175.63056175693632
 170.5517576375222
 165.47307172643383
 160.39462194722276
 155.31652565457819
 150.23889935160915
 145.16185840917839
 140.08551678796388
 135.00998676391757
 129.93537865778265
 124.86180056932132
 119.78935811689306
 114.71815418301058
 109.64828866648706
 104.57985824177094
 99.512956126048806
 94.447671854677026
 89.384091065483247
 84.322295292457312
 79.262361769328734
 74.204363243503963
 69.148367800811442
 64.094438701476875
 59.04263422772388
 53.993007543366915
 48.945606565735034
 43.900473850234839
 38.857646487830792
 33.817156015689825
 28.779028341205521
 23.743283679584962
 18.709936505148512
 13.678995516459906


# name: x
# type: range
# base, limit, increment
0 1 0.015625


# name: exata
# type: matrix
# rows: 65
# columns: 1
 1
 0.99879545620517241
 0.99518472667219693
 0.98917650996478101
 0.98078528040323043
 0.97003125319454397
 0.95694033573220882
 0.94154406518302081
 0.92387953251128674
 0.90398929312344334
 0.88192126434835505
 0.85772861000027212
 0.83146961230254524
 0.80320753148064494
 0.77301045336273699
 0.74095112535495911
 0.70710678118654757
 0.67155895484701833
 0.63439328416364549
 0.59569930449243347
 0.55557023301960229
 0.51410274419322166
 0.47139673682599781
 0.4275550934302822
 0.38268343236508984
 0.33688985339222005
 0.29028467725446233
 0.24298017990326398
 0.19509032201612833
 0.14673047445536175
 0.09801714032956077
 0.049067674327418126
 6.123233995736766e-17
 -0.049067674327418008
 -0.098017140329560645
 -0.14673047445536164
 -0.19509032201612819
 -0.24298017990326387
 -0.29028467725446216
 -0.33688985339221994
 -0.38268343236508973
 -0.42755509343028186
 -0.4713967368259977
 -0.51410274419322166
 -0.55557023301960196
 -0.59569930449243336
 -0.63439328416364538
 -0.67155895484701844
 -0.70710678118654746
 -0.74095112535495888
 -0.77301045336273699
 -0.80320753148064483
 -0.83146961230254535
 -0.85772861000027201
 -0.88192126434835494
 -0.90398929312344334
 -0.92387953251128674
 -0.9415440651830207
 -0.95694033573220882
 -0.97003125319454397
 -0.98078528040323043
 -0.98917650996478101
 -0.99518472667219682
 -0.99879545620517241
 -1


