# Created by Octave 6.3.0, Sat Sep 25 14:52:34 2021 -03 <kuroneko@kuroneko-VirtualBox>
# name: beta
# type: scalar
0


# name: Lambda
# type: matrix
# rows: 5
# columns: 1
 1
 0.70710678130798621
 2.5165055224836658e-15
 -0.70710678130798232
 -1


# name: nen
# type: scalar
4


# name: nel
# type: scalar
4


# name: h
# type: scalar
0.25


# name: xl
# type: matrix
# rows: 13
# columns: 1
 0
 0.083333333333333329
 0.16666666666666666
 0.25
 0.33333333333333331
 0.41666666666666663
 0.49999999999999994
 0.58333333333333326
 0.66666666666666663
 0.75
 0.83333333333333337
 0.91666666666666674
 1


# name: U
# type: matrix
# rows: 4
# columns: 4
 -1.1727013246909119e-09 0.81303648004147799 1.5706788480511149 2.2214414677215593
 2.2214414677215553 2.7204860664883022 3.0343118107463622 3.1415926521555697
 3.1415926521555684 3.0343118107463622 2.7204860664883035 2.2214414677215575
 2.2214414677215575 1.5706788480511131 0.81303648004147588 -1.1727037604930347e-09


# name: P
# type: matrix
# rows: 4
# columns: 4
 0.99999971539363319 0.96585643994538084 0.86595161395679099 0.70710663584793176
 0.70710652427385745 0.49997566282403472 0.25878407683765253 7.8894789344439365e-08
 -7.8894780611577497e-08 -0.25878407683764415 -0.49997566282402678 -0.7071065242738499
 -0.70710663584792854 -0.86595161395678799 -0.96585643994537818 -0.99999971539363097


# name: x
# type: range
# base, limit, increment
0 1 0.083333333333333329


# name: exata
# type: matrix
# rows: 13
# columns: 1
 1
 0.96592582628906831
 0.86602540378443871
 0.70710678118654757
 0.50000000000000011
 0.25881904510252096
 2.8327694488239898e-16
 -0.25881904510252041
 -0.49999999999999978
 -0.70710678118654746
 -0.86602540378443871
 -0.96592582628906831
 -1


