# Created by Octave 6.3.0, Sat Sep 25 14:52:36 2021 -03 <kuroneko@kuroneko-VirtualBox>
# name: beta
# type: scalar
0


# name: Lambda
# type: matrix
# rows: 65
# columns: 1
 1
 0.99879545620520649
 0.99518472667226288
 0.98917650996487616
 0.98078528040335056
 0.97003125319468453
 0.95694033573236781
 0.94154406518319644
 0.92387953251147725
 0.90398929312364518
 0.88192126434856688
 0.85772861000049039
 0.83146961230277017
 0.80320753148087409
 0.77301045336296736
 0.74095112535518781
 0.70710678118677328
 0.67155895484723926
 0.63439328416386087
 0.59569930449264152
 0.55557023301980191
 0.51410274419341173
 0.47139673682617733
 0.42755509343044967
 0.38268343236524477
 0.33688985339236127
 0.29028467725458884
 0.24298017990337425
 0.19509032201622239
 0.14673047445543905
 0.098017140329620112
 0.049067674327459482
 2.3140148184156241e-14
 -0.049067674327413206
 -0.098017140329574121
 -0.14673047445539344
 -0.19509032201617807
 -0.24298017990333121
 -0.29028467725454649
 -0.33688985339232014
 -0.38268343236520552
 -0.42755509343041276
 -0.47139673682614308
 -0.51410274419338009
 -0.55557023301977215
 -0.59569930449261377
 -0.63439328416383589
 -0.67155895484721739
 -0.70710678118675285
 -0.74095112535516727
 -0.77301045336294638
 -0.80320753148085533
 -0.83146961230275285
 -0.85772861000047607
 -0.88192126434855334
 -0.90398929312363163
 -0.92387953251146238
 -0.94154406518318234
 -0.95694033573235193
 -0.97003125319466788
 -0.98078528040333302
 -0.9891765099648604
 -0.99518472667225
 -0.99879545620520049
 -1


# name: nen
# type: scalar
4


# name: nel
# type: scalar
64


# name: h
# type: scalar
0.015625


# name: xl
# type: matrix
# rows: 193
# columns: 1
 0
 0.005208333333333333
 0.010416666666666666
 0.015625
 0.020833333333333332
 0.026041666666666664
 0.031249999999999997
 0.036458333333333329
 0.041666666666666664
 0.046875
 0.052083333333333336
 0.057291666666666671
 0.0625
 0.067708333333333329
 0.072916666666666657
 0.078124999999999986
 0.083333333333333315
 0.088541666666666644
 0.093749999999999972
 0.098958333333333301
 0.10416666666666663
 0.10937499999999996
 0.11458333333333329
 0.11979166666666662
 0.12499999999999994
 0.13020833333333329
 0.13541666666666663
 0.14062499999999997
 0.14583333333333331
 0.15104166666666666
 0.15625
 0.16145833333333334
 0.16666666666666669
 0.17187500000000003
 0.17708333333333337
 0.18229166666666671
 0.18750000000000006
 0.1927083333333334
 0.19791666666666674
 0.20312500000000008
 0.20833333333333343
 0.21354166666666677
 0.21875000000000011
 0.22395833333333345
 0.2291666666666668
 0.23437500000000014
 0.23958333333333348
 0.24479166666666682
 0.25000000000000017
 0.25520833333333348
 0.2604166666666668
 0.26562500000000011
 0.27083333333333343
 0.27604166666666674
 0.28125000000000006
 0.28645833333333337
 0.29166666666666669
 0.296875
 0.30208333333333331
 0.30729166666666663
 0.31249999999999994
 0.31770833333333326
 0.32291666666666657
 0.32812499999999989
 0.3333333333333332
 0.33854166666666652
 0.34374999999999983
 0.34895833333333315
 0.35416666666666646
 0.35937499999999978
 0.36458333333333309
 0.36979166666666641
 0.37499999999999972
 0.38020833333333304
 0.38541666666666635
 0.39062499999999967
 0.39583333333333298
 0.4010416666666663
 0.40624999999999961
 0.41145833333333293
 0.41666666666666624
 0.42187499999999956
 0.42708333333333287
 0.43229166666666619
 0.4374999999999995
 0.44270833333333282
 0.44791666666666613
 0.45312499999999944
 0.45833333333333276
 0.46354166666666607
 0.46874999999999939
 0.4739583333333327
 0.47916666666666602
 0.48437499999999933
 0.48958333333333265
 0.49479166666666596
 0.49999999999999928
 0.50520833333333259
 0.51041666666666596
 0.51562499999999933
 0.5208333333333327
 0.52604166666666607
 0.53124999999999944
 0.53645833333333282
 0.54166666666666619
 0.54687499999999956
 0.55208333333333293
 0.5572916666666663
 0.56249999999999967
 0.56770833333333304
 0.57291666666666641
 0.57812499999999978
 0.58333333333333315
 0.58854166666666652
 0.59374999999999989
 0.59895833333333326
 0.60416666666666663
 0.609375
 0.61458333333333337
 0.61979166666666674
 0.62500000000000011
 0.63020833333333348
 0.63541666666666685
 0.64062500000000022
 0.64583333333333359
 0.65104166666666696
 0.65625000000000033
 0.6614583333333337
 0.66666666666666707
 0.67187500000000044
 0.67708333333333381
 0.68229166666666718
 0.68750000000000056
 0.69270833333333393
 0.6979166666666673
 0.70312500000000067
 0.70833333333333404
 0.71354166666666741
 0.71875000000000078
 0.72395833333333415
 0.72916666666666752
 0.73437500000000089
 0.73958333333333426
 0.74479166666666763
 0.750000000000001
 0.75520833333333437
 0.76041666666666774
 0.76562500000000111
 0.77083333333333448
 0.77604166666666785
 0.78125000000000122
 0.78645833333333459
 0.79166666666666796
 0.79687500000000133
 0.8020833333333347
 0.80729166666666807
 0.81250000000000144
 0.81770833333333481
 0.82291666666666818
 0.82812500000000155
 0.83333333333333492
 0.83854166666666829
 0.84375000000000167
 0.84895833333333504
 0.85416666666666841
 0.85937500000000178
 0.86458333333333515
 0.86979166666666852
 0.87500000000000189
 0.88020833333333526
 0.88541666666666863
 0.890625000000002
 0.89583333333333537
 0.90104166666666874
 0.90625000000000211
 0.91145833333333548
 0.91666666666666885
 0.92187500000000222
 0.92708333333333559
 0.93229166666666896
 0.93750000000000233
 0.9427083333333357
 0.94791666666666907
 0.95312500000000244
 0.95833333333333581
 0.96354166666666918
 0.96875000000000255
 0.97395833333333592
 0.97916666666666929
 0.98437500000000266
 0.98958333333333603
 0.99479166666666941
 1.0000000000000027


