# Created by Octave 6.3.0, Sat Sep 25 14:52:43 2021 -03 <kuroneko@kuroneko-VirtualBox>
# name: beta
# type: scalar
0


# name: Lambda
# type: matrix
# rows: 257
# columns: 1
 1
 0.99992470183977322
 0.99969881869745036
 0.99932238459020173
 0.99879545620761867
 0.99811811290317376
 0.99729045668228178
 0.99631261218692335
 0.99518472667688562
 0.99390697000757511
 0.99247953460444549
 0.99090263543402068
 0.98917650997151407
 0.98730141816507178
 0.98527764239662119
 0.983105487439351
 0.98078528041180768
 0.978317370728637
 0.97570213004795625
 0.97293995221539331
 0.97003125320477235
 0.96697647105546525
 0.96377606580642405
 0.96043051942690905
 0.95694033574390003
 0.95330604036622113
 0.94952818060538724
 0.94560732539318404
 0.94154406519598655
 0.93733901192583002
 0.93299279884827069
 0.92850608048701566
 0.9238795325253415
 0.91911385170435622
 0.91420975571806018
 0.90916798310527225
 0.90398929313840271
 0.89867446570910947
 0.89322430121085816
 0.88763962041837419
 0.88192126436404028
 0.87607009421124615
 0.87008699112469645
 0.86397285613770747
 0.85772861001651801
 0.85135519312162744
 0.84485356526617328
 0.83822470557139761
 0.83146961231918759
 0.8245893028017417
 0.81758481316836473
 0.81045719826942908
 0.80320753149752278
 0.79583690462579659
 0.78834642764354357
 0.78073722858904582
 0.77301045337969188
 0.76516726563940884
 0.75720884652342058
 0.74913639454037306
 0.74095112537184016
 0.73265427168925257
 0.72424708296825613
 0.71573082530054777
 0.70710678120320791
 0.69837624942555598
 0.68954054475356352
 0.68060099781185601
 0.67155895486332007
 0.66241577760636217
 0.65317284296984823
 0.64383154290573696
 0.63439328417945628
 0.62485948815805448
 0.61523159059614574
 0.60551104141968703
 0.5956993045076292
 0.58579785747146385
 0.57580819143269002
 0.56573181079827184
 0.55557023303406783
 0.54532498843631261
 0.53499761990115613
 0.52458968269231399
 0.51410274420684587
 0.50353838373911519
 0.49289819224294962
 0.48218377209204977
 0.47139673683868066
 0.46053871097067273
 0.44961132966678186
 0.43861623855044107
 0.42755509344192844
 0.41642956010901022
 0.40524131401608532
 0.393992040071861
 0.3826834323756147
 0.37131719396207019
 0.35989503654492377
 0.34841868025906864
 0.33688985340154809
 0.32531029217128099
 0.31368174040759533
 0.30200594932761382
 0.2902846772625266
 0.27851968939279342
 0.26671275748231105
 0.25486565961159646
 0.24298017991001175
 0.23105810828708204
 0.21910124016294086
 0.20711137619794673
 0.19509032202151119
 0.18303988796017659
 0.17096188876498752
 0.15885814333819601
 0.14673047445934284
 0.13458070851075207
 0.12241067520248518
 0.1102222072967935
 0.098017140332111216
 0.085797312346629614
 0.073564563601495214
 0.061320736303673531
 0.049067674328519453
 0.036807222942096249
 0.024541228523285118
 0.01227153828572786
 -3.5704428220170397e-13
 -0.012271538286441924
 -0.024541228523999054
 -0.036807222942810053
 -0.049067674329233132
 -0.061320736304386989
 -0.073564563602208477
 -0.085797312347342586
 -0.098017140332823841
 -0.11022220729750551
 -0.12241067520319668
 -0.13458070851146298
 -0.14673047446005322
 -0.15885814333890561
 -0.17096188876569635
 -0.18303988796088483
 -0.19509032202221838
 -0.20711137619865227
 -0.21910124016364468
 -0.23105810828778506
 -0.24298017991071366
 -0.25486565961229685
 -0.26671275748301093
 -0.27851968939349259
 -0.29028467726322554
 -0.30200594932831121
 -0.31368174040829083
 -0.32531029217197432
 -0.33688985340223987
 -0.34841868025975919
 -0.35989503654561256
 -0.37131719396275703
 -0.38268343237629932
 -0.39399204007254368
 -0.40524131401676594
 -0.4164295601096889
 -0.42755509344260456
 -0.43861623855111548
 -0.44961132966745432
 -0.46053871097134003
 -0.47139673683934569
 -0.48218377209271285
 -0.49289819224361059
 -0.50353838373977433
 -0.51410274420750257
 -0.52458968269296724
 -0.53499761990180683
 -0.54532498843696098
 -0.55557023303471453
 -0.56573181079891599
 -0.57580819143333128
 -0.58579785747210222
 -0.59569930450826569
 -0.60551104142032075
 -0.61523159059677668
 -0.62485948815868253
 -0.63439328418008012
 -0.6438315429063578
 -0.65317284297046629
 -0.66241577760697778
 -0.67155895486393236
 -0.68060099781246719
 -0.68954054475417248
 -0.69837624942616072
 -0.7071067812038091
 -0.71573082530114462
 -0.7242470829688481
 -0.73265427168984132
 -0.74095112537242525
 -0.7491363945409536
 -0.75720884652399589
 -0.76516726563997883
 -0.77301045338025642
 -0.7807372285896047
 -0.78834642764409679
 -0.79583690462634515
 -0.8032075314980669
 -0.81045719826996832
 -0.81758481316889842
 -0.82458930280227061
 -0.83146961231971261
 -0.83822470557191775
 -0.84485356526668576
 -0.85135519312213159
 -0.85772861001701728
 -0.86397285613819896
 -0.87008699112518273
 -0.87607009421172533
 -0.88192126436450857
 -0.88763962041883082
 -0.89322430121130358
 -0.89867446570954457
 -0.90398929313882381
 -0.90916798310568459
 -0.91420975571846197
 -0.91911385170474713
 -0.92387953252572164
 -0.92850608048738503
 -0.93299279884863007
 -0.93733901192617675
 -0.94154406519632394
 -0.94560732539351244
 -0.94952818060570177
 -0.95330604036652367
 -0.95694033574419135
 -0.96043051942718793
 -0.96377606580668862
 -0.96697647105571616
 -0.97003125320501149
 -0.97293995221562002
 -0.97570213004816864
 -0.97831737072883573
 -0.98078528041199364
 -0.98310548743952231
 -0.98527764239677773
 -0.98730141816521422
 -0.98917650997164497
 -0.99090263543413848
 -0.99247953460455074
 -0.99390697000766515
 -0.99518472667696412
 -0.99631261218699141
 -0.99729045668233951
 -0.99811811290322339
 -0.99879545620765742
 -0.9993223845902296
 -0.99969881869746824
 -0.99992470183978321
 -1


# name: nen
# type: scalar
4


# name: nel
# type: scalar
256


# name: h
# type: scalar
0.00390625


