# Created by Octave 6.3.0, Sat Sep 25 14:52:34 2021 -03 <kuroneko@kuroneko-VirtualBox>
# name: beta
# type: scalar
0


# name: Lambda
# type: matrix
# rows: 17
# columns: 1
 1
 0.9807852804032704
 0.92387953251135435
 0.83146961230262684
 0.70710678118663206
 0.55557023301967801
 0.38268343236514929
 0.19509032201616597
 1.3001945199504589e-14
 -0.19509032201614032
 -0.38268343236512481
 -0.55557023301965591
 -0.7071067811866123
 -0.83146961230261218
 -0.92387953251134358
 -0.98078528040326662
 -1


# name: nen
# type: scalar
4


# name: nel
# type: scalar
16


# name: h
# type: scalar
0.0625


# name: xl
# type: matrix
# rows: 49
# columns: 1
 0
 0.020833333333333332
 0.041666666666666664
 0.0625
 0.083333333333333329
 0.10416666666666666
 0.12499999999999999
 0.14583333333333331
 0.16666666666666666
 0.1875
 0.20833333333333334
 0.22916666666666669
 0.25
 0.27083333333333331
 0.29166666666666663
 0.31249999999999994
 0.33333333333333326
 0.35416666666666657
 0.37499999999999989
 0.3958333333333332
 0.41666666666666652
 0.43749999999999983
 0.45833333333333315
 0.47916666666666646
 0.49999999999999978
 0.52083333333333315
 0.54166666666666652
 0.56249999999999989
 0.58333333333333326
 0.60416666666666663
 0.625
 0.64583333333333337
 0.66666666666666674
 0.68750000000000011
 0.70833333333333348
 0.72916666666666685
 0.75000000000000022
 0.77083333333333359
 0.79166666666666696
 0.81250000000000033
 0.8333333333333337
 0.85416666666666707
 0.87500000000000044
 0.89583333333333381
 0.91666666666666718
 0.93750000000000056
 0.95833333333333393
 0.9791666666666673
 1.0000000000000007


# name: U
# type: matrix
# rows: 16
# columns: 4
 -7.0089620676444717e-13 0.20546992265503763 0.41006000608940069 0.61289432243159547
 0.61289432243158759 0.8131037575020702 1.0098315587654914 1.202235459767907
 1.202235459767891 1.3894904709421037 1.5707958509582518 1.7453753626067166
 1.7453753626066701 1.9124798448190077 2.0713953395110902 2.2214414690782709
 2.221441469078278 2.3619736907905935 2.4923922668184306 2.6121388256919
 2.6121388256918863 2.7206982124351531 2.8176079570615742 2.9024531521384689
 2.9024531521384636 2.9748678275609444 3.0345445536475673 3.0812278316628152
 3.0812278316628063 3.1147149403986334 3.1348653048290438 3.1415926535888037
 3.141592653588801 3.1348653048290425 3.1147149403986329 3.0812278316628068
 3.0812278316628166 3.0345445536475681 2.9748678275609444 2.9024531521384631
 2.902453152138472 2.8176079570615782 2.7206982124351571 2.6121388256918898
 2.6121388256918991 2.4923922668184297 2.3619736907905931 2.2214414690782776
 2.2214414690783015 2.0713953395111191 1.9124798448190359 1.7453753626066983
 1.7453753626066786 1.5707958509582143 1.3894904709420663 1.202235459767854
 1.2022354597678704 1.0098315587654541 0.81310375750203268 0.61289432243155018
 0.6128943224315645 0.41006000608936954 0.20546992265500633 -7.3243768013446731e-13


# name: P
# type: matrix
# rows: 16
# columns: 4
 0.9999999999413105 0.99785861963615807 0.99144455665149978 0.98078528034680135
 0.98078528034461288 0.96592553547380722 0.94692983536325503 0.92387953245927523
 0.92387953245498144 0.89687247468046793 0.86602513154636007 0.83146961225694072
 0.83146961225070448 0.79335310765702582 0.75183956759661763 0.70710678114909375
 0.7071067811411561 0.65934562562386545 0.60876123070061683 0.55557023299173081
 0.55557023298239705 0.49999986096326005 0.44228854110601667 0.38268343234786673
 0.38268343233749502 0.3214393820489842 0.25881895091497964 0.19509032201021193
 0.19509032199920143 0.13052616794784563 0.06540309358761788 5.6164426176297187e-12
 -5.609849101909039e-12 -0.065403093587611191 -0.13052616794783889 -0.19509032199919465
 -0.1950903220102054 -0.25881895091497303 -0.3214393820489776 -0.38268343233748842
 -0.38268343234785968 -0.4422885411060099 -0.49999986096325344 -0.55557023298239039
 -0.55557023299172492 -0.60876123070061106 -0.65934562562386001 -0.70710678114115066
 -0.7071067811490882 -0.75183956759661263 -0.79335310765702149 -0.83146961225070048
 -0.83146961225693772 -0.8660251315463563 -0.89687247468046383 -0.92387953245497689
 -0.92387953245927401 -0.94692983536325326 -0.96592553547380511 -0.98078528034461021
 -0.98078528034680157 -0.99144455665149944 -0.99785861963615796 -0.99999999994131039


# name: x
# type: range
# base, limit, increment
0 1 0.020833333333333332


# name: exata
# type: matrix
# rows: 49
# columns: 1
 1
 0.99785892323860348
 0.99144486137381038
 0.98078528040323043
 0.96592582628906831
 0.94693012949510569
 0.92387953251128674
 0.89687274153268837
 0.86602540378443871
 0.83146961230254524
 0.79335334029123517
 0.75183980747897738
 0.70710678118654757
 0.65934581510006895
 0.60876142900872077
 0.5555702330196024
 0.50000000000000033
 0.44228869021900163
 0.38268343236509023
 0.32143946530316192
 0.25881904510252118
 0.19509032201612875
 0.13052619222005216
 0.065403129230143714
 7.273661547324616e-16
 -0.065403129230142493
 -0.13052619222005116
 -0.19509032201612778
 -0.25881904510252041
 -0.32143946530316136
 -0.38268343236508973
 -0.44228869021900113
 -0.50000000000000022
 -0.55557023301960229
 -0.60876142900872099
 -0.65934581510006918
 -0.70710678118654813
 -0.75183980747897783
 -0.79335334029123561
 -0.83146961230254579
 -0.86602540378443915
 -0.89687274153268892
 -0.92387953251128718
 -0.94693012949510613
 -0.96592582628906865
 -0.98078528040323076
 -0.9914448613738106
 -0.99785892323860359
 -1


