# Created by Octave 6.3.0, Fri Sep 24 19:58:12 2021 -03 <kuroneko@kuroneko-VirtualBox>
# name: beta
# type: scalar
0


# name: Lambda
# type: matrix
# rows: 257
# columns: 1
 1
 0.99992470184234361
 0.99969881870253796
 0.9993223845977568
 0.99879545621758892
 0.99811811291551489
 0.99729045669694272
 0.99631261220385625
 0.99518472669603797
 0.99390697002889794
 0.99247953462789007
 0.99090263545953516
 0.98917650999905249
 0.98730141819458173
 0.98527764242805316
 0.98310548747265825
 0.98078528044693736
 0.97831737076553837
 0.97570213008658491
 0.97293995225569807
 0.97003125324670247
 0.966976471098972
 0.96377606585145958
 0.96043051947342506
 0.95694033579184723
 0.95330604041555045
 0.94952818065605205
 0.94560732544513515
 0.941544065249174
 0.93733901198021075
 0.93299279890379783
 0.92850608054364292
 0.92387953258302613
 0.91911385176305138
 0.91420975577772179
 0.90916798316585423
 0.90398929319986254
 0.8986744657714022
 0.89322430127393937
 0.88763962048219691
 0.88192126442856111
 0.87607009427642046
 0.87008699119047994
 0.86397285620405739
 0.85772861008338863
 0.85135519318897357
 0.84485356533395772
 0.83822470563957485
 0.83146961238771722
 0.82458930287058241
 0.81758481323747656
 0.81045719833876861
 0.80320753156705305
 0.79583690469547486
 0.78834642771333197
 0.78073722865890471
 0.77301045344958608
 0.76516726570929749
 0.7572088465932646
 0.74913639461013604
 0.74095112544148511
 0.73265427175874165
 0.7242470830375517
 0.71573082536961419
 0.70710678127201043
 0.69837624949405819
 0.68954054482173122
 0.68060099787965078
 0.67155895493070883
 0.6624157776733135
 0.65317284303632595
 0.64383154297170808
 0.6343932842448905
 0.62485948822291937
 0.61523159066041055
 0.60551104148332013
 0.59569930457060249
 0.58579785753374414
 0.57580819149425078
 0.56573181085908264
 0.55557023309410092
 0.5453249884955399
 0.53499761995955175
 0.52458968274985052
 0.514102744263497
 0.50353838379485449
 0.49289819229774895
 0.48218377214588726
 0.47139673689153189
 0.46053871102251431
 0.4496113297175931
 0.43861623860019855
 0.4275550934906106
 0.41642956015659499
 0.40524131406255154
 0.39399204011718747
 0.38268343241978359
 0.3713171940050628
 0.35989503658672078
 0.34841868029965273
 0.33688985344090133
 0.32531029220938673
 0.31368174044443725
 0.30200594936317621
 0.29028467729679408
 0.27851968942574995
 0.26671275751394369
 0.25486565964189173
 0.24298017993895746
 0.23105810831466603
 0.21910124018915145
 0.20711137622277262
 0.19509032204494242
 0.18303988798220308
 0.17096188878559945
 0.15885814335738588
 0.14673047447710239
 0.13458070852707416
 0.12241067521736301
 0.1102222073102212
 0.098017140344082807
 0.085797312357139985
 0.073564563610540368
 0.061320736311249881
 0.049067674334623904
 0.036807222946726247
 0.02454122852643903
 0.012271538287404531
 -1.5826788637091357e-13
 -0.012271538287721017
 -0.024541228526755356
 -0.036807222947042299
 -0.049067674334939658
 -0.06132073631156526
 -0.073564563610855463
 -0.0857973123574544
 -0.098017140344396347
 -0.11022220731053364
 -0.12241067521767506
 -0.13458070852738518
 -0.14673047447741216
 -0.15885814335769424
 -0.17096188878590662
 -0.1830398879825082
 -0.19509032204524643
 -0.20711137622307574
 -0.21910124018945246
 -0.23105810831496607
 -0.24298017993925675
 -0.25486565964218999
 -0.26671275751424128
 -0.27851968942604632
 -0.29028467729708801
 -0.30200594936346792
 -0.31368174044472719
 -0.32531029220967533
 -0.33688985344118977
 -0.34841868029993955
 -0.35989503658700606
 -0.37131719400534635
 -0.38268343242006531
 -0.39399204011746786
 -0.40524131406282904
 -0.41642956015687116
 -0.42755509349088511
 -0.43861623860047183
 -0.44961132971786549
 -0.46053871102278549
 -0.47139673689180028
 -0.4821837721461546
 -0.49289819229801479
 -0.50353838379511684
 -0.51410274426375835
 -0.5245896827501102
 -0.53499761995981066
 -0.5453249884957988
 -0.5555702330943596
 -0.56573181085934143
 -0.57580819149450901
 -0.58579785753400115
 -0.59569930457085873
 -0.60551104148357671
 -0.61523159066066579
 -0.62485948822317516
 -0.63439328424514474
 -0.64383154297196121
 -0.6531728430365793
 -0.6624157776735663
 -0.67155895493096152
 -0.68060099787990502
 -0.68954054482198546
 -0.69837624949431398
 -0.70710678127226689
 -0.71573082536987442
 -0.72424708303781427
 -0.73265427175900655
 -0.74095112544175257
 -0.7491363946104066
 -0.75720884659353782
 -0.76516726570957283
 -0.77301045344986374
 -0.78073722865918471
 -0.78834642771361152
 -0.79583690469575252
 -0.80320753156733049
 -0.81045719833904528
 -0.8175848132377489
 -0.8245893028708553
 -0.83146961238798867
 -0.8382247056398433
 -0.84485356533422151
 -0.85135519318923603
 -0.85772861008364742
 -0.86397285620431163
 -0.87008699119073374
 -0.8760700942766716
 -0.88192126442880758
 -0.88763962048244083
 -0.89322430127417962
 -0.8986744657716399
 -0.90398929320009502
 -0.90916798316608327
 -0.91420975577794705
 -0.91911385176327098
 -0.92387953258324007
 -0.92850608054385242
 -0.93299279890400166
 -0.93733901198040637
 -0.94154406524936318
 -0.94560732544531501
 -0.9495281806562258
 -0.95330604041571643
 -0.95694033579200455
 -0.96043051947357838
 -0.96377606585160591
 -0.96697647109911278
 -0.97003125324683825
 -0.97293995225582652
 -0.97570213008670836
 -0.97831737076566017
 -0.98078528044705182
 -0.98310548747276327
 -0.98527764242815219
 -0.98730141819467321
 -0.9891765099991382
 -0.99090263545961654
 -0.99247953462796346
 -0.99390697002896122
 -0.99518472669609559
 -0.99631261220390765
 -0.99729045669698768
 -0.99811811291555297
 -0.99879545621762178
 -0.999322384597781
 -0.99969881870255295
 -0.99992470184235105
 -1


# name: nen
# type: scalar
5


# name: nel
# type: scalar
256


# name: h
# type: scalar
0.00390625


