# Created by Octave 6.3.0, Fri Sep 24 19:57:35 2021 -03 <kuroneko@kuroneko-VirtualBox>
# name: beta
# type: scalar
0


# name: Lambda
# type: matrix
# rows: 65
# columns: 1
 1
 0.99879545632634226
 0.99518472690483206
 0.98917651029921339
 0.98078528082985017
 0.97003125370382237
 0.95694033631471997
 0.94154406582946704
 0.92387953321252081
 0.90398929387048865
 0.8819212651324293
 0.85772861081280749
 0.83146961313520895
 0.80320753232535913
 0.77301045421169767
 0.74095112620065595
 0.70710678202178179
 0.67155895566492019
 0.63439328495768998
 0.59569930525645765
 0.55557023374781933
 0.51410274488023378
 0.47139673746680977
 0.42755509402031455
 0.3826834329001888
 0.3368898538686676
 0.2902846776689853
 0.24298018025304219
 0.19509032229880124
 0.14673047466903402
 0.098017140472806644
 0.049067674399285423
 1.2074394983100391e-14
 -0.049067674399261303
 -0.098017140472782593
 -0.14673047466901026
 -0.19509032229877765
 -0.24298018025301885
 -0.29028467766896243
 -0.3368898538686449
 -0.38268343290016638
 -0.42755509402029257
 -0.47139673746678823
 -0.5141027448802129
 -0.55557023374779901
 -0.59569930525643822
 -0.63439328495767111
 -0.67155895566490154
 -0.70710678202176358
 -0.74095112620063841
 -0.7730104542116808
 -0.80320753232534325
 -0.83146961313519485
 -0.85772861081279428
 -0.88192126513241698
 -0.90398929387047722
 -0.92387953321251015
 -0.94154406582945838
 -0.95694033631471176
 -0.97003125370381471
 -0.98078528082984506
 -0.98917651029921005
 -0.99518472690483029
 -0.99879545632634092
 -1


# name: nen
# type: scalar
2


# name: nel
# type: scalar
64


# name: h
# type: scalar
0.015625


# name: xl
# type: matrix
# rows: 65
# columns: 1
 0
 0.015625
 0.03125
 0.046875
 0.0625
 0.078125
 0.09375
 0.109375
 0.125
 0.140625
 0.15625
 0.171875
 0.1875
 0.203125
 0.21875
 0.234375
 0.25
 0.265625
 0.28125
 0.296875
 0.3125
 0.328125
 0.34375
 0.359375
 0.375
 0.390625
 0.40625
 0.421875
 0.4375
 0.453125
 0.46875
 0.484375
 0.5
 0.515625
 0.53125
 0.546875
 0.5625
 0.578125
 0.59375
 0.609375
 0.625
 0.640625
 0.65625
 0.671875
 0.6875
 0.703125
 0.71875
 0.734375
 0.75
 0.765625
 0.78125
 0.796875
 0.8125
 0.828125
 0.84375
 0.859375
 0.875
 0.890625
 0.90625
 0.921875
 0.9375
 0.953125
 0.96875
 0.984375
 1


# name: U
# type: matrix
# rows: 64
# columns: 2
 -0.15418159829392519 -3.095330536075176e-05
 -0.30802272903025163 -0.15424344644746654
 -0.46112180601330321 -0.30808435359751363
 -0.61311000015669115 -0.46118305853526448
 -0.76362115858822732 -0.61317073307075787
 -0.91229268674405428 -0.76368122558351481
 -1.05876642189071 -0.91235194311386258
 -1.2026894959704211 -1.0588247248810332
 -1.343715185691839 -1.2027467051245304
 -1.4815037478160027 -1.3437711631878406
 -1.615723237627694 -1.4815583587989973
 -1.7460503086199348 -1.6157763505352578
 -1.8721709914632927 -1.746101795498312
 -1.9937814503861224 -1.8722207282762751
 -2.1105887151408536 -1.9938293173131638
 -2.2223113867955813 -2.1106345968663316
 -2.3286803156486955 -2.2223551727865569
 -2.4294392496335755 -2.3287219004206858
 -2.524345451652914 -2.4294785330053243
 -2.6131702843532678 -2.5243823389873614
 -2.695699760932488 -2.6132046867855565
 -2.7717350606528193 -2.6957315955841987
 -2.8410930078172592 -2.7717642508314162
 -2.9036065130560389 -2.8411194832010347
 -2.9591249758596234 -2.9036302098635955
 -3.0075146473881733 -2.9591458370031738
 -3.048658952684534 -3.0075326226113881
 -3.0824587715134837 -3.0486739986835785
 -3.1088326771509207 -3.0824708520412005
 -3.127717132548073 -3.10884176310425
 -3.1390666433978383 -3.1277232020381893
 -3.1428538677344577 -3.1390696818027863
 -3.1390696818027881 -3.1428538677344595
 -3.1277232020381973 -3.1390666433978462
 -3.1088417631042691 -3.1277171325480926
 -3.0824708520411974 -3.108832677150918
 -3.0486739986835918 -3.082458771513497
 -3.0075326226114112 -3.0486589526845567
 -2.9591458370031747 -3.0075146473881738
 -2.9036302098636222 -2.9591249758596501
 -2.8411194832010875 -2.9036065130560922
 -2.7717642508314486 -2.8410930078172916
 -2.6957315955842458 -2.7717350606528668
 -2.6132046867855769 -2.695699760932508
 -2.5243823389873774 -2.6131702843532838
 -2.4294785330053474 -2.5243454516529371
 -2.3287219004206867 -2.4294392496335768
 -2.2223551727865578 -2.3286803156486964
 -2.1106345968663902 -2.2223113867956399
 -1.993829317313186 -2.1105887151408758
 -1.8722207282763064 -1.9937814503861537
 -1.7461017954984477 -1.8721709914634286
 -1.6157763505353284 -1.7460503086200057
 -1.4815583587990693 -1.6157232376277655
 -1.3437711631878615 -1.4815037478160233
 -1.2027467051245915 -1.3437151856919001
 -1.0588247248811693 -1.2026894959705572
 -0.9123519431137832 -1.0587664218906305
 -0.76368122558356999 -0.91229268674410957
 -0.6131707330708388 -0.76362115858830815
 -0.46118305853534663 -0.6131100001567733
 -0.30808435359757469 -0.46112180601336428
 -0.15424344644745483 -0.30802272903023997
 -3.0953305426037719e-05 -0.15418159829399047


# name: P
# type: matrix
# rows: 64
# columns: 2
 -0.99989952056417797 -0.99869521877623213
 -0.99869497706857002 -0.99508497272147323
 -0.99508448988844267 -0.98907747979916993
 -0.98907675700395847 -0.98068721258627123
 -0.98068625157015454 -0.96993438397169485
 -0.96993318704984821 -0.95684489846171583
 -0.95684346851762592 -0.94145028977373146
 -0.94144863025225956 -0.92378764486878673
 -0.92378575976786592 -0.90389951460582552
 -0.90389740846682964 -0.88183381123294902
 -0.88183148912974807 -0.85764369296261256
 -0.85764116048935979 -0.83138743590883923
 -0.83138469916648394 -0.80312829369495176
 -0.80312535927654616 -0.77293434507005343
 -0.77293122004486747 -0.7408783299013626
 -0.74087502179785636 -0.70703747393750116
 -0.70703399072518558 -0.67149330276489705
 -0.67148965283513629 -0.63433144540551234
 -0.63432763755130606 -0.59564142802902287
 -0.59563747142382506 -0.55551645827643681
 -0.5555123624520566 -0.51405320071472493
 -0.51404897553836248 -0.47135154396340911
 -0.47134719961388344 -0.4275143600541299
 -0.42750990699736013 -0.38264725660291332
 -0.38264270556670255 -0.33685832239216917
 -0.33685368434036306 -0.29025786697535289
 -0.29025315308142452 -0.24295815493158546
 -0.24295337655171723 -0.19507313541044807
 -0.19506830405617653 -0.14671816761850409
 -0.14671329492898466 -0.098009742908862899
 -0.098004840622831171 -0.049065204143307242
 -0.049060284070799841 -2.4630030624801066e-06
 2.4630030350193294e-06 0.049060284070772411
 0.049065204143279813 0.09800484062280386
 0.098009742908835518 0.14671329492895757
 0.14671816761847722 0.19506830405614964
 0.19507313541042129 0.24295337655169066
 0.24295815493155865 0.29025315308139804
 0.29025786697532702 0.33685368434033719
 0.33685832239214353 0.38264270556667729
 0.38264725660288768 0.42750990699733532
 0.42751436005410581 0.47134719961385985
 0.4713515439633848 0.51404897553833895
 0.51405320071470162 0.55551236245203361
 0.55551645827641494 0.59563747142380341
 0.59564142802900077 0.6343276375512843
 0.63433144540549069 0.67148965283511464
 0.67149330276487662 0.70703399072516526
 0.70703747393747995 0.74087502179783604
 0.74087832990134284 0.77293122004484816
 0.772934345070034 0.80312535927652728
 0.80312829369493377 0.83138469916646818
 0.83138743590882347 0.85764116048934513
 0.85764369296259779 0.88183148912973452
 0.88183381123293436 0.90389740846681532
 0.90389951460581253 0.92378575976785393
 0.92378764486877563 0.94144863025225056
 0.94145028977372192 0.95684346851761515
 0.95684489846170651 0.96993318704983966
 0.96993438397168774 0.98068625157014866
 0.98068721258626534 0.98907675700395403
 0.98907747979916649 0.99508448988844023
 0.99508497272147112 0.99869497706856769
 0.99869521877623046 0.9998995205641773


# name: x
# type: range
# base, limit, increment
0 1 0.015625


