# Created by Octave 6.3.0, Fri Sep 24 19:57:54 2021 -03 <kuroneko@kuroneko-VirtualBox>
# name: beta
# type: scalar
0


# name: Lambda
# type: matrix
# rows: 5
# columns: 1
 1
 0.70710678118649894
 1.9984014443254632e-15
 -0.70710678118649617
 -1


# name: nen
# type: scalar
5


# name: nel
# type: scalar
4


# name: h
# type: scalar
0.25


# name: xl
# type: matrix
# rows: 17
# columns: 1
 0
 0.0625
 0.125
 0.1875
 0.25
 0.3125
 0.375
 0.4375
 0.5
 0.5625
 0.625
 0.6875
 0.75
 0.8125
 0.875
 0.9375
 1


# name: U
# type: matrix
# rows: 4
# columns: 5
 -2.3431457505073303 -1.730236166131685 -1.1409106395609916 -0.59778511081162844 -0.12170428142806641
 -3.4354127804117391 -3.0447085630628052 -2.7544019394832269 -2.5756319772255112 -2.51526159590109
 -2.5152615959011033 -2.5756319772255201 -2.7544019394832322 -3.0447085630628079 -3.4354127804117391
 -0.121704281428079 -0.59778511081163954 -1.140910639561002 -1.7302361661316945 -2.3431457505073388


# name: P
# type: matrix
# rows: 4
# columns: 5
 -0.99999999895932035 -0.87276997373257248 -0.78322702630733876 -0.72918846637157186 -0.70710678011144157
 -0.70710678078980882 -0.50509466731298291 -0.32442325671363204 -0.15845824493616797 4.7968166923598924e-10
 -4.7967778672104036e-10 0.15845824493617219 0.32442325671363659 0.5050946673129878 0.70710678078981437
 0.70710678011144168 0.72918846637157275 0.7832270263073402 0.87276997373257459 0.99999999895932357


# name: x
# type: range
# base, limit, increment
0 1 0.0625


# name: exata
# type: matrix
# rows: 17
# columns: 1
 1
 0.98078528040323043
 0.92387953251128674
 0.83146961230254524
 0.70710678118654757
 0.55557023301960229
 0.38268343236508984
 0.19509032201612833
 6.123233995736766e-17
 -0.19509032201612819
 -0.38268343236508973
 -0.55557023301960196
 -0.70710678118654746
 -0.83146961230254535
 -0.92387953251128674
 -0.98078528040323043
 -1


