# Created by Octave 6.3.0, Fri Sep 24 19:57:38 2021 -03 <kuroneko@kuroneko-VirtualBox>
# name: beta
# type: scalar
0


# name: Lambda
# type: matrix
# rows: 65
# columns: 1
 1
 0.9987954562052328
 0.99518472667231384
 0.98917650996494944
 0.98078528040344637
 0.97003125319480077
 0.95694033573250237
 0.94154406518334544
 0.92387953251163757
 0.90398929312381693
 0.88192126434874751
 0.85772861000067901
 0.8314696123029609
 0.80320753148106605
 0.77301045336316054
 0.74095112535538121
 0.70710678118696391
 0.67155895484742623
 0.63439328416404073
 0.59569930449281239
 0.55557023301996267
 0.51410274419356117
 0.47139673682631311
 0.4275550934305718
 0.38268343236535179
 0.33688985339245264
 0.29028467725466345
 0.24298017990343213
 0.19509032201626256
 0.14673047445546106
 0.098017140329624108
 0.049067674327445514
 -8.8783809154516035e-15
 -0.049067674327463298
 -0.098017140329641941
 -0.14673047445547863
 -0.19509032201627999
 -0.24298017990344958
 -0.2902846772546806
 -0.33688985339246907
 -0.38268343236536784
 -0.42755509343058801
 -0.4713967368263291
 -0.51410274419357704
 -0.55557023301997721
 -0.59569930449282649
 -0.63439328416405383
 -0.67155895484743833
 -0.70710678118697623
 -0.74095112535539265
 -0.7730104533631722
 -0.80320753148107682
 -0.83146961230297134
 -0.85772861000068867
 -0.88192126434875551
 -0.90398929312382414
 -0.92387953251164412
 -0.94154406518334988
 -0.95694033573250392
 -0.97003125319480177
 -0.98078528040344604
 -0.98917650996495032
 -0.99518472667231483
 -0.9987954562052338
 -1


# name: nen
# type: scalar
3


# name: nel
# type: scalar
64


# name: h
# type: scalar
0.015625


# name: xl
# type: matrix
# rows: 129
# columns: 1
 0
 0.0078125
 0.015625
 0.0234375
 0.03125
 0.0390625
 0.046875
 0.0546875
 0.0625
 0.0703125
 0.078125
 0.0859375
 0.09375
 0.1015625
 0.109375
 0.1171875
 0.125
 0.1328125
 0.140625
 0.1484375
 0.15625
 0.1640625
 0.171875
 0.1796875
 0.1875
 0.1953125
 0.203125
 0.2109375
 0.21875
 0.2265625
 0.234375
 0.2421875
 0.25
 0.2578125
 0.265625
 0.2734375
 0.28125
 0.2890625
 0.296875
 0.3046875
 0.3125
 0.3203125
 0.328125
 0.3359375
 0.34375
 0.3515625
 0.359375
 0.3671875
 0.375
 0.3828125
 0.390625
 0.3984375
 0.40625
 0.4140625
 0.421875
 0.4296875
 0.4375
 0.4453125
 0.453125
 0.4609375
 0.46875
 0.4765625
 0.484375
 0.4921875
 0.5
 0.5078125
 0.515625
 0.5234375
 0.53125
 0.5390625
 0.546875
 0.5546875
 0.5625
 0.5703125
 0.578125
 0.5859375
 0.59375
 0.6015625
 0.609375
 0.6171875
 0.625
 0.6328125
 0.640625
 0.6484375
 0.65625
 0.6640625
 0.671875
 0.6796875
 0.6875
 0.6953125
 0.703125
 0.7109375
 0.71875
 0.7265625
 0.734375
 0.7421875
 0.75
 0.7578125
 0.765625
 0.7734375
 0.78125
 0.7890625
 0.796875
 0.8046875
 0.8125
 0.8203125
 0.828125
 0.8359375
 0.84375
 0.8515625
 0.859375
 0.8671875
 0.875
 0.8828125
 0.890625
 0.8984375
 0.90625
 0.9140625
 0.921875
 0.9296875
 0.9375
 0.9453125
 0.953125
 0.9609375
 0.96875
 0.9765625
 0.984375
 0.9921875
 1


# name: U
# type: matrix
# rows: 64
# columns: 3
 -0.15418160573379092 -0.077083062823769408 -3.0960538049812273e-05
 -0.30802273502094518 -0.23106348862952686 -0.1542434522314825
 -0.46112181055986623 -0.38448726225244167 -0.308084357938396
 -0.61311000326762244 -0.5369847723834581 -0.46118306144200771
 -0.76362116027556892 -0.68818863916364736 -0.61317073455589588
 -0.91229268702284483 -0.83773459923363314 -0.76368122566257313
 -1.0587664207799159 -0.98526238327741567 -0.91235194180628909
 -1.2026894934920966 -1.1304165839408447 -1.0588247222093561
 -1.343715181871372 -1.272847512040836 -1.2027467011146027
 -1.4815037426818847 -1.412212038995962 -1.3437711578686118
 -1.6157232312119156 -1.548174423454022 -1.4815583522029032
 -1.7460503009575781 -1.680407120122178 -1.6157763426978136
 -1.8721709825919135 -1.8085915688513043 -1.7461017864574973
 -1.9937814403463585 -1.9324189620771395 -1.8722207180731345
 -2.1105887039765254 -2.0515909887635657 -1.9938293059919121
 -2.2223113745530867 -2.1658205530599237 -2.1106345844737442
 -2.3286803023767422 -2.2748324659403649 -2.2223551593717037
 -2.4294392353837724 -2.3783641081586691 -2.3287218860355194
 -2.5243454364790168 -2.4761660629203259 -2.4294785177039273
 -2.613170268311102 -2.5680027167497408 -2.5243823228258657
 -2.6956997440801262 -2.6536528271040165 -2.6132046698223226
 -2.7717350430504051 -2.7329100553654171 -2.6957315778796365
 -2.8410929895265267 -2.8055834639286608 -2.7717642324475067
 -2.903606494140496 -2.8714979761871842 -2.8411194642015087
 -2.9591249563842292 -2.930494798307596 -2.903630190313617
 -3.007514627419321 -2.9824318017778784 -2.9591458169693152
 -3.0486589322897109 -3.0271838658074244 -3.0075326021612914
 -3.0824587507612602 -3.0646431787542809 -3.0486739778859495
 -3.1088326561107218 -3.0947194978524726 -3.0824708309655713
 -3.127717111290008 -3.1173403666149002 -3.1088417418208163
 -3.1390666219924919 -3.1324512893873435 -3.1277231806175974
 -3.1428538462528688 -3.1400158626333607 -3.1390696603161121
 -3.139069660316117 -3.1400158626333661 -3.1428538462528746
 -3.1277231806176151 -3.1324512893873604 -3.1390666219925087
 -3.1088417418207981 -3.1173403666148825 -3.1277171112899902
 -3.0824708309655819 -3.0947194978524823 -3.1088326561107316
 -3.048673977885989 -3.0646431787543209 -3.082458750761301
 -3.0075326021613007 -3.0271838658074337 -3.0486589322897202
 -2.9591458169693046 -2.9824318017778682 -3.0075146274193116
 -2.9036301903136201 -2.9304947983075982 -2.959124956384231
 -2.8411194642015913 -2.8714979761872663 -2.9036064941405777
 -2.7717642324475356 -2.8055834639286896 -2.8410929895265555
 -2.6957315778797364 -2.7329100553655166 -2.7717350430505046
 -2.613204669822291 -2.6536528271039845 -2.6956997440800943
 -2.5243823228259221 -2.5680027167497967 -2.613170268311158
 -2.4294785177039233 -2.4761660629203224 -2.5243454364790137
 -2.3287218860355448 -2.3783641081586948 -2.4294392353837981
 -2.2223551593718343 -2.274832465940495 -2.3286803023768723
 -2.1106345844737802 -2.1658205530599592 -2.2223113745531218
 -1.9938293059919909 -2.0515909887636443 -2.1105887039766036
 -1.8722207180732102 -1.9324189620772152 -1.9937814403464338
 -1.7461017864575534 -1.8085915688513603 -1.8721709825919695
 -1.6157763426978666 -1.6804071201222306 -1.74605030095763
 -1.4815583522029252 -1.548174423454044 -1.6157232312119376
 -1.3437711578686393 -1.4122120389959893 -1.4815037426819118
 -1.2027467011146546 -1.2728475120408875 -1.3437151818714228
 -1.0588247222093068 -1.1304165839407956 -1.2026894934920476
 -0.91235194180610135 -0.98526238327722759 -1.0587664207797276
 -0.76368122566261598 -0.8377345992336761 -0.91229268702288768
 -0.61317073455588333 -0.68818863916363471 -0.76362116027555615
 -0.46118306144232984 -0.53698477238378028 -0.61311000326794463
 -0.30808435793852773 -0.3844872622525734 -0.4611218105599979
 -0.15424345223160582 -0.23106348862965009 -0.30802273502106847
 -3.0960538175107833e-05 -0.077083062823894669 -0.15418160573391615


