# Created by Octave 6.3.0, Fri Sep 24 19:57:42 2021 -03 <kuroneko@kuroneko-VirtualBox>
# name: beta
# type: scalar
0


# name: Lambda
# type: matrix
# rows: 5
# columns: 1
 1
 0.70710678130798621
 2.5165055224836658e-15
 -0.70710678130798232
 -1


# name: nen
# type: scalar
4


# name: nel
# type: scalar
4


# name: h
# type: scalar
0.25


# name: xl
# type: matrix
# rows: 13
# columns: 1
 0
 0.083333333333333329
 0.16666666666666666
 0.25
 0.33333333333333331
 0.41666666666666663
 0.49999999999999994
 0.58333333333333326
 0.66666666666666663
 0.75
 0.83333333333333337
 0.91666666666666674
 1


# name: U
# type: matrix
# rows: 4
# columns: 4
 -2.3431457507088438 -1.5301092694946574 -0.77246690148501307 -0.12170428181456118
 -3.4354127827423633 -2.9363681839756142 -2.6225424397175519 -2.5152615983083413
 -2.5152615983083435 -2.6225424397175545 -2.9363681839756168 -3.4354127827423655
 -0.12170428181458955 -0.77246690148504094 -1.5301092694946854 -2.3431457507088718


# name: P
# type: matrix
# rows: 4
# columns: 4
 -1.0000002846063276 -0.83888141425990326 -0.74352409445381629 -0.70710692676799825
 -0.70710703834210642 -0.44283337891993679 -0.21262044403432659 7.8894802981221868e-08
 -7.8894811633681556e-08 0.21262044403431862 0.44283337891992952 0.70710703834209976
 0.7071069267679907 0.74352409445381151 0.83888141425990159 1.0000002846063287


# name: x
# type: range
# base, limit, increment
0 1 0.083333333333333329


# name: exata
# type: matrix
# rows: 13
# columns: 1
 1
 0.96592582628906831
 0.86602540378443871
 0.70710678118654757
 0.50000000000000011
 0.25881904510252096
 2.8327694488239898e-16
 -0.25881904510252041
 -0.49999999999999978
 -0.70710678118654746
 -0.86602540378443871
 -0.96592582628906831
 -1


