# Created by Octave 6.3.0, Fri Sep 24 19:57:35 2021 -03 <kuroneko@kuroneko-VirtualBox>
# name: beta
# type: scalar
0


# name: Lambda
# type: matrix
# rows: 17
# columns: 1
 1
 0.98078538981614538
 0.92387971235357158
 0.8314698258525034
 0.70710699539552457
 0.55557041978202826
 0.38268356959856054
 0.19509039451001894
 1.1842378929335304e-15
 -0.19509039451001664
 -0.38268356959855848
 -0.55557041978202648
 -0.70710699539552291
 -0.83146982585250229
 -0.92387971235357136
 -0.98078538981614527
 -1


# name: nen
# type: scalar
2


# name: nel
# type: scalar
16


# name: h
# type: scalar
0.0625


# name: xl
# type: matrix
# rows: 17
# columns: 1
 0
 0.0625
 0.125
 0.1875
 0.25
 0.3125
 0.375
 0.4375
 0.5
 0.5625
 0.625
 0.6875
 0.75
 0.8125
 0.875
 0.9375
 1


# name: U
# type: matrix
# rows: 16
# columns: 2
 -0.6148695944681849 -0.0019754831674143949
 -1.208089636086408 -0.61874870176794849
 -1.754883390999719 -1.2117436752632254
 -2.2342378818523243 -1.7581719393772883
 -2.6277317843858277 -2.2370345623607086
 -2.9202433485997674 -2.6299291221614642
 -3.1005315191238187 -2.9217569011842612
 -3.1616679226714894 -3.1013031215401345
 -3.1013031215401368 -3.1616679226714912
 -2.921756901184267 -3.1005315191238241
 -2.6299291221614705 -2.9202433485997741
 -2.2370345623607113 -2.6277317843858303
 -1.7581719393773025 -2.2342378818523381
 -1.2117436752632409 -1.7548833909997346
 -0.61874870176794827 -1.2080896360864077
 -0.0019754831674154861 -0.61486959446818601


# name: P
# type: matrix
# rows: 16
# columns: 2
 -0.99837302233902181 -0.97922021064742681
 -0.97915913750199901 -0.92243648063480199
 -0.92231668135067746 -0.83020400416926377
 -0.83003008256574484 -0.70606722856521975
 -0.70584586835199448 -0.55479666546083861
 -0.55453637338676076 -0.3822055627311236
 -0.38191634167462674 -0.19492650463218089
 -0.19461946919626893 -0.00015652530785684461
 0.00015652530785571555 0.19461946919626788
 0.19492650463217989 0.38191634167462607
 0.3822055627311236 0.55453637338676109
 0.55479666546083783 0.7058458683519937
 0.70606722856521864 0.83003008256574451
 0.8302040041692621 0.92231668135067668
 0.92243648063480221 0.97915913750199923
 0.97922021064742704 0.99837302233902203


# name: x
# type: range
# base, limit, increment
0 1 0.0625


# name: exata
# type: matrix
# rows: 17
# columns: 1
 1
 0.98078528040323043
 0.92387953251128674
 0.83146961230254524
 0.70710678118654757
 0.55557023301960229
 0.38268343236508984
 0.19509032201612833
 6.123233995736766e-17
 -0.19509032201612819
 -0.38268343236508973
 -0.55557023301960196
 -0.70710678118654746
 -0.83146961230254535
 -0.92387953251128674
 -0.98078528040323043
 -1


