# Created by Octave 6.3.0, Fri Sep 24 19:57:37 2021 -03 <kuroneko@kuroneko-VirtualBox>
# name: beta
# type: scalar
0


# name: Lambda
# type: matrix
# rows: 5
# columns: 1
 1
 0.70710665700323827
 8.8817841970012858e-16
 -0.70710665700323683
 -1


# name: nen
# type: scalar
3


# name: nel
# type: scalar
4


# name: h
# type: scalar
0.25


# name: xl
# type: matrix
# rows: 9
# columns: 1
 0
 0.125
 0.25
 0.375
 0.5
 0.625
 0.75
 0.875
 1


# name: U
# type: matrix
# rows: 4
# columns: 3
 -2.3431455447539604 -1.1412417219594371 -0.12170381152095591
 -3.4354103235727513 -2.7551995471471478 -2.5152590296460446
 -2.5152590296460429 -2.7551995471471455 -3.4354103235727478
 -0.12170381152096366 -1.1412417219594455 -2.3431455447539693


# name: P
# type: matrix
# rows: 4
# columns: 3
 -1.0004766634277349 -0.78316428030801322 -0.70759898760557627
 -0.70728843028509192 -0.32439723009729504 -0.00021959718726283019
 0.00021959718726112431 0.3243972300972931 0.70728843028508981
 0.70759898760557371 0.78316428030801188 1.0004766634277349


# name: x
# type: range
# base, limit, increment
0 1 0.125


# name: exata
# type: matrix
# rows: 9
# columns: 1
 1
 0.92387953251128674
 0.70710678118654757
 0.38268343236508984
 6.123233995736766e-17
 -0.38268343236508973
 -0.70710678118654746
 -0.92387953251128674
 -1


