# Created by Octave 6.2.0, Mon Aug 23 15:04:07 2021 -03 <kuroneko@kuroneko-VirtualBox>
# name: alfa
# type: scalar
0


# name: beta
# type: scalar
10


# name: h
# type: scalar
0.0625


# name: xlU1
# type: matrix
# rows: 16
# columns: 1
 0
 0.0625
 0.125
 0.1875
 0.25
 0.3125
 0.375
 0.4375
 0.5
 0.5625
 0.625
 0.6875
 0.75
 0.8125
 0.875
 0.9375


# name: xlU2
# type: matrix
# rows: 16
# columns: 1
 0.0625
 0.125
 0.1875
 0.25
 0.3125
 0.375
 0.4375
 0.5
 0.5625
 0.625
 0.6875
 0.75
 0.8125
 0.875
 0.9375
 1


# name: U
# type: matrix
# rows: 16
# columns: 2
 0.96925641684734742 1.0113311083806549
 0.95102540073470621 0.95305374627460848
 0.89624701181301958 0.85815106317792722
 0.80702635284847324 0.73027011597997904
 0.68679212372955289 0.57432529776511942
 0.54016485845316609 0.39630948044248393
 0.37277936059436667 0.20306371203936086
 0.19106816096499968 0.0020143190620068737
 0.0020143190620068702 -0.19911248306725687
 -0.1871169319928957 -0.39258750413581289
 -0.36905738428769563 -0.57097560758603827
 -0.53681516827408493 -0.72742143864354225
 -0.68394344639311599 -0.85591287175661734
 -0.80478816142716336 -0.95151205320955412
 -0.89470531874796522 -1.0105451600717548
 -0.95023945242580599 -1.0307435831526526


# name: x
# type: range
# base, limit, increment
0 1 0.0625


# name: exata
# type: matrix
# rows: 17
# columns: 1
 1
 0.98078528040323043
 0.92387953251128674
 0.83146961230254524
 0.70710678118654757
 0.55557023301960229
 0.38268343236508984
 0.19509032201612833
 6.123233995736766e-17
 -0.19509032201612819
 -0.38268343236508973
 -0.55557023301960196
 -0.70710678118654746
 -0.83146961230254535
 -0.92387953251128674
 -0.98078528040323043
 -1


