# Created by Octave 6.3.0, Sat Sep 25 15:38:49 2021 -03 <kuroneko@kuroneko-VirtualBox>
# name: beta
# type: scalar
640


# name: Lambda
# type: matrix
# rows: 65
# columns: 1
 1
 0.99879545632626821
 0.99518472690469062
 0.9891765102990101
 0.98078528082959049
 0.97003125370351229
 0.9569403363143667
 0.94154406582907668
 0.92387953321209881
 0.9039892938700409
 0.8819212651319609
 0.85772861081232321
 0.83146961313471346
 0.80320753232485698
 0.77301045421119408
 0.74095112620015569
 0.70710678202128929
 0.67155895566443957
 0.63439328495722536
 0.59569930525601233
 0.55557023374739622
 0.51410274487983643
 0.47139673746644117
 0.42755509401997738
 0.38268343289988538
 0.33688985386840026
 0.29028467766875615
 0.24298018025285256
 0.19509032229865253
 0.14673047466892739
 0.09801714047274282
 0.049067674399265078
 3.5427594031978785e-14
 -0.049067674399194287
 -0.098017140472672223
 -0.14673047466885711
 -0.19509032229858275
 -0.24298018025278337
 -0.29028467766868765
 -0.33688985386833264
 -0.38268343289981871
 -0.42755509401991182
 -0.47139673746637695
 -0.5141027448797737
 -0.55557023374733505
 -0.59569930525595294
 -0.63439328495716785
 -0.67155895566438406
 -0.70710678202123611
 -0.74095112620010506
 -0.77301045421114623
 -0.8032075323248119
 -0.83146961313467138
 -0.85772861081228424
 -0.88192126513192504
 -0.90398929387000815
 -0.92387953321206917
 -0.94154406582905037
 -0.95694033631434372
 -0.97003125370349308
 -0.98078528082957528
 -0.98917651029899867
 -0.99518472690468318
 -0.99879545632626454
 -1


# name: nen
# type: scalar
2


# name: nel
# type: scalar
64


# name: h
# type: scalar
0.015625


# name: xl
# type: matrix
# rows: 65
# columns: 1
 0
 0.015625
 0.03125
 0.046875
 0.0625
 0.078125
 0.09375
 0.109375
 0.125
 0.140625
 0.15625
 0.171875
 0.1875
 0.203125
 0.21875
 0.234375
 0.25
 0.265625
 0.28125
 0.296875
 0.3125
 0.328125
 0.34375
 0.359375
 0.375
 0.390625
 0.40625
 0.421875
 0.4375
 0.453125
 0.46875
 0.484375
 0.5
 0.515625
 0.53125
 0.546875
 0.5625
 0.578125
 0.59375
 0.609375
 0.625
 0.640625
 0.65625
 0.671875
 0.6875
 0.703125
 0.71875
 0.734375
 0.75
 0.765625
 0.78125
 0.796875
 0.8125
 0.828125
 0.84375
 0.859375
 0.875
 0.890625
 0.90625
 0.921875
 0.9375
 0.953125
 0.96875
 0.984375
 1


# name: U
# type: matrix
# rows: 64
# columns: 2
 0.077081506707315839 0.077100083530183383
 0.23105884012329625 0.23111452583839309
 0.38447953253552214 0.3845721929912429
 0.53697398005851937 0.53710339202712021
 0.68817481021034155 0.68834066192749788
 0.83771776694828759 0.83791965886229036
 0.98524258819065835 0.98548003392647843
 1.1303938737213457 1.1306663012516083
 1.2728219413801867 1.2731286944030558
 1.4121836694768035 1.4125240089971385
 1.548143323401689 1.5485164295118352
 1.6803733644397312 1.6807783382942603
 1.8085552388399719 1.8089911048216436
 1.9323801452393354 1.9328458533092316
 2.0515497785935963 2.0520442068194029
 2.1657770488170627 2.1662990060777929
 2.2747867724106641 2.2753350012661144
 2.378316335402161 2.3788895151211875
 2.4761163260066326 2.4767130757485631
 2.5679511354800013 2.5685700176227044
 2.6535995257226546 2.6542390493248718
 2.7328551622608188 2.7335137866537593
 2.8055271113235847 2.8062032498237102
 2.8714402998205344 2.872132323551142
 2.9304359371075179 2.9311421789225278
 2.9823718975267184 2.9830906560277413
 3.0271230628002712 3.0278526064353599
 3.0645816234516161 3.0653201946859809
 3.0946573385269005 3.0954031580779144
 3.117277752994255 3.1180290241173623
 3.1323883722939883 3.1331432851111316
 3.1399527936206653 3.1407095294807306
 3.1399527936206746 3.1407095294807292
 3.1323883722940309 3.1331432851111387
 3.1172777529943545 3.1180290241173338
 3.094657338526936 3.09540315807795
 3.0645816234516872 3.0653201946859951
 3.0271230628004133 3.0278526064353315
 2.9823718975267752 2.9830906560277981
 2.9304359371077169 2.9311421789225562
 2.8714402998207902 2.8721323235511704
 2.8055271113236984 2.8062032498238239
 2.7328551622610178 2.7335137866538446
 2.6535995257231946 2.6542390493248433
 2.5679511354803424 2.5685700176228181
 2.4761163260070305 2.47671307574862
 2.3783163354027579 2.3788895151211022
 2.2747867724106641 2.2753350012663418
 2.1657770488172332 2.1662990060779634
 2.0515497785938805 2.0520442068194598
 1.9323801452399039 1.9328458533093453
 1.808555238840313 1.8089911048217573
 1.6803733644401291 1.6807783382944308
 1.5481433234022575 1.5485164295119489
 1.412183669477713 1.4125240089971385
 1.2728219413809256 1.2731286944031126
 1.1303938737220278 1.1306663012518356
 0.98524258819094257 0.98548003392676264
 0.83771776694857181 0.83791965886257458
 0.68817481021062576 0.68834066192778209
 0.53697398005880359 0.53710339202740442
 0.38447953253637479 0.38457219299141343
 0.23105884012380784 0.23111452583867731
 0.077081506707770586 0.077100083530410757


# name: P
# type: matrix
# rows: 64
# columns: 2
 1.0001204398668258 0.99867506483658486
 0.99891562539376222 0.99506470285207915
 0.99530433567504384 0.98905714283192592
 0.98929527062421863 0.98066685751471616
 0.98090290660562829 0.96991405983298695
 0.97014746155958242 0.95682465421848906
 0.95705484629556525 0.94143017419614838
 0.94165660207082857 0.92376770641703965
 0.92398982460474099 0.90387980131339496
 0.90409707471194811 0.88181437059088741
 0.88202627576964454 0.85762457180513407
 0.85783059826595953 0.83136868030049005
 0.83156833170759314 0.80310994881963804
 0.80330274419529102 0.77291645512219054
 0.77310193000544769 0.74086093797940633
 0.74103864554502807 0.70702062194011717
 0.70719013407501252 0.67147703129002745
 0.67163793962461538 0.63431579365256707
 0.63446771054457574 0.59562643370444768
 0.59576899317277854 0.55550215750287602
 0.55563501610928256 0.5140396279439966
 0.5141624656204592 0.47133873189350828
 0.47145125271330512 0.42750233955045736
 0.42760427244107768 0.38263605662391637
 0.38272715602009827 0.33684796991958027
 0.33692801635489944 0.2902483869491867
 0.29031718758476888 0.24294957019005595
 0.24300695927914387 0.19506546663495083
 0.19511130592220233 0.14671143328379169
 0.14674561233834854 0.098003959238537872
 0.0980263957200639 0.049060385070738496
 0.049071024927784632 -1.3798621818911225e-06
 -2.5622619632403865e-06 -0.049063141470893384
 -0.049076143278997633 -0.098006705674074393
 -0.098031495568006943 -0.14671416313830618
 -0.14675068139704125 -0.19506817333198448
 -0.19511633197983813 -0.24295224720893843
 -0.24301193022750978 -0.29025102784074519
 -0.29032209144841498 -0.33685056832167559
 -0.33693284131998846 -0.38263860627676993
 -0.38273189046286671 -0.42750483431173264
 -0.42760890495583831 -0.47134116575310653
 -0.47145577213992385 -0.51404199503853698
 -0.51416686107124154 -0.55550445212982058
 -0.55563927699520299 -0.59562865033583878
 -0.59577310922898896 -0.63431792694834577
 -0.63447167185513664 -0.67147907611089763
 -0.67164173664638305 -0.70702257335992613
 -0.70719375766062809 -0.74086279129701271
 -0.74104208696495699 -0.77291820587279003
 -0.77310518096900849 -0.80311159278551902
 -0.8033057968706272 -0.83137021352119567
 -0.83157117874054232 -0.85762599058700073
 -0.85783323279777002 -0.88181567151594442
 -0.8820286914534986 -0.90388098124760097
 -0.90409926572825172 -0.92376876251782936
 -0.92399178567514395 -0.94143110391928242
 -0.94165832847094078 -0.95682545532418284
 -0.95705633386633671 -0.96991473039130749
 -0.97014870671732623 -0.98066739591022967
 -0.98090390635065039 -0.98905754776758925
 -0.9892960225480445 -0.99506497335236843
 -0.9953048379662246 -0.99867520024984091
 -0.99891587684223337 -0.99987953110688876


# name: x
# type: range
# base, limit, increment
0 1 0.015625


