# Created by Octave 6.3.0, Sat Sep 25 15:38:48 2021 -03 <kuroneko@kuroneko-VirtualBox>
# name: beta
# type: scalar
40


# name: Lambda
# type: matrix
# rows: 5
# columns: 1
 1
 0.70716333482501348
 1.8503717077085877e-15
 -0.70716333482501081
 -1


# name: nen
# type: scalar
2


# name: nel
# type: scalar
4


# name: h
# type: scalar
0.25


# name: xl
# type: matrix
# rows: 5
# columns: 1
 0
 0.25
 0.5
 0.75
 1


# name: U
# type: matrix
# rows: 4
# columns: 2
 1.1345835590785427 1.2081097623213353
 2.7398993607707993 2.9174073178292872
 2.7398993607708122 2.9174073178292894
 1.13458355907858 1.208109762321337


# name: P
# type: matrix
# rows: 4
# columns: 2
 1.0283782422330625 0.68184868439373292
 0.72014342435496959 -0.0055839246525178233
 -0.010021623578979798 -0.68974554636859264
 -0.73431614033736081 -0.96978360268586827


# name: x
# type: range
# base, limit, increment
0 1 0.25


# name: exata
# type: matrix
# rows: 5
# columns: 1
 1
 0.70710678118654757
 6.123233995736766e-17
 -0.70710678118654746
 -1


