# Created by Octave 6.3.0, Sat Sep 25 15:38:50 2021 -03 <kuroneko@kuroneko-VirtualBox>
# name: beta
# type: scalar
2560


# name: Lambda
# type: matrix
# rows: 257
# columns: 1
 1
 0.99992470183900406
 0.99969881869592603
 0.99932238458793654
 0.99879545620462751
 0.99811811289947527
 0.99729045667788996
 0.99631261218185407
 0.99518472667115199
 0.99390697000119288
 0.99247953459743143
 0.99090263542638857
 0.98917650996327933
 0.98730141815624917
 0.98527764238722715
 0.98310548742940007
 0.98078528040131485
 0.97831737071761526
 0.97570213003642192
 0.97293995220336205
 0.97003125319225691
 0.96697647104247875
 0.96377606579298269
 0.96043051941302715
 0.95694033572959147
 0.95330604035150035
 0.94952818059026967
 0.94560732537768322
 0.94154406518011413
 0.93733901190960245
 0.93299279883170316
 0.92850608047011918
 0.92387953250813237
 0.91911385168684812
 0.9142097557002683
 0.90916798308720981
 0.90398929312008314
 0.89867446569054854
 0.8932243011920673
 0.88763962039936561
 0.88192126434482876
 0.87607009419184478
 0.87008699110511667
 0.86397285611796137
 0.85772860999661849
 0.85135519310158569
 0.84485356524600408
 0.83822470555111395
 0.83146961229880245
 0.82458930278126608
 0.81758481314781051
 0.8104571982488098
 0.8032075314768502
 0.79583690460508139
 0.78834642762279883
 0.78073722856828387
 0.77301045335892526
 0.76516726561864834
 0.75720884650267717
 0.7491363945196573
 0.74095112535116459
 0.73265427166862795
 0.72424708294769347
 0.71573082528005871
 0.70710678118280312
 0.69837624940524579
 0.68954054473335913
 0.68060099779176664
 0.67155895484335515
 0.66241577758653347
 0.65317284295016509
 0.64383154288620825
 0.63439328416009255
 0.62485948813886549
 0.61523159057713972
 0.60551104140087375
 0.59569930448901853
 0.58579785745306279
 0.57580819141450945
 0.5657318107803192
 0.55557023301635156
 0.54532498841884069
 0.53499761988393779
 0.52458968267535733
 0.51410274419015956
 0.50353838372270621
 0.49289819222682485
 0.48218377207621715
 0.47139673682314698
 0.46053871095544552
 0.44961132965186956
 0.43861623853584925
 0.42755509342766346
 0.41642956009507953
 0.4052413140024943
 0.39399204005861577
 0.38268343236272173
 0.37131719394953494
 0.35989503653275196
 0.3484186802472658
 0.33688985339011968
 0.32531029216023183
 0.31368174039693053
 0.30200594931733815
 0.29028467725264434
 0.27851968938330773
 0.26671275747322648
 0.25486565960291685
 0.24298017990174101
 0.23105810827922371
 0.21910124015549848
 0.2071113761909239
 0.19509032201491083
 0.18303988795400128
 0.17096188875923982
 0.15885814333287879
 0.14673047445445828
 0.13458070850630227
 0.12241067519847219
 0.11022220729321928
 0.098017140328977348
 0.085797312343937435
 0.073564563599245972
 0.06132073630186833
 0.049067674327159118
 0.036807222941181411
 0.024541228522816427
 0.012271538285705678
 6.7382791852699917e-14
 -0.012271538285570928
 -0.024541228522681726
 -0.036807222941046797
 -0.049067674327024621
 -0.061320736301733979
 -0.073564563599111815
 -0.085797312343803486
 -0.098017140328843649
 -0.11022220729308584
 -0.12241067519833904
 -0.13458070850616943
 -0.1467304744543258
 -0.1588581433327467
 -0.17096188875910814
 -0.18303988795387002
 -0.19509032201477999
 -0.20711137619079345
 -0.21910124015536844
 -0.23105810827909418
 -0.24298017990161203
 -0.25486565960278851
 -0.2667127574730988
 -0.27851968938318078
 -0.29028467725251811
 -0.30200594931721264
 -0.3136817403968058
 -0.32531029216010782
 -0.3368898533899965
 -0.34841868024714356
 -0.35989503653263055
 -0.37131719394941443
 -0.38268343236260211
 -0.39399204005849697
 -0.40524131400237645
 -0.41642956009496257
 -0.42755509342754744
 -0.43861623853573417
 -0.44961132965175565
 -0.46053871095533278
 -0.47139673682303534
 -0.4821837720761068
 -0.49289819222671571
 -0.50353838372259829
 -0.51410274419005297
 -0.52458968267525208
 -0.53499761988383365
 -0.54532498841873756
 -0.55557023301624953
 -0.56573181078021817
 -0.57580819141440953
 -0.58579785745296398
 -0.59569930448892094
 -0.60551104140077716
 -0.61523159057704435
 -0.62485948813877135
 -0.63439328415999974
 -0.64383154288611666
 -0.65317284295007461
 -0.66241577758644421
 -0.67155895484326733
 -0.68060099779168037
 -0.68954054473327453
 -0.69837624940516263
 -0.70710678118272141
 -0.71573082527997856
 -0.72424708294761486
 -0.7326542716685509
 -0.74095112535108942
 -0.74913639451958391
 -0.75720884650260545
 -0.76516726561857817
 -0.77301045335885654
 -0.78073722856821659
 -0.78834642762273288
 -0.79583690460501677
 -0.80320753147678703
 -0.81045719824874807
 -0.81758481314775022
 -0.82458930278120712
 -0.83146961229874461
 -0.83822470555105721
 -0.84485356524594835
 -0.85135519310153107
 -0.85772860999656486
 -0.86397285611790875
 -0.87008699110506516
 -0.87607009419179449
 -0.88192126434477935
 -0.88763962039931743
 -0.89322430119202034
 -0.8986744656905028
 -0.90398929312003862
 -0.9091679830871664
 -0.914209755700226
 -0.91911385168680693
 -0.92387953250809218
 -0.92850608047007999
 -0.93299279883166475
 -0.93733901190956481
 -0.94154406518007727
 -0.94560732537764691
 -0.94952818059023392
 -0.95330604035146538
 -0.95694033572955739
 -0.96043051941299395
 -0.96377606579295028
 -0.96697647104244733
 -0.97003125319222661
 -0.97293995220333285
 -0.97570213003639394
 -0.97831737071758862
 -0.98078528040128965
 -0.98310548742937642
 -0.98527764238720472
 -0.98730141815622785
 -0.98917650996325923
 -0.99090263542636992
 -0.99247953459741423
 -0.99390697000117745
 -0.99518472667113811
 -0.99631261218184186
 -0.99729045667787941
 -0.9981181128994665
 -0.99879545620462051
 -0.99932238458793143
 -0.9996988186959227
 -0.99992470183900239
 -1


# name: nen
# type: scalar
2


# name: nel
# type: scalar
256


# name: h
# type: scalar
0.00390625


