# Created by Octave 6.3.0, Sat Sep 25 15:38:48 2021 -03 <kuroneko@kuroneko-VirtualBox>
# name: beta
# type: scalar
160


# name: Lambda
# type: matrix
# rows: 17
# columns: 1
 1
 0.98078538981612817
 0.92387971235354338
 0.8314698258524702
 0.70710699539549227
 0.5555704197820015
 0.38268356959854249
 0.19509039451001187
 6.2419205606702393e-15
 -0.19509039450999965
 -0.38268356959853106
 -0.55557041978199129
 -0.70710699539548372
 -0.83146982585246354
 -0.92387971235353883
 -0.98078538981612584
 -1


# name: nen
# type: scalar
2


# name: nel
# type: scalar
16


# name: h
# type: scalar
0.0625


# name: xl
# type: matrix
# rows: 17
# columns: 1
 0
 0.0625
 0.125
 0.1875
 0.25
 0.3125
 0.375
 0.4375
 0.5
 0.5625
 0.625
 0.6875
 0.75
 0.8125
 0.875
 0.9375
 1


# name: U
# type: matrix
# rows: 16
# columns: 2
 0.30684049741621777 0.30802702846763452
 0.90873384168568805 0.91224783711700752
 1.4757049745484636 1.4814113934858568
 1.9859655133296457 1.9936450612936056
 2.4199064316813832 2.4292639879503071
 2.7608516234682341 2.771527582402463
 2.9956987561740291 3.0072828466589598
 3.1154227861927204 3.1274698381274568
 3.1154227861927253 3.1274698381274626
 2.9956987561740416 3.0072828466589652
 2.7608516234682412 2.7715275824024843
 2.4199064316814685 2.4292639879503071
 1.9859655133297807 1.9936450612935985
 1.4757049745486057 1.4814113934858284
 0.90873384168580174 0.91224783711700752
 0.30684049741628883 0.30802702846770558


# name: P
# type: matrix
# rows: 16
# columns: 2
 1.0019177660375052 0.97887998347707472
 0.98263440105968802 0.922067305229059
 0.92558891233800578 0.82982006773193817
 0.83297353098096227 0.70568328555829019
 0.70834741912321397 0.55442747059874709
 0.55649989332073424 0.38186530396537488
 0.38326637380144729 0.19462825791632526
 0.19530413253841136 -8.8247904073146516e-05
 -0.00016354197866523811 -0.19480136240700804
 -0.19562493166921707 -0.3820283648300955
 -0.38356855997503769 -0.55457422149991964
 -0.55677185369192617 -0.70580808694108166
 -0.70857870240746013 -0.82991812354919714
 -0.83315524909135374 -0.92213484725071804
 -0.92571408194946891 -0.97891441610112062
 -0.98269821197425067 -0.99807481814342336


# name: x
# type: range
# base, limit, increment
0 1 0.0625


# name: exata
# type: matrix
# rows: 17
# columns: 1
 1
 0.98078528040323043
 0.92387953251128674
 0.83146961230254524
 0.70710678118654757
 0.55557023301960229
 0.38268343236508984
 0.19509032201612833
 6.123233995736766e-17
 -0.19509032201612819
 -0.38268343236508973
 -0.55557023301960196
 -0.70710678118654746
 -0.83146961230254535
 -0.92387953251128674
 -0.98078528040323043
 -1


