# Created by Octave 6.2.0, Mon Aug 23 15:04:07 2021 -03 <kuroneko@kuroneko-VirtualBox>
# name: alfa
# type: scalar
0


# name: beta
# type: scalar
10


# name: h
# type: scalar
0.015625


# name: xlU1
# type: matrix
# rows: 64
# columns: 1
 0
 0.015625
 0.03125
 0.046875
 0.0625
 0.078125
 0.09375
 0.109375
 0.125
 0.140625
 0.15625
 0.171875
 0.1875
 0.203125
 0.21875
 0.234375
 0.25
 0.265625
 0.28125
 0.296875
 0.3125
 0.328125
 0.34375
 0.359375
 0.375
 0.390625
 0.40625
 0.421875
 0.4375
 0.453125
 0.46875
 0.484375
 0.5
 0.515625
 0.53125
 0.546875
 0.5625
 0.578125
 0.59375
 0.609375
 0.625
 0.640625
 0.65625
 0.671875
 0.6875
 0.703125
 0.71875
 0.734375
 0.75
 0.765625
 0.78125
 0.796875
 0.8125
 0.828125
 0.84375
 0.859375
 0.875
 0.890625
 0.90625
 0.921875
 0.9375
 0.953125
 0.96875
 0.984375


# name: xlU2
# type: matrix
# rows: 64
# columns: 1
 0.015625
 0.03125
 0.046875
 0.0625
 0.078125
 0.09375
 0.109375
 0.125
 0.140625
 0.15625
 0.171875
 0.1875
 0.203125
 0.21875
 0.234375
 0.25
 0.265625
 0.28125
 0.296875
 0.3125
 0.328125
 0.34375
 0.359375
 0.375
 0.390625
 0.40625
 0.421875
 0.4375
 0.453125
 0.46875
 0.484375
 0.5
 0.515625
 0.53125
 0.546875
 0.5625
 0.578125
 0.59375
 0.609375
 0.625
 0.640625
 0.65625
 0.671875
 0.6875
 0.703125
 0.71875
 0.734375
 0.75
 0.765625
 0.78125
 0.796875
 0.8125
 0.828125
 0.84375
 0.859375
 0.875
 0.890625
 0.90625
 0.921875
 0.9375
 0.953125
 0.96875
 0.984375
 1


# name: U
# type: matrix
# rows: 64
# columns: 2
 0.99229091968201666 1.0065014403860451
 0.99110185159980002 1.0028690503251025
 0.98752513234680994 0.99682066088097254
 0.9815693785530103 0.98837084315360224
 0.97324893815095326 0.97753995349401335
 0.96258385581035155 0.96435408446407012
 0.94959982464871473 0.94884500197721122
 0.93432812433437817 0.93105006877158258
 0.91680554573104167 0.91101215439992866
 0.89707430226535723 0.8887795319530849
 0.87518192823108698 0.86440576176587314
 0.8511811642748246 0.83794956238556506
 0.82512983033915932 0.80947466911375676
 0.79709068636936975 0.77904968046244616
 0.76713128111921791 0.74674789289420873
 0.73532378942008558 0.71264712424459864
 0.70174483830548295 0.6768295262521673
 0.66647532240981411 0.63938138664772992
 0.62960020908611636 0.60039292127966293
 0.59120833371226489 0.55995805677602406
 0.55139218567876624 0.5181742042670785
 0.51024768557371603 0.47514202471335421
 0.4678739541017003 0.43096518640456882
 0.4243730732933349 0.38575011521364289
 0.37984984058071475 0.3396057382074476
 0.33441151633121907 0.29264322123196113
 0.28816756544789207 0.24497570110400818
 0.24122939365890353 0.19671801305475831
 0.19371007913139116 0.14798641408159652
 0.14572410005625214 0.098898302874833477
 0.09738705886015421 0.049571936993976454
 0.048815403709163013 0.00012614797491207878
 0.00012614797491207784 -0.049319944945673128
 -0.048563411660859687 -0.098647221798967219
 -0.097135977784287952 -0.14773684885447125
 -0.14547453482912687 -0.1964705649008654
 -0.19346263097749825 -0.24473096614762435
 -0.2409846587025197 -0.29240178906103242
 -0.28792613327696337 -0.33936819045322097
 -0.33417396857699244 -0.38551702414946482
 -0.37961674951653673 -0.43073711356722921
 -0.42414500045599529 -0.47491951955029532
 -0.46765144893864141 -0.5179578028127273
 -0.51003128411936483 -0.55974828036043811
 -0.5511824092631803 -0.60019027527260205
 -0.59100568770520401 -0.63918635924117462
 -0.62940518167956105 -0.67664258728422277
 -0.66628838344186958 -0.71246872406761208
 -0.70156643812849639 -0.74657846128983252
 -0.73515435781570937 -0.77888962560625608
 -0.76697122626302783 -0.80932437659192014
 -0.79694039384753312 -0.83780939426593126
 -0.82498966221952552 -0.86427605572571964
 -0.8510514582346711 -0.88866060046562323
 -0.8750629967436252 -0.91090428398152956
 -0.89696643184695812 -0.93095351929153203
 -0.91670899625099111 -0.94876000603166322
 -0.93424312838883028 -0.96428084681570292
 -0.94952658700034753 -0.97747865057873629
 -0.96252255289507449 -0.9883216226555076
 -0.97319971765285873 -0.99678364137655162
 -0.98153235904858949 -1.0028443209975839
 -0.98750040301929121 -1.006489060810545
 -0.99108947202429987 -1.0077090803179833


# name: x
# type: range
# base, limit, increment
0 1 0.015625


# name: exata
# type: matrix
# rows: 65
# columns: 1
 1
 0.99879545620517241
 0.99518472667219693
 0.98917650996478101
 0.98078528040323043
 0.97003125319454397
 0.95694033573220882
 0.94154406518302081
 0.92387953251128674
 0.90398929312344334
 0.88192126434835505
 0.85772861000027212
 0.83146961230254524
 0.80320753148064494
 0.77301045336273699
 0.74095112535495911
 0.70710678118654757
 0.67155895484701833
 0.63439328416364549
 0.59569930449243347
 0.55557023301960229
 0.51410274419322166
 0.47139673682599781
 0.4275550934302822
 0.38268343236508984
 0.33688985339222005
 0.29028467725446233
 0.24298017990326398
 0.19509032201612833
 0.14673047445536175
 0.09801714032956077
 0.049067674327418126
 6.123233995736766e-17
 -0.049067674327418008
 -0.098017140329560645
 -0.14673047445536164
 -0.19509032201612819
 -0.24298017990326387
 -0.29028467725446216
 -0.33688985339221994
 -0.38268343236508973
 -0.42755509343028186
 -0.4713967368259977
 -0.51410274419322166
 -0.55557023301960196
 -0.59569930449243336
 -0.63439328416364538
 -0.67155895484701844
 -0.70710678118654746
 -0.74095112535495888
 -0.77301045336273699
 -0.80320753148064483
 -0.83146961230254535
 -0.85772861000027201
 -0.88192126434835494
 -0.90398929312344334
 -0.92387953251128674
 -0.9415440651830207
 -0.95694033573220882
 -0.97003125319454397
 -0.98078528040323043
 -0.98917650996478101
 -0.99518472667219682
 -0.99879545620517241
 -1


