# Created by Octave 6.2.0, Mon Aug 23 15:30:13 2021 -03 <kuroneko@kuroneko-VirtualBox>
# name: alfa
# type: scalar
-1


# name: beta
# type: scalar
0


# name: h
# type: scalar
0.0625


# name: xlU1
# type: matrix
# rows: 16
# columns: 1
 0
 0.0625
 0.125
 0.1875
 0.25
 0.3125
 0.375
 0.4375
 0.5
 0.5625
 0.625
 0.6875
 0.75
 0.8125
 0.875
 0.9375


# name: xlU2
# type: matrix
# rows: 16
# columns: 1
 0.0625
 0.125
 0.1875
 0.25
 0.3125
 0.375
 0.4375
 0.5
 0.5625
 0.625
 0.6875
 0.75
 0.8125
 0.875
 0.9375
 1


# name: U
# type: matrix
# rows: 16
# columns: 2
 0.0095764605522553996 -0.0095764605522553978
 0.028361363648283955 -0.028361363648283951
 0.046056355444544922 -0.046056355444544908
 0.061981427329773735 -0.061981427329773721
 0.075524587722304248 -0.075524587722304234
 0.086165380563343372 -0.086165380563343358
 0.093494886151435322 -0.093494886151435308
 0.097231435697263835 -0.097231435697263807
 0.097231435697263807 -0.097231435697263793
 0.093494886151435336 -0.093494886151435322
 0.086165380563343247 -0.086165380563343233
 0.075524587722304359 -0.075524587722304345
 0.061981427329773825 -0.061981427329773811
 0.046056355444544859 -0.046056355444544853
 0.028361363648283941 -0.028361363648283941
 0.0095764605522553944 -0.0095764605522553926


# name: x
# type: range
# base, limit, increment
0 1 0.0625


# name: exata
# type: matrix
# rows: 17
# columns: 1
 1
 0.98078528040323043
 0.92387953251128674
 0.83146961230254524
 0.70710678118654757
 0.55557023301960229
 0.38268343236508984
 0.19509032201612833
 6.123233995736766e-17
 -0.19509032201612819
 -0.38268343236508973
 -0.55557023301960196
 -0.70710678118654746
 -0.83146961230254535
 -0.92387953251128674
 -0.98078528040323043
 -1


