# Created by Octave 6.2.0, Mon Aug 30 16:19:59 2021 -03 <kuroneko@kuroneko-VirtualBox>
# name: alfa
# type: scalar
-1


# name: beta
# type: scalar
0


# name: h
# type: scalar
0.015625


# name: xlU1
# type: matrix
# rows: 64
# columns: 1
 0
 0.015625
 0.03125
 0.046875
 0.0625
 0.078125
 0.09375
 0.109375
 0.125
 0.140625
 0.15625
 0.171875
 0.1875
 0.203125
 0.21875
 0.234375
 0.25
 0.265625
 0.28125
 0.296875
 0.3125
 0.328125
 0.34375
 0.359375
 0.375
 0.390625
 0.40625
 0.421875
 0.4375
 0.453125
 0.46875
 0.484375
 0.5
 0.515625
 0.53125
 0.546875
 0.5625
 0.578125
 0.59375
 0.609375
 0.625
 0.640625
 0.65625
 0.671875
 0.6875
 0.703125
 0.71875
 0.734375
 0.75
 0.765625
 0.78125
 0.796875
 0.8125
 0.828125
 0.84375
 0.859375
 0.875
 0.890625
 0.90625
 0.921875
 0.9375
 0.953125
 0.96875
 0.984375


# name: xlU2
# type: matrix
# rows: 64
# columns: 1
 0.015625
 0.03125
 0.046875
 0.0625
 0.078125
 0.09375
 0.109375
 0.125
 0.140625
 0.15625
 0.171875
 0.1875
 0.203125
 0.21875
 0.234375
 0.25
 0.265625
 0.28125
 0.296875
 0.3125
 0.328125
 0.34375
 0.359375
 0.375
 0.390625
 0.40625
 0.421875
 0.4375
 0.453125
 0.46875
 0.484375
 0.5
 0.515625
 0.53125
 0.546875
 0.5625
 0.578125
 0.59375
 0.609375
 0.625
 0.640625
 0.65625
 0.671875
 0.6875
 0.703125
 0.71875
 0.734375
 0.75
 0.765625
 0.78125
 0.796875
 0.8125
 0.828125
 0.84375
 0.859375
 0.875
 0.890625
 0.90625
 0.921875
 0.9375
 0.953125
 0.96875
 0.984375
 1


# name: U
# type: matrix
# rows: 64
# columns: 2
 0.00060215095455790643 -0.00060215095455790632
 0.0018050022292819981 -0.0018050022292819979
 0.0030035050955362513 -0.0030035050955362513
 0.0041947722549393962 -0.0041947722549393954
 0.0053759338405616752 -0.0053759338405616744
 0.006544144330685891 -0.006544144330685891
 0.0076965894039180841 -0.0076965894039180832
 0.0088304927191347315 -0.0088304927191347297
 0.0099431226039310757 -0.009943122603931074
 0.011031798635459909 -0.011031798635459908
 0.012093898097804465 -0.012093898097804463
 0.013126862300331093 -0.013126862300331091
 0.014128202741798804 -0.014128202741798802
 0.015095507105377172 -0.01509550710537717
 0.016026445070128414 -0.01602644507012841
 0.016918773924954878 -0.016918773924954875
 0.017770343971486663 -0.017770343971486659
 0.018579103702892667 -0.018579103702892664
 0.01934310474614117 -0.019343104746141166
 0.02006050655580047 -0.020060506555800467
 0.020729580848073935 -0.020729580848073931
 0.021348715764387339 -0.021348715764387335
 0.021916419754498002 -0.021916419754497998
 0.022431325169768267 -0.022431325169768267
 0.022892191557952572 -0.022892191557952569
 0.023297908651554546 -0.023297908651554542
 0.023647499042559091 -0.023647499042559087
 0.023940120537093965 -0.023940120537093965
 0.024175068184348031 -0.024175068184348031
 0.02435177597485998 -0.024351775974859977
 0.024469818204085066 -0.024469818204085059
 0.024528910497953433 -0.024528910497953433
 0.02452891049795345 -0.024528910497953443
 0.024469818204085059 -0.024469818204085055
 0.02435177597485999 -0.024351775974859987
 0.02417506818434802 -0.024175068184348017
 0.02394012053709399 -0.023940120537093986
 0.023647499042559059 -0.023647499042559056
 0.023297908651554573 -0.023297908651554573
 0.022892191557952562 -0.022892191557952562
 0.02243132516976816 -0.022431325169768156
 0.021916419754498116 -0.021916419754498113
 0.021348715764387394 -0.021348715764387391
 0.020729580848073772 -0.020729580848073768
 0.020060506555800585 -0.020060506555800581
 0.019343104746141163 -0.019343104746141159
 0.018579103702892782 -0.018579103702892778
 0.017770343971486552 -0.017770343971486548
 0.016918773924954826 -0.016918773924954823
 0.016026445070128528 -0.016026445070128525
 0.015095507105377114 -0.015095507105377111
 0.01412820274179891 -0.01412820274179891
 0.013126862300330985 -0.013126862300330982
 0.012093898097804465 -0.012093898097804463
 0.011031798635459963 -0.011031798635459961
 0.009943122603931074 -0.0099431226039310722
 0.0088304927191346725 -0.0088304927191346708
 0.0076965894039181405 -0.0076965894039181396
 0.006544144330685891 -0.006544144330685891
 0.0053759338405616752 -0.0053759338405616744
 0.0041947722549393954 -0.0041947722549393945
 0.0030035050955361953 -0.0030035050955361949
 0.0018050022292820534 -0.0018050022292820532
 0.00060215095455790643 -0.00060215095455790632


# name: x
# type: range
# base, limit, increment
0 1 0.015625


# name: exata
# type: matrix
# rows: 65
# columns: 1
 1
 0.99879545620517241
 0.99518472667219693
 0.98917650996478101
 0.98078528040323043
 0.97003125319454397
 0.95694033573220882
 0.94154406518302081
 0.92387953251128674
 0.90398929312344334
 0.88192126434835505
 0.85772861000027212
 0.83146961230254524
 0.80320753148064494
 0.77301045336273699
 0.74095112535495911
 0.70710678118654757
 0.67155895484701833
 0.63439328416364549
 0.59569930449243347
 0.55557023301960229
 0.51410274419322166
 0.47139673682599781
 0.4275550934302822
 0.38268343236508984
 0.33688985339222005
 0.29028467725446233
 0.24298017990326398
 0.19509032201612833
 0.14673047445536175
 0.09801714032956077
 0.049067674327418126
 6.123233995736766e-17
 -0.049067674327418008
 -0.098017140329560645
 -0.14673047445536164
 -0.19509032201612819
 -0.24298017990326387
 -0.29028467725446216
 -0.33688985339221994
 -0.38268343236508973
 -0.42755509343028186
 -0.4713967368259977
 -0.51410274419322166
 -0.55557023301960196
 -0.59569930449243336
 -0.63439328416364538
 -0.67155895484701844
 -0.70710678118654746
 -0.74095112535495888
 -0.77301045336273699
 -0.80320753148064483
 -0.83146961230254535
 -0.85772861000027201
 -0.88192126434835494
 -0.90398929312344334
 -0.92387953251128674
 -0.9415440651830207
 -0.95694033573220882
 -0.97003125319454397
 -0.98078528040323043
 -0.98917650996478101
 -0.99518472667219682
 -0.99879545620517241
 -1


