# Created by Octave 6.2.0, Fri Jul 02 12:06:42 2021 -03 <kuroneko@kuroneko-VirtualBox>
# name: xlSUPG
# type: matrix
# rows: 11
# columns: 1
 0
 0.20000000000000001
 0.40000000000000002
 0.60000000000000009
 0.80000000000000004
 1
 1.2
 1.3999999999999999
 1.5999999999999999
 1.7999999999999998
 1.9999999999999998


# name: hSUPG
# type: scalar
0.20000000000000001


# name: deltaT
# type: scalar
0.040000000000000008


# name: U
# type: matrix
# rows: 11
# columns: 32
 0 1.12332718893748e-11 7.4436160781634811e-12 4.3146969877460411e-12 2.2766325176964056e-12 1.1217674942553966e-12 5.2506845684702247e-13 2.3626525672562774e-13 1.0307538391995259e-13 4.3873125859559464e-14 1.8305004978569142e-14 7.513251299296763e-15 3.042177761510972e-15 1.2178546378285334e-15 4.8286285214060582e-16 1.8988310841439806e-16 7.4145799918071839e-17 2.8776592978041216e-17 1.1109375092914497e-17 4.2690000732567307e-18 1.6337764460465181e-18 6.230113180658747e-19 2.3681697682685172e-19 8.9762546587076876e-20 3.3937047981538072e-20 1.2801572265929117e-20 4.8190574206185142e-21 1.8107448339913663e-21 6.7924285715700817e-22 2.5440924487758496e-22 9.5156896002755636e-23 3.5546769254327428e-23
 0 -0.014665455796918544 -0.023224211833184561 -0.027129203224811358 -0.027723642992838221 -0.026112540537951957 -0.023172492875633329 -0.019571614293117892 -0.015795572119102975 -0.012176451305134913 -0.0089219216869616796 -0.0061428813982626635 -0.0038783670461053719 -0.0021170392049561699 -0.00081496512774528621 9.0267639544493246e-05 0.00066885391214315112 0.00099109797732468714 0.0011223003160995637 0.0011197175395238582 0.0010311254024441311 0.00089455666744641857 0.00073884296515169215 0.0005846546671046314 0.00044579940252002142 0.00033060423022614243 0.00024326542467400792 0.00018509976806790047 0.00015566781768589476 0.00015375903563400538 0.00017823032749363739 0.0002286782441175436
 0 0.29754106229353006 0.23361610344812603 0.17749988275139328 0.12978947222459786 0.090468154874975878 0.059075663510009056 0.03485767825407432 0.016891159444125392 0.0041845597102735865 -0.0042461946595082544 -0.0093237871688325539 -0.011874713423187997 -0.012610284845720627 -0.012120063183613349 -0.01087453416871402 -0.0092341623674147624 -0.0074623917388539577 -0.0057406146129540033 -0.0041835853575919501 -0.0028541754689698461 -0.0017767362270433929 -0.00094864434993792738 -0.0003498534881938442 4.953637888868219e-05 0.00028354193034231399 0.00038615001734389616 0.00038847083679169358 0.00031689537449237779 0.00019200192552395424 2.8032868853334482e-05 -0.00016714639370865754
 0 0.38880028396437821 0.39003854170547192 0.375732102510347 0.34995766239554998 0.31648757067116884 0.27863132397171703 0.23914922221853777 0.2002242954218991 0.16347852906993446 0.1300202993541516 0.10051145117565692 0.075244331436757766 0.054221100231543543 0.037229610079433505 0.023911946367461367 0.013823284161377567 0.0064799990252431081 0.0013969640026408833 -0.0018853148140076886 -0.0037825969233740175 -0.0046564460602650246 -0.0048099133362393175 -0.0044878906471599736 -0.0038807629052979705 -0.003130137479483935 -0.0023356047990591667 -0.0015616819622281599 -0.0008443213184359885 -0.00019663451133937061 0.00038622986789496822 0.00092286317428950688
 0 0.064340778649025515 0.12518153214103975 0.17857157995083675 0.22188590095627844 0.25378788286779763 0.27401566308383696 0.28314520508791963 0.28235345657996397 0.27319860881613733 0.25742865258494751 0.23682438764064079 0.2130789367946031 0.18771268229947521 0.16202033850639172 0.13704550331214277 0.11357736090427885 0.092164094695546525 0.073137867241067384 0.056646799088488249 0.042690113870769847 0.031153415740830609 0.02184185083175218 0.014509618132202296 0.008884895485122524 0.004689714428975633 0.0016546686710349305 -0.00047136950308598386 -0.0019160473721070857 -0.0028820064510209353 -0.0035478201517352829 -0.0040699261119446824
 0 -0.0037878198484330534 0.0045416241925574502 0.023114120721381783 0.049333622982200703 0.080293172554167139 0.11310833961593 0.1451659506829697 0.17428969386473531 0.19883045891697643 0.21769320158458458 0.2303140562964528 0.23660175652323445 0.23685656978812095 0.23167830422084321 0.2218728396494927 0.20836436299088387 0.19211826470497656 0.17407763612079707 0.15511459428324822 0.13599630028257007 0.11736453977363451 0.099727087196011963 0.083458753020759641 0.068809982788073432 0.055921078723131942 0.044840430947493189 0.035545386335448625 0.027964351993479998 0.021998363830234846 0.017539843241586004 0.014486040682985929
 0 0.00022471761768565727 -0.0009725173726055302 -0.0011435190006805758 0.0015713722573452659 0.008333898236247134 0.019603238069831067 0.035208531316302312 0.054471373360515711 0.076353779208543374 0.09961123705699014 0.12293528068646123 0.14507490087196831 0.16493065041084148 0.18161918557694925 0.19450907216955823 0.20323091930538023 0.20766632432269561 0.20792081083341662 0.20428604646040199 0.19719627793044092 0.18718325377217582 0.17483302824603794 0.16074702437208332 0.14550862394988121 0.12965543687626635 0.11365651445226914 0.09789350899766841 0.082645505591337695 0.068078898852342043 0.054245501256120349 0.041092800456466044
 0 -1.3331572449737051e-05 9.9405313051210268e-05 -7.6164456712021837e-05 -0.00043201806219818133 -0.00049790455518680893 0.00038610506187089234 0.0029098100870915845 0.0076624531854269998 0.015040534597410053 0.025196200418866412 0.03802353738311387 0.053176692100095894 0.070111801998313836 0.088144068547384921 0.10651165161003552 0.12443912839786558 0.14119476403202427 0.15613753821647769 0.16875156504855221 0.17866708620818619 0.18566853244741738 0.18969123727778547 0.19080934096744903 0.18921835365174791 0.18521667861421925 0.17919061031778338 0.17160597503483918 0.16300595539299267 0.15400929222703025 0.1452983691413236 0.13758597605092449
 0 7.9059111203791674e-07 -8.3666096345341378e-06 2.0775299308009994e-05 2.5815913720834474e-05 -5.059934447250403e-05 -0.00018577973274152366 -0.00024306042689398714 2.6427034696305626e-05 0.00095508245925582434 0.0029134682703905544 0.0062582593681664933 0.011282198854261249 0.018172728918036719 0.026983652533890463 0.037621891265404842 0.04984937099168138 0.063298439634583162 0.077498071066322685 0.091907443752948265 0.10595324843430913 0.11906715050383182 0.13071997014461381 0.14044898293016697 0.14787399619452424 0.15269686723530188 0.15467949350959265 0.15359957195432394 0.14919310103699726 0.14110534269723443 0.12888072264550055 0.11201848505780938
 0 -4.5964599537088203e-08 6.2753142384258124e-07 -2.5698392479456548e-06 9.3999160139971064e-07 9.8199340103626353e-06 8.1686801754249878e-06 -2.1474396585192313e-05 -7.8038319048565793e-05 -0.00012197601309579388 -6.074154900581159e-05 0.00025719470519201977 0.0010387182500858746 0.0025334627035106432 0.0050141085113076817 0.0087522357589687929 0.013992672459949907 0.0209291747502258 0.029683867021569457 0.04029226903691193 0.052695082260469921 0.066737435812111348 0.082176475402462243 0.098699745804912337 0.11596016996112965 0.13363711008663556 0.15153226411818493 0.16969737607726632 0.18856539008418272 0.20902651928986116 0.23237619492747996 0.26008377578585812
 0 1.4535033522001284e-80 3.9622403281429166e-67 1.0758042141813852e-56 2.2010432769344063e-48 1.2500788026109838e-41 4.7426265711290953e-36 2.218613982414948e-31 1.9888057853983341e-27 4.7291625223286955e-24 3.8116786852254326e-21 1.2570546516311827e-18 1.9648829840834523e-16 1.635434178352792e-14 7.9582936058320875e-13 2.4424921606231163e-11 5.031357148891784e-10 7.3238429662420093e-09 7.8644357811319706e-08 6.4592800190722582e-07 4.1841418479136506e-06 2.1943014463880156e-05 9.5280939201895681e-05 0.00034926373167220936 0.0010991141423155552 0.0030133015037492107 0.0072900601384936065 0.01574037635784566 0.030635707246983449 0.054226398992859685 0.087979354788221734 0.13176128659718059


# name: x
# type: range
# base, limit, increment
0 2 0.20000000000000001


