# Created by Octave 6.3.0, Fri Sep 24 19:57:37 2021 -03 <kuroneko@kuroneko-VirtualBox>
# name: beta
# type: scalar
0


# name: Lambda
# type: matrix
# rows: 17
# columns: 1
 1
 0.98078528038817603
 0.9238795324865402
 0.83146961227316174
 0.70710678115707204
 0.55557023299390285
 0.3826834323462045
 0.19509032200615012
 -3.6760717926479847e-15
 -0.19509032200615725
 -0.38268343234621033
 -0.55557023299390684
 -0.70710678115707581
 -0.8314696122731644
 -0.92387953248654342
 -0.98078528038817658
 -1


# name: nen
# type: scalar
3


# name: nel
# type: scalar
16


# name: h
# type: scalar
0.0625


# name: xl
# type: matrix
# rows: 33
# columns: 1
 0
 0.03125
 0.0625
 0.09375
 0.125
 0.15625
 0.1875
 0.21875
 0.25
 0.28125
 0.3125
 0.34375
 0.375
 0.40625
 0.4375
 0.46875
 0.5
 0.53125
 0.5625
 0.59375
 0.625
 0.65625
 0.6875
 0.71875
 0.75
 0.78125
 0.8125
 0.84375
 0.875
 0.90625
 0.9375
 0.96875
 1


# name: U
# type: matrix
# rows: 16
# columns: 3
 -0.61487102729370624 -0.30694143409905078 -0.0019767048439334927
 -1.2080896101177954 -0.90902871456116707 -0.6187484727646716
 -1.7548819867403831 -1.4761825313227406 -1.2117420838860713
 -2.2342352327727375 -1.9866074812693257 -1.7581691262875623
 -2.6277280717940434 -2.4206882198238953 -2.2370307151692814
 -2.9202387946741575 -2.7617432676391993 -2.6299244682192966
 -3.1005263783746631 -2.9966660704935322 -2.9217516988452137
 -3.1616624721603759 -3.1164286768194138 -3.1012976502326599
 -3.1012976502326537 -3.1164286768194085 -3.1616624721603714
 -2.9217516988451768 -2.9966660704934966 -3.1005263783746275
 -2.6299244682192398 -2.7617432676391425 -2.9202387946741011
 -2.2370307151692814 -2.4206882198238957 -2.6277280717940443
 -1.758169126287535 -1.9866074812692991 -2.2342352327727113
 -1.2117420838860764 -1.4761825313227455 -1.754881986740388
 -0.61874847276462075 -0.90902871456111622 -1.2080896101177447
 -0.0019767048439141514 -0.30694143409903152 -0.61487102729368714


# name: P
# type: matrix
# rows: 16
# columns: 3
 -1.0000020514280632 -0.98560029642524716 -0.98078733583497779
 -0.98078724896227165 -0.94772422975197779 -0.92388151296241439
 -0.92388134255546961 -0.87342765242365528 -0.83147144166953169
 -0.83147119427699179 -0.7655657402403222 -0.70710838917126007
 -0.707108074300281 -0.62828356599684165 -0.5555715578308259
 -0.55557118758172364 -0.46685680665997936 -0.38268442309312295
 -0.38268401169436272 -0.28748900206119626 -0.19509094058921519
 -0.19509050385062043 -0.097073156339916825 -2.2264740826818269e-07
 2.2264740241458607e-07 0.097073156339910746 0.19509050385061419
 0.19509094058920992 0.28748900206118982 0.38268401169435506
 0.38268442309311834 0.46685680665997303 0.55557118758171553
 0.55557155783082024 0.62828356599683588 0.707108074300275
 0.7071083891712554 0.76556574024031643 0.83147119427698502
 0.83147144166952935 0.87342765242365272 0.92388134255546683
 0.92388151296241394 0.94772422975197534 0.98078724896226732
 0.98078733583497713 0.98560029642524583 1.0000020514280612


# name: x
# type: range
# base, limit, increment
0 1 0.03125


# name: exata
# type: matrix
# rows: 33
# columns: 1
 1
 0.99518472667219693
 0.98078528040323043
 0.95694033573220882
 0.92387953251128674
 0.88192126434835505
 0.83146961230254524
 0.77301045336273699
 0.70710678118654757
 0.63439328416364549
 0.55557023301960229
 0.47139673682599781
 0.38268343236508984
 0.29028467725446233
 0.19509032201612833
 0.09801714032956077
 6.123233995736766e-17
 -0.098017140329560645
 -0.19509032201612819
 -0.29028467725446216
 -0.38268343236508973
 -0.4713967368259977
 -0.55557023301960196
 -0.63439328416364538
 -0.70710678118654746
 -0.77301045336273699
 -0.83146961230254535
 -0.88192126434835494
 -0.92387953251128674
 -0.95694033573220882
 -0.98078528040323043
 -0.99518472667219682
 -1


