# Created by Octave 6.3.0, Fri Sep 24 19:57:55 2021 -03 <kuroneko@kuroneko-VirtualBox>
# name: beta
# type: scalar
0


# name: Lambda
# type: matrix
# rows: 17
# columns: 1
 1
 0.98078528040337154
 0.92387953251152088
 0.83146961230282734
 0.70710678118683501
 0.55557023301985664
 0.38268343236528068
 0.19509032201623655
 1.5765166949696941e-14
 -0.19509032201620558
 -0.38268343236525065
 -0.555570233019827
 -0.70710678118680903
 -0.83146961230280758
 -0.92387953251150745
 -0.98078528040336455
 -1


# name: nen
# type: scalar
5


# name: nel
# type: scalar
16


# name: h
# type: scalar
0.0625


# name: xl
# type: matrix
# rows: 65
# columns: 1
 0
 0.015625
 0.03125
 0.046875
 0.0625
 0.078125
 0.09375
 0.109375
 0.125
 0.140625
 0.15625
 0.171875
 0.1875
 0.203125
 0.21875
 0.234375
 0.25
 0.265625
 0.28125
 0.296875
 0.3125
 0.328125
 0.34375
 0.359375
 0.375
 0.390625
 0.40625
 0.421875
 0.4375
 0.453125
 0.46875
 0.484375
 0.5
 0.515625
 0.53125
 0.546875
 0.5625
 0.578125
 0.59375
 0.609375
 0.625
 0.640625
 0.65625
 0.671875
 0.6875
 0.703125
 0.71875
 0.734375
 0.75
 0.765625
 0.78125
 0.796875
 0.8125
 0.828125
 0.84375
 0.859375
 0.875
 0.890625
 0.90625
 0.921875
 0.9375
 0.953125
 0.96875
 0.984375
 1


# name: U
# type: matrix
# rows: 16
# columns: 5
 -0.61487102709399744 -0.46072036597849936 -0.30694109913070888 -0.15390366237320979 -0.0019767046616952083
 -1.2080896101072358 -1.0576391690457361 -0.90902772309220814 -0.76261325929520773 -0.61874847277091083
 -1.7548819869083667 -1.6139134919772788 -1.4761809214437482 -1.3420160563407879 -1.2117420840695357
 -2.2342352331017814 -2.1081660245052638 -1.986605314836019 -1.8698459289524825 -1.7581691266301736
 -2.6277280722605316 -2.5214029189845237 -2.4206855800801232 -2.3258186711360973 -2.237030715646906
 -2.9202387952491504 -2.8377437133062129 -2.7617402560178159 -2.6924115061220428 -2.6299244688025594
 -3.1005263790249278 -3.0450316081503579 -2.9966628027183315 -2.9555364768492964 -2.9217516995005748
 -3.1616624728499114 -3.1353006459665895 -3.1164252784581445 -3.1050818382550838 -3.1012976509239136
 -3.1012976509239318 -3.1050818382551002 -3.1164252784581588 -3.1353006459666024 -3.1616624728499239
 -2.921751699500605 -2.9555364768493266 -2.9966628027183613 -3.0450316081503876 -3.1005263790249571
 -2.629924468802574 -2.6924115061220562 -2.761740256017827 -2.8377437133062209 -2.9202387952491553
 -2.2370307156470268 -2.3258186711362177 -2.4206855800802436 -2.5214029189846441 -2.627728072260652
 -1.7581691266303103 -1.8698459289526186 -1.9866053148361538 -2.1081660245053975 -2.2342352331019133
 -1.2117420840697231 -1.3420160563409747 -1.4761809214439339 -1.6139134919774634 -1.7548819869085508
 -0.61874847277106604 -0.76261325929536283 -0.90902772309236279 -1.0576391690458904 -1.2080896101073901
 -0.0019767046618737903 -0.15390366237338804 -0.30694109913088685 -0.46072036597867716 -0.61487102709417518


# name: P
# type: matrix
# rows: 16
# columns: 5
 -1.000000000000236 -0.99159718446495371 -0.98560055367246535 -0.98200141011147601 -0.98078528040363067
 -0.98078528040356605 -0.96308643511374237 -0.94772447712610131 -0.93466787228017945 -0.92387953251178512
 -0.92387953251166666 -0.89756481416616607 -0.87342788041375485 -0.85141557228490317 -0.83146961230309069
 -0.83146961230291816 -0.79755028077029388 -0.76556594008106915 -0.7354438493260349 -0.70710678118708203
 -0.70710678118686809 -0.6668863373557401 -0.62828373000536542 -0.59120943167920281 -0.55557023302008013
 -0.55557023301983266 -0.5105943259907475 -0.46685692853110694 -0.42425516712698536 -0.38268343236547103
 -0.38268343236519792 -0.33468046102250693 -0.28748907710976246 -0.24099701442710211 -0.19509032201638654
 -0.19509032201609902 -0.14590501362812655 -0.097073181680813275 -0.048477481615461261 -1.2017800088027709e-13
 1.7133619687884172e-13 0.048477481615512699 0.097073181680865039 0.14590501362817862 0.19509032201615134
 0.19509032201643478 0.24099701442715088 0.28748907710981181 0.33468046102255694 0.38268343236524865
 0.38268343236551361 0.42425516712702815 0.46685692853114996 0.51059432599079069 0.55557023301987618
 0.55557023302011255 0.59120943167923712 0.62828373000540172 0.6668863373557784 0.70710678118690828
 0.70710678118710857 0.73544384932606366 0.76556594008110013 0.79755028077032708 0.83146961230295369
 0.83146961230310745 0.85141557228492282 0.87342788041377728 0.89756481416619149 0.92387953251169497
 0.92387953251179489 0.9346678722801921 0.94772447712611663 0.96308643511376035 0.98078528040358637
 0.98078528040363055 0.98200141011147801 0.98560055367246979 0.99159718446496126 1.0000000000002469


# name: x
# type: range
# base, limit, increment
0 1 0.015625


# name: exata
# type: matrix
# rows: 65
# columns: 1
 1
 0.99879545620517241
 0.99518472667219693
 0.98917650996478101
 0.98078528040323043
 0.97003125319454397
 0.95694033573220882
 0.94154406518302081
 0.92387953251128674
 0.90398929312344334
 0.88192126434835505
 0.85772861000027212
 0.83146961230254524
 0.80320753148064494
 0.77301045336273699
 0.74095112535495911
 0.70710678118654757
 0.67155895484701833
 0.63439328416364549
 0.59569930449243347
 0.55557023301960229
 0.51410274419322166
 0.47139673682599781
 0.4275550934302822
 0.38268343236508984
 0.33688985339222005
 0.29028467725446233
 0.24298017990326398
 0.19509032201612833
 0.14673047445536175
 0.09801714032956077
 0.049067674327418126
 6.123233995736766e-17
 -0.049067674327418008
 -0.098017140329560645
 -0.14673047445536164
 -0.19509032201612819
 -0.24298017990326387
 -0.29028467725446216
 -0.33688985339221994
 -0.38268343236508973
 -0.42755509343028186
 -0.4713967368259977
 -0.51410274419322166
 -0.55557023301960196
 -0.59569930449243336
 -0.63439328416364538
 -0.67155895484701844
 -0.70710678118654746
 -0.74095112535495888
 -0.77301045336273699
 -0.80320753148064483
 -0.83146961230254535
 -0.85772861000027201
 -0.88192126434835494
 -0.90398929312344334
 -0.92387953251128674
 -0.9415440651830207
 -0.95694033573220882
 -0.97003125319454397
 -0.98078528040323043
 -0.98917650996478101
 -0.99518472667219682
 -0.99879545620517241
 -1


