# Created by Octave 6.3.0, Fri Sep 24 19:57:43 2021 -03 <kuroneko@kuroneko-VirtualBox>
# name: beta
# type: scalar
0


# name: Lambda
# type: matrix
# rows: 17
# columns: 1
 1
 0.9807852804032704
 0.92387953251135435
 0.83146961230262684
 0.70710678118663206
 0.55557023301967801
 0.38268343236514929
 0.19509032201616597
 1.3001945199504589e-14
 -0.19509032201614032
 -0.38268343236512481
 -0.55557023301965591
 -0.7071067811866123
 -0.83146961230261218
 -0.92387953251134358
 -0.98078528040326662
 -1


# name: nen
# type: scalar
4


# name: nel
# type: scalar
16


# name: h
# type: scalar
0.0625


# name: xl
# type: matrix
# rows: 49
# columns: 1
 0
 0.020833333333333332
 0.041666666666666664
 0.0625
 0.083333333333333329
 0.10416666666666666
 0.12499999999999999
 0.14583333333333331
 0.16666666666666666
 0.1875
 0.20833333333333334
 0.22916666666666669
 0.25
 0.27083333333333331
 0.29166666666666663
 0.31249999999999994
 0.33333333333333326
 0.35416666666666657
 0.37499999999999989
 0.3958333333333332
 0.41666666666666652
 0.43749999999999983
 0.45833333333333315
 0.47916666666666646
 0.49999999999999978
 0.52083333333333315
 0.54166666666666652
 0.56249999999999989
 0.58333333333333326
 0.60416666666666663
 0.625
 0.64583333333333337
 0.66666666666666674
 0.68750000000000011
 0.70833333333333348
 0.72916666666666685
 0.75000000000000022
 0.77083333333333359
 0.79166666666666696
 0.81250000000000033
 0.8333333333333337
 0.85416666666666707
 0.87500000000000044
 0.89583333333333381
 0.91666666666666718
 0.93750000000000056
 0.95833333333333393
 0.9791666666666673
 1.0000000000000007


# name: U
# type: matrix
# rows: 16
# columns: 4
 -0.61487102709582686 -0.40940110444006234 -0.20481102100567364 -0.0019767046634533835
 -1.2080896101089982 -1.0078801750384905 -0.81115237377504457 -0.6187484727726047
 -1.7548819869101548 -1.5676269757359185 -1.3863215957197479 -1.2117420840712616
 -2.2342352331034805 -2.0671307508911223 -1.90821525619902 -1.7581691266318202
 -2.6277280722621712 -2.4871958505498379 -2.3567772745219848 -2.2370307156485003
 -2.9202387952506643 -2.8116794085073824 -2.7147696638809484 -2.6299244688040431
 -3.1005263790264195 -3.0281117036039289 -2.968434977517298 -2.9217516995020443
 -3.1616624728513858 -3.1281753641155556 -3.1080249996851435 -3.1012976509253831
 -3.1012976509253947 -3.1080249996851541 -3.1281753641155658 -3.161662472851396
 -2.9217516995020683 -2.9684349775173215 -3.0281117036039524 -3.1005263790264426
 -2.6299244688041012 -2.7147696638810057 -2.8116794085074388 -2.9202387952507198
 -2.2370307156485807 -2.3567772745220652 -2.4871958505499183 -2.6277280722622516
 -1.7581691266319317 -1.9082152561991317 -2.0671307508912347 -2.2342352331035933
 -1.2117420840713851 -1.3863215957198713 -1.5676269757360419 -1.7548819869102779
 -0.6187484727728092 -0.81115237377524896 -1.0078801750386948 -1.2080896101092022
 -0.0019767046635654692 -0.2048110210057856 -0.40940110444017414 -0.61487102709593844


# name: P
# type: matrix
# rows: 16
# columns: 4
 -1.000000000058066 -0.98933156729873795 -0.98293581721891599 -0.9807852804591336
 -0.98078528046130997 -0.95770786007085384 -0.93876639492014458 -0.92387953256286293
 -0.92387953256713595 -0.88927997686919091 -0.85852070653084056 -0.83146961234780148
 -0.83146961235400707 -0.78667756287039137 -0.74528254885350564 -0.70710678122373549
 -0.70710678123163706 -0.65384357130433546 -0.60340360078299216 -0.55557023304728603
 -0.5555702330565776 -0.49588273797274512 -0.43833619072701907 -0.3826834323821996
 -0.38268343239252511 -0.31886540911510125 -0.25642376668317113 -0.19509032202200408
 -0.19509032203296664 -0.12959426140694347 -0.064657121089792269 5.5852873635732757e-12
 -5.5925015976153562e-12 0.064657121089785261 0.12959426140693669 0.19509032203296006
 0.19509032202199617 0.25642376668316391 0.31886540911509481 0.3826834323925194
 0.38268343238219082 0.43833619072701163 0.49588273797273913 0.55557023305657305
 0.55557023304727682 0.60340360078298461 0.6538435713043298 0.70710678123163306
 0.70710678122372783 0.74528254885350032 0.7866775628703887 0.83146961235400696
 0.83146961234779426 0.8585207065308359 0.88927997686918903 0.92387953256713651
 0.92387953256285615 0.93876639492014202 0.95770786007085573 0.98078528046131597
 0.98078528045912949 0.98293581721891421 0.98933156729873872 1.0000000000580691


# name: x
# type: range
# base, limit, increment
0 1 0.020833333333333332


# name: exata
# type: matrix
# rows: 49
# columns: 1
 1
 0.99785892323860348
 0.99144486137381038
 0.98078528040323043
 0.96592582628906831
 0.94693012949510569
 0.92387953251128674
 0.89687274153268837
 0.86602540378443871
 0.83146961230254524
 0.79335334029123517
 0.75183980747897738
 0.70710678118654757
 0.65934581510006895
 0.60876142900872077
 0.5555702330196024
 0.50000000000000033
 0.44228869021900163
 0.38268343236509023
 0.32143946530316192
 0.25881904510252118
 0.19509032201612875
 0.13052619222005216
 0.065403129230143714
 7.273661547324616e-16
 -0.065403129230142493
 -0.13052619222005116
 -0.19509032201612778
 -0.25881904510252041
 -0.32143946530316136
 -0.38268343236508973
 -0.44228869021900113
 -0.50000000000000022
 -0.55557023301960229
 -0.60876142900872099
 -0.65934581510006918
 -0.70710678118654813
 -0.75183980747897783
 -0.79335334029123561
 -0.83146961230254579
 -0.86602540378443915
 -0.89687274153268892
 -0.92387953251128718
 -0.94693012949510613
 -0.96592582628906865
 -0.98078528040323076
 -0.9914448613738106
 -0.99785892323860359
 -1


