# Created by Octave 6.3.0, Fri Sep 24 19:57:37 2021 -03 <kuroneko@kuroneko-VirtualBox>
# name: beta
# type: scalar
0


# name: Lambda
# type: matrix
# rows: 257
# columns: 1
 1
 0.99992470183916315
 0.999698818696241
 0.99932238458840383
 0.99879545620524401
 0.99811811290023766
 0.99729045667879535
 0.99631261218289935
 0.99518472667233415
 0.99390697000250872
 0.99247953459887772
 0.99090263542796231
 0.98917650996497752
 0.98730141815806882
 0.98527764238916515
 0.98310548743145376
 0.98078528040348112
 0.978317370719891
 0.97570213003880424
 0.97293995220584795
 0.9700312531948434
 0.96697647104516271
 0.96377606579576114
 0.96043051941589774
 0.956940335732551
 0.95330604035454569
 0.94952818059339783
 0.94560732538089154
 0.94154406518339961
 0.93733901191296209
 0.93299279883513397
 0.92850608047361838
 0.92387953251169708
 0.91911385169047521
 0.91420975570395502
 0.90916798309095348
 0.90398929312388099
 0.89867446569439768
 0.89322430119596496
 0.88763962040330924
 0.88192126434881568
 0.87607009419587223
 0.87008699110918164
 0.86397285612206132
 0.85772861000075074
 0.85135519310574759
 0.84485356525019295
 0.83822470555532702
 0.83146961230303718
 0.82458930278551978
 0.8175848131520802
 0.81045719825309315
 0.80320753148114477
 0.7958369046093845
 0.78834642762710816
 0.78073722857259698
 0.7730104533632397
 0.76516726562296145
 0.75720884650698661
 0.74913639452396075
 0.74095112535545971
 0.73265427167291242
 0.72424708295196505
 0.71573082528431498
 0.70710678118704173
 0.69837624940946441
 0.68954054473755577
 0.68060099779593897
 0.67155895484750094
 0.66241577759065073
 0.65317284295425193
 0.64383154289026245
 0.634393284164112
 0.62485948814284831
 0.61523159058108401
 0.60551104140477774
 0.59569930449288044
 0.58579785745688062
 0.57580819141828166
 0.56573181078404389
 0.55557023302002695
 0.54532498842246502
 0.53499761988750949
 0.52458968267887462
 0.51410274419362079
 0.50353838372610982
 0.49289819223016934
 0.48218377207950092
 0.47139673682636851
 0.46053871095860344
 0.44961132965496248
 0.43861623853887582
 0.42755509343062253
 0.41642956009796972
 0.40524131400531432
 0.39399204006136435
 0.3826834323653977
 0.37131719395213697
 0.35989503653527899
 0.34841868024971667
 0.33688985339249333
 0.32531029216252727
 0.31368174039914681
 0.30200594931947422
 0.29028467725469925
 0.2785196893852806
 0.2667127574751163
 0.25486565960472279
 0.24298017990346241
 0.23105810828085985
 0.21910124015704865
 0.20711137619238743
 0.19509032201628707
 0.18303988795528958
 0.17096188876043961
 0.15885814333398954
 0.14673047445547951
 0.13458070850723355
 0.12241067519931312
 0.1102222072939695
 0.098017140329636529
 0.08579731234450523
 0.073564563599722146
 0.061320736302252633
 0.049067674327451384
 0.036807222941381487
 0.024541228522924209
 0.01227153828572111
 -9.5668520477624064e-15
 -0.012271538285740249
 -0.024541228522943367
 -0.036807222941400659
 -0.049067674327470591
 -0.061320736302271896
 -0.07356456359974145
 -0.085797312344524604
 -0.098017140329655972
 -0.11022220729398904
 -0.12241067519933277
 -0.13458070850725329
 -0.14673047445549939
 -0.15885814333400958
 -0.17096188876045978
 -0.18303988795530987
 -0.19509032201630744
 -0.20711137619240799
 -0.21910124015706944
 -0.23105810828088089
 -0.24298017990348372
 -0.25486565960474439
 -0.26671275747513801
 -0.27851968938530247
 -0.29028467725472146
 -0.30200594931949676
 -0.31368174039916968
 -0.32531029216255042
 -0.33688985339251676
 -0.34841868024974032
 -0.35989503653530286
 -0.37131719395216106
 -0.38268343236542207
 -0.39399204006138905
 -0.40524131400533936
 -0.41642956009799514
 -0.42755509343064835
 -0.43861623853890208
 -0.44961132965498907
 -0.4605387109586303
 -0.47139673682639566
 -0.48218377207952828
 -0.49289819223019687
 -0.50353838372613746
 -0.51410274419364854
 -0.52458968267890249
 -0.53499761988753725
 -0.54532498842249266
 -0.55557023302005437
 -0.56573181078407098
 -0.57580819141830852
 -0.58579785745690749
 -0.5956993044929072
 -0.60551104140480416
 -0.61523159058111032
 -0.6248594881428744
 -0.63439328416413776
 -0.64383154289028777
 -0.6531728429542768
 -0.66241577759067538
 -0.67155895484752526
 -0.68060099779596295
 -0.68954054473757964
 -0.69837624940948806
 -0.70710678118706505
 -0.71573082528433818
 -0.72424708295198814
 -0.73265427167293529
 -0.74095112535548247
 -0.7491363945239834
 -0.75720884650700904
 -0.76516726562298343
 -0.77301045336326113
 -0.78073722857261807
 -0.78834642762712925
 -0.7958369046094057
 -0.80320753148116586
 -0.81045719825311413
 -0.81758481315210119
 -0.82458930278554055
 -0.83146961230305816
 -0.83822470555534812
 -0.84485356525021404
 -0.85135519310576857
 -0.85772861000077161
 -0.86397285612208197
 -0.87008699110920196
 -0.87607009419589221
 -0.88192126434883544
 -0.88763962040332889
 -0.8932243011959845
 -0.89867446569441711
 -0.90398929312390053
 -0.90916798309097302
 -0.91420975570397434
 -0.91911385169049409
 -0.9238795325117154
 -0.92850608047363614
 -0.93299279883515107
 -0.9373390119129783
 -0.94154406518341516
 -0.94560732538090653
 -0.94952818059341226
 -0.95330604035455946
 -0.95694033573256421
 -0.96043051941591062
 -0.96377606579577357
 -0.96697647104517437
 -0.9700312531948545
 -0.97293995220585838
 -0.97570213003881423
 -0.97831737071990044
 -0.98078528040349011
 -0.98310548743146242
 -0.98527764238917337
 -0.98730141815807637
 -0.98917650996498452
 -0.99090263542796875
 -0.99247953459888361
 -0.99390697000251405
 -0.99518472667233904
 -0.99631261218290379
 -0.99729045667879912
 -0.99811811290024099
 -0.99879545620524657
 -0.99932238458840572
 -0.999698818696242
 -0.9999247018391636
 -1


# name: nen
# type: scalar
2


# name: nel
# type: scalar
256


# name: h
# type: scalar
0.00390625


