# Created by Octave 6.2.0, Mon Aug 30 22:19:08 2021 -03 <kuroneko@kuroneko-VirtualBox>
# name: alfa
# type: scalar
-1


# name: beta
# type: scalar
10


# name: h
# type: scalar
0.00390625


# name: xl
# type: matrix
# rows: 257
# columns: 1
 0
 0.00390625
 0.0078125
 0.01171875
 0.015625
 0.01953125
 0.0234375
 0.02734375
 0.03125
 0.03515625
 0.0390625
 0.04296875
 0.046875
 0.05078125
 0.0546875
 0.05859375
 0.0625
 0.06640625
 0.0703125
 0.07421875
 0.078125
 0.08203125
 0.0859375
 0.08984375
 0.09375
 0.09765625
 0.1015625
 0.10546875
 0.109375
 0.11328125
 0.1171875
 0.12109375
 0.125
 0.12890625
 0.1328125
 0.13671875
 0.140625
 0.14453125
 0.1484375
 0.15234375
 0.15625
 0.16015625
 0.1640625
 0.16796875
 0.171875
 0.17578125
 0.1796875
 0.18359375
 0.1875
 0.19140625
 0.1953125
 0.19921875
 0.203125
 0.20703125
 0.2109375
 0.21484375
 0.21875
 0.22265625
 0.2265625
 0.23046875
 0.234375
 0.23828125
 0.2421875
 0.24609375
 0.25
 0.25390625
 0.2578125
 0.26171875
 0.265625
 0.26953125
 0.2734375
 0.27734375
 0.28125
 0.28515625
 0.2890625
 0.29296875
 0.296875
 0.30078125
 0.3046875
 0.30859375
 0.3125
 0.31640625
 0.3203125
 0.32421875
 0.328125
 0.33203125
 0.3359375
 0.33984375
 0.34375
 0.34765625
 0.3515625
 0.35546875
 0.359375
 0.36328125
 0.3671875
 0.37109375
 0.375
 0.37890625
 0.3828125
 0.38671875
 0.390625
 0.39453125
 0.3984375
 0.40234375
 0.40625
 0.41015625
 0.4140625
 0.41796875
 0.421875
 0.42578125
 0.4296875
 0.43359375
 0.4375
 0.44140625
 0.4453125
 0.44921875
 0.453125
 0.45703125
 0.4609375
 0.46484375
 0.46875
 0.47265625
 0.4765625
 0.48046875
 0.484375
 0.48828125
 0.4921875
 0.49609375
 0.5
 0.50390625
 0.5078125
 0.51171875
 0.515625
 0.51953125
 0.5234375
 0.52734375
 0.53125
 0.53515625
 0.5390625
 0.54296875
 0.546875
 0.55078125
 0.5546875
 0.55859375
 0.5625
 0.56640625
 0.5703125
 0.57421875
 0.578125
 0.58203125
 0.5859375
 0.58984375
 0.59375
 0.59765625
 0.6015625
 0.60546875
 0.609375
 0.61328125
 0.6171875
 0.62109375
 0.625
 0.62890625
 0.6328125
 0.63671875
 0.640625
 0.64453125
 0.6484375
 0.65234375
 0.65625
 0.66015625
 0.6640625
 0.66796875
 0.671875
 0.67578125
 0.6796875
 0.68359375
 0.6875
 0.69140625
 0.6953125
 0.69921875
 0.703125
 0.70703125
 0.7109375
 0.71484375
 0.71875
 0.72265625
 0.7265625
 0.73046875
 0.734375
 0.73828125
 0.7421875
 0.74609375
 0.75
 0.75390625
 0.7578125
 0.76171875
 0.765625
 0.76953125
 0.7734375
 0.77734375
 0.78125
 0.78515625
 0.7890625
 0.79296875
 0.796875
 0.80078125
 0.8046875
 0.80859375
 0.8125
 0.81640625
 0.8203125
 0.82421875
 0.828125
 0.83203125
 0.8359375
 0.83984375
 0.84375
 0.84765625
 0.8515625
 0.85546875
 0.859375
 0.86328125
 0.8671875
 0.87109375
 0.875
 0.87890625
 0.8828125
 0.88671875
 0.890625
 0.89453125
 0.8984375
 0.90234375
 0.90625
 0.91015625
 0.9140625
 0.91796875
 0.921875
 0.92578125
 0.9296875
 0.93359375
 0.9375
 0.94140625
 0.9453125
 0.94921875
 0.953125
 0.95703125
 0.9609375
 0.96484375
 0.96875
 0.97265625
 0.9765625
 0.98046875
 0.984375
 0.98828125
 0.9921875
 0.99609375
 1


# name: u
# type: matrix
# rows: 257
# columns: 1
 0.99999999999993949
 0.99992470183920612
 0.99969881869638566
 0.99932238458864842
 0.99879545620558641
 0.99811811290067609
 0.9972904566793277
 0.99631261218352374
 0.99518472667304858
 0.9939069700033113
 0.99247953459976646
 0.99090263542893509
 0.98917650996603246
 0.98730141815920403
 0.98527764239037852
 0.98310548743274273
 0.98078528040484381
 0.9783173707213253
 0.97570213004030826
 0.97293995220741969
 0.97003125319648087
 0.96697647104686435
 0.96377606579752528
 0.96043051941772228
 0.95694033573443404
 0.95330604035648547
 0.94952818059539246
 0.94560732538293901
 0.94154406518549816
 0.93733901191510982
 0.93299279883732911
 0.92850608047585903
 0.92387953251398114
 0.9191138516928008
 0.91420975570632013
 0.90916798309335622
 0.90398929312631926
 0.89867446569686982
 0.89322430119846907
 0.88763962040584332
 0.88192126435137796
 0.87607009419846105
 0.87008699111179522
 0.86397285612469787
 0.8577286100034085
 0.85135519310842489
 0.84485356525288802
 0.83822470555803819
 0.83146961230576266
 0.82458930278825793
 0.81758481315482967
 0.81045719825585205
 0.80320753148391166
 0.79583690461215784
 0.78834642762988605
 0.78073722857537797
 0.77301045336602237
 0.76516726562574455
 0.75720884650976861
 0.74913639452673997
 0.74095112535823449
 0.73265427167568109
 0.7242470829547264
 0.71573082528706755
 0.70710678118978409
 0.69837624941219545
 0.68954054474027382
 0.68060099779864258
 0.67155895485018891
 0.66241577759332182
 0.65317284295690481
 0.6438315428928959
 0.6343932841667248
 0.62485948814543901
 0.61523159058365129
 0.60551104140732037
 0.5956993044953971
 0.58579785745937019
 0.57580819142074269
 0.56573181078647528
 0.55557023302242758
 0.54532498842483379
 0.53499761988984529
 0.52458968268117645
 0.51410274419588753
 0.50353838372834037
 0.49289819223236275
 0.48218377208165625
 0.47139673682848487
 0.46053871096067983
 0.4496113296569979
 0.43861623854086934
 0.42755509343257314
 0.41642956009987664
 0.40524131400717678
 0.39399204006318156
 0.38268343236716884
 0.37131719395386131
 0.35989503653695581
 0.34841868025134515
 0.33688985339407279
 0.32531029216405699
 0.31368174040062613
 0.30200594932090258
 0.29028467725607604
 0.27851968938660526
 0.2667127574763884
 0.25486565960594171
 0.24298017990462756
 0.23105810828197079
 0.21910124015810489
 0.20711137619338854
 0.1950903220172327
 0.18303988795617934
 0.17096188876127311
 0.15885814333476642
 0.14673047445619947
 0.1345807085078963
 0.12241067519991838
 0.11022220729451704
 0.098017140330126096
 0.085797312344936663
 0.073564563600095279
 0.061320736302567326
 0.049067674327707519
 0.036807222941578982
 0.024541228523062987
 0.012271538285801116
 1.1652691141857431e-14
 -0.012271538285777811
 -0.024541228523039683
 -0.036807222941555681
 -0.049067674327684233
 -0.061320736302544053
 -0.073564563600072005
 -0.085797312344913404
 -0.09801714033010285
 -0.11022220729449381
 -0.12241067519989519
 -0.13458070850787313
 -0.14673047445617635
 -0.15885814333474332
 -0.17096188876125001
 -0.18303988795615625
 -0.19509032201720966
 -0.20711137619336556
 -0.21910124015808197
 -0.23105810828194792
 -0.24298017990460477
 -0.25486565960591895
 -0.26671275747636569
 -0.27851968938658273
 -0.29028467725605356
 -0.30200594932088021
 -0.31368174040060387
 -0.32531029216403484
 -0.3368898533940507
 -0.34841868025132322
 -0.35989503653693389
 -0.3713171939538395
 -0.38268343236714708
 -0.39399204006315991
 -0.40524131400715518
 -0.41642956009985505
 -0.42755509343255155
 -0.43861623854084769
 -0.44961132965697631
 -0.46053871096065829
 -0.47139673682846339
 -0.48218377208163476
 -0.49289819223234121
 -0.50353838372831861
 -0.51410274419586544
 -0.52458968268115413
 -0.53499761988982275
 -0.54532498842481092
 -0.55557023302240427
 -0.56573181078645163
 -0.57580819142071882
 -0.58579785745934621
 -0.59569930449537312
 -0.60551104140729628
 -0.6152315905836272
 -0.62485948814541481
 -0.63439328416670049
 -0.64383154289287148
 -0.65317284295688038
 -0.66241577759329751
 -0.6715589548501647
 -0.68060099779861827
 -0.68954054474024939
 -0.69837624941217102
 -0.70710678118975978
 -0.71573082528704346
 -0.72424708295470241
 -0.73265427167565744
 -0.74095112535821117
 -0.7491363945267171
 -0.75720884650974629
 -0.76516726562572279
 -0.77301045336600116
 -0.78073722857535732
 -0.78834642762986595
 -0.7958369046121383
 -0.8032075314838929
 -0.81045719825583395
 -0.81758481315481202
 -0.82458930278824072
 -0.83146961230574601
 -0.83822470555802209
 -0.84485356525287225
 -0.85135519310840946
 -0.8577286100033934
 -0.86397285612468311
 -0.87008699111178101
 -0.87607009419844717
 -0.88192126435136442
 -0.88763962040583
 -0.89322430119845608
 -0.89867446569685716
 -0.90398929312630716
 -0.90916798309334457
 -0.91420975570630902
 -0.91911385169279003
 -0.9238795325139707
 -0.92850608047584904
 -0.93299279883731967
 -0.93733901191510083
