# Created by Octave 6.2.0, Mon Aug 30 22:19:08 2021 -03 <kuroneko@kuroneko-VirtualBox>
# name: alfa
# type: scalar
-1


# name: beta
# type: scalar
10


# name: h
# type: scalar
0.015625


# name: xl
# type: matrix
# rows: 65
# columns: 1
 0
 0.015625
 0.03125
 0.046875
 0.0625
 0.078125
 0.09375
 0.109375
 0.125
 0.140625
 0.15625
 0.171875
 0.1875
 0.203125
 0.21875
 0.234375
 0.25
 0.265625
 0.28125
 0.296875
 0.3125
 0.328125
 0.34375
 0.359375
 0.375
 0.390625
 0.40625
 0.421875
 0.4375
 0.453125
 0.46875
 0.484375
 0.5
 0.515625
 0.53125
 0.546875
 0.5625
 0.578125
 0.59375
 0.609375
 0.625
 0.640625
 0.65625
 0.671875
 0.6875
 0.703125
 0.71875
 0.734375
 0.75
 0.765625
 0.78125
 0.796875
 0.8125
 0.828125
 0.84375
 0.859375
 0.875
 0.890625
 0.90625
 0.921875
 0.9375
 0.953125
 0.96875
 0.984375
 1


# name: u
# type: matrix
# rows: 65
# columns: 1
 0.99999999994062516
 0.99879545626896749
 0.99518472684945913
 0.98917651024584252
 0.98078528077848159
 0.97003125365445697
 0.9569403362673603
 0.94154406578411454
 0.92387953316917593
 0.90398929382915283
 0.88192126509310298
 0.85772861077549112
 0.83146961309990297
 0.80320753229206399
 0.77301045418041447
 0.7409511261713857
 0.70710678199452515
 0.67155895563967805
 0.63439328493446323
 0.59569930523524628
 0.55557023372862335
 0.51410274486305385
 0.47139673745164651
 0.42755509400716818
 0.38268343288905948
 0.33688985385955578
 0.29028467766189137
 0.24298018024796619
 0.19509032229574344
 0.14673047466799458
 0.098017140473785638
 0.049067674402283087
 5.0284219253196936e-12
 -0.049067674392226236
 -0.098017140463728794
 -0.1467304746579377
 -0.19509032228568654
 -0.24298018023790924
 -0.29028467765183436
 -0.33688985384949871
 -0.38268343287900231
 -0.427555093997111
 -0.47139673744158928
 -0.51410274485299667
 -0.55557023371856618
 -0.5956993052251891
 -0.63439328492440616
 -0.67155895562962109
 -0.7071067819844683
 -0.74095112616132874
 -0.77301045417035741
 -0.80320753228200659
 -0.83146961308984546
 -0.85772861076543339
 -0.8819212650830448
 -0.90398929381909432
 -0.92387953315911697
 -0.94154406577405525
 -0.95694033625730068
 -0.9700312536443968
 -0.98078528076842075
 -0.98917651023578079
 -0.99518472683939652
 -0.9987954562589042
 -0.99999999993056099


# name: x
# type: range
# base, limit, increment
0 1 0.015625


# name: exata
# type: matrix
# rows: 65
# columns: 1
 1
 0.99879545620517241
 0.99518472667219693
 0.98917650996478101
 0.98078528040323043
 0.97003125319454397
 0.95694033573220882
 0.94154406518302081
 0.92387953251128674
 0.90398929312344334
 0.88192126434835505
 0.85772861000027212
 0.83146961230254524
 0.80320753148064494
 0.77301045336273699
 0.74095112535495911
 0.70710678118654757
 0.67155895484701833
 0.63439328416364549
 0.59569930449243347
 0.55557023301960229
 0.51410274419322166
 0.47139673682599781
 0.4275550934302822
 0.38268343236508984
 0.33688985339222005
 0.29028467725446233
 0.24298017990326398
 0.19509032201612833
 0.14673047445536175
 0.09801714032956077
 0.049067674327418126
 6.123233995736766e-17
 -0.049067674327418008
 -0.098017140329560645
 -0.14673047445536164
 -0.19509032201612819
 -0.24298017990326387
 -0.29028467725446216
 -0.33688985339221994
 -0.38268343236508973
 -0.42755509343028186
 -0.4713967368259977
 -0.51410274419322166
 -0.55557023301960196
 -0.59569930449243336
 -0.63439328416364538
 -0.67155895484701844
 -0.70710678118654746
 -0.74095112535495888
 -0.77301045336273699
 -0.80320753148064483
 -0.83146961230254535
 -0.85772861000027201
 -0.88192126434835494
 -0.90398929312344334
 -0.92387953251128674
 -0.9415440651830207
 -0.95694033573220882
 -0.97003125319454397
 -0.98078528040323043
 -0.98917650996478101
 -0.99518472667219682
 -0.99879545620517241
 -1


