# Created by Octave 6.2.0, Sat May 29 16:06:19 2021 -03 <kuroneko@kuroneko-VirtualBox>
# name: xl
# type: matrix
# rows: 1
# columns: 9
 0 0.1875 0.375 0.5625 0.75 0.9375 1.125 1.3125 1.5


# name: h
# type: scalar
0.1875


# name: u
# type: matrix
# rows: 9
# columns: 1
 -4.7627634711684886e-05
 0.55558651745005116
 0.92394378152191692
 0.980870974295736
 0.70718576679937006
 0.19514230205092195
 -0.38266405792033964
 -0.8314718586291302
 -0.99994666951095934


# name: x
# type: range
# base, limit, increment
0 1.5 0.1875


# name: exata
# type: matrix
# rows: 1
# columns: 9
 0 0.55557023301960218 0.92387953251128674 0.98078528040323043 0.70710678118654757 0.19509032201612861 -0.38268343236508967 -0.83146961230254524 -1


