# Created by Octave 6.2.0, Sat May 29 16:06:19 2021 -03 <kuroneko@kuroneko-VirtualBox>
# name: xl
# type: matrix
# rows: 1
# columns: 33
 0 0.046875 0.09375 0.140625 0.1875 0.234375 0.28125 0.328125 0.375 0.421875 0.46875 0.515625 0.5625 0.609375 0.65625 0.703125 0.75 0.796875 0.84375 0.890625 0.9375 0.984375 1.03125 1.078125 1.125 1.171875 1.21875 1.265625 1.3125 1.359375 1.40625 1.453125 1.5


# name: h
# type: scalar
0.046875


# name: u
# type: matrix
# rows: 33
# columns: 1
 -1.8639439119600023e-07
 0.14673035207908566
 0.29028461785777337
 0.42755509495860533
 0.55557029244679113
 0.67155906824086176
 0.77301061597007936
 0.85772881634990539
 0.92387977653238518
 0.97003152834807937
 0.99518502609248849
 0.99879577284850851
 0.98078560720034336
 0.94154439519211497
 0.88192159090537647
 0.80320784834353709
 0.70710708267037359
 0.59569958559243774
 0.47139699332594387
 0.3368900819556595
 0.19509052025862417
 0.049067840868161391
 -0.098017005837860563
 -0.24298007676686215
 -0.38268335886422283
 -0.51410269761933547
 -0.63439326087802694
 -0.74095112086750381
 -0.8314696213689543
 -0.9039893098587467
 -0.95694035373815745
 -0.98917652246834875
 -0.9997867121680708


# name: x
# type: range
# base, limit, increment
0 1.5 0.046875


# name: exata
# type: matrix
# rows: 1
# columns: 33
 0 0.14673047445536175 0.29028467725446233 0.42755509343028208 0.55557023301960218 0.67155895484701833 0.77301045336273699 0.85772861000027212 0.92387953251128674 0.97003125319454397 0.99518472667219682 0.99879545620517241 0.98078528040323043 0.94154406518302081 0.88192126434835505 0.80320753148064494 0.70710678118654757 0.59569930449243347 0.47139673682599786 0.33688985339222033 0.19509032201612861 0.049067674327417966 -0.09801714032956059 -0.24298017990326382 -0.38268343236508967 -0.51410274419322155 -0.63439328416364527 -0.74095112535495888 -0.83146961230254524 -0.90398929312344312 -0.95694033573220882 -0.9891765099647809 -1


