# Created by Octave 6.2.0, Sat May 29 16:06:19 2021 -03 <kuroneko@kuroneko-VirtualBox>
# name: xl
# type: matrix
# rows: 1
# columns: 5
 0 0.375 0.75 1.125 1.5


# name: h
# type: scalar
0.375


# name: u
# type: matrix
# rows: 5
# columns: 1
 -0.00075613614664207698
 0.92500429225449621
 0.70846846396436269
 -0.3823430689025904
 -0.99997333404442545


# name: x
# type: range
# base, limit, increment
0 1.5 0.375


# name: exata
# type: matrix
# rows: 1
# columns: 5
 0 0.92387953251128674 0.70710678118654757 -0.38268343236508967 -1


