# Created by Octave 6.2.0, Sat Jul 31 20:29:34 2021 -03 <kuroneko@kuroneko-VirtualBox>
# name: xl
# type: matrix
# rows: 65
# columns: 1
 0
 0.015625
 0.03125
 0.046875
 0.0625
 0.078125
 0.09375
 0.109375
 0.125
 0.140625
 0.15625
 0.171875
 0.1875
 0.203125
 0.21875
 0.234375
 0.25
 0.265625
 0.28125
 0.296875
 0.3125
 0.328125
 0.34375
 0.359375
 0.375
 0.390625
 0.40625
 0.421875
 0.4375
 0.453125
 0.46875
 0.484375
 0.5
 0.515625
 0.53125
 0.546875
 0.5625
 0.578125
 0.59375
 0.609375
 0.625
 0.640625
 0.65625
 0.671875
 0.6875
 0.703125
 0.71875
 0.734375
 0.75
 0.765625
 0.78125
 0.796875
 0.8125
 0.828125
 0.84375
 0.859375
 0.875
 0.890625
 0.90625
 0.921875
 0.9375
 0.953125
 0.96875
 0.984375
 1


# name: h
# type: scalar
0.015625


# name: u
# type: matrix
# rows: 65
# columns: 1
 -6.2831852987337591
 -6.1292560746220239
 -5.9722916049626811
 -5.8122370321460064
 -5.6490504598932985
 -5.4827028454361235
 -5.3131778633225011
 -5.1404717410774756
 -4.964593067014512
 -4.7855625705624307
 -4.6034128755399246
 -4.4181882268759409
 -4.2299441913392144
 -4.0387473329038297
 -3.8446748634397201
 -3.6478142694773528
 -3.4482629158543423
 -3.2461276271081898
 -3.041524247533745
 -2.8345771808760918
 -2.6254189106792674
 -2.4141895023584667
 -2.2010360881079869
 -1.9861123357990522
 -1.7695779030607393
 -1.5515978777733452
 -1.3323422062367118
 -1.1119851103060676
 -0.89070449481485481
 -0.66868134662770295
 -0.44609912668711171
 -0.22314315643449223
 6.6406033949305916e-14
 0.22314315643462493
 0.44609912668724422
 0.66868134662783507
 0.89070449481498659
 1.1119851103061991
 1.3323422062368429
 1.5515978777734754
 1.7695779030608689
 1.9861123357991812
 2.2010360881081157
 2.414189502358596
 2.625418910679397
 2.8345771808762219
 3.0415242475338755
 3.2461276271083213
 3.4482629158544746
 3.6478142694774855
 3.8446748634398533
 4.0387473329039656
 4.2299441913393521
 4.4181882268760795
 4.6034128755400658
 4.7855625705625728
 4.964593067014655
 5.1404717410776177
 5.3131778633226414
 5.482702845436263
 5.6490504598934397
 5.8122370321461485
 5.972291604962825
 6.1292560746221687
 6.2831852987339047


# name: p
# type: matrix
# rows: 65
# columns: 1
 9.755522744956
 9.950630292235898
 10.14307256588171
 10.332565864503589
 10.518826868546697
 10.701573407405084
 10.880525220526167
 11.055404710711921
 11.225937687840199
 11.391854101251035
 11.552888759068715
 11.708782032760201
 11.859280545264696
 12.004137841067136
 12.143115036630547
 12.27598144964794
 12.402515205624089
 12.522503820350755
 12.635744756895503
 12.74204595578431
 12.841226337121322
 12.933116273455418
 13.01755803227222
 13.094406187062154
 13.163527995989348
 13.224803747263056
 13.278127070391939
 13.323405212582683
 13.360559279626797
 13.389524440703852
 13.410250096614917
 13.422700011046885
 13.426852404555911
 13.422700011046901
 13.410250096614945
 13.389524440703891
 13.360559279626841
 13.323405212582726
 13.27812707039198
 13.224803747263094
 13.163527995989384
 13.094406187062177
 13.017558032272238
 12.933116273455427
 12.841226337121325
 12.742045955784304
 12.635744756895486
 12.522503820350726
 12.402515205624052
 12.275981449647901
 12.143115036630505
 12.004137841067079
 11.859280545264626
 11.708782032760125
 11.552888759068631
 11.391854101250953
 11.225937687840119
 11.055404710711848
 10.880525220526104
 10.701573407405025
 10.518826868546642
 10.332565864503541
 10.143072565881662
 9.9506302922358518
 9.7555227449559503


# name: x
# type: range
# base, limit, increment
0 1 0.015625


# name: exata
# type: matrix
# rows: 65
# columns: 1
 0
 0.049067674327418015
 0.098017140329560604
 0.14673047445536175
 0.19509032201612825
 0.24298017990326387
 0.29028467725446233
 0.33688985339222005
 0.38268343236508978
 0.42755509343028208
 0.47139673682599764
 0.51410274419322166
 0.55557023301960218
 0.59569930449243336
 0.63439328416364549
 0.67155895484701833
 0.70710678118654746
 0.74095112535495911
 0.77301045336273699
 0.80320753148064483
 0.83146961230254524
 0.85772861000027212
 0.88192126434835494
 0.90398929312344334
 0.92387953251128674
 0.94154406518302081
 0.95694033573220894
 0.97003125319454397
 0.98078528040323043
 0.98917650996478101
 0.99518472667219682
 0.99879545620517241
 1
 0.99879545620517241
 0.99518472667219693
 0.98917650996478101
 0.98078528040323043
 0.97003125319454397
 0.95694033573220894
 0.94154406518302081
 0.92387953251128674
 0.90398929312344345
 0.88192126434835505
 0.85772861000027212
 0.83146961230254546
 0.80320753148064494
 0.7730104533627371
 0.74095112535495899
 0.70710678118654757
 0.67155895484701855
 0.63439328416364549
 0.59569930449243347
 0.55557023301960218
 0.51410274419322177
 0.47139673682599786
 0.42755509343028203
 0.38268343236508989
 0.33688985339222033
 0.29028467725446239
 0.24298017990326407
 0.19509032201612861
 0.1467304744553618
 0.098017140329560826
 0.049067674327417966
 1.2246467991473532e-16


