# Created by Octave 6.2.0, Sat Jul 31 20:29:34 2021 -03 <kuroneko@kuroneko-VirtualBox>
# name: xl
# type: matrix
# rows: 17
# columns: 1
 0
 0.0625
 0.125
 0.1875
 0.25
 0.3125
 0.375
 0.4375
 0.5
 0.5625
 0.625
 0.6875
 0.75
 0.8125
 0.875
 0.9375
 1


# name: h
# type: scalar
0.0625


# name: u
# type: matrix
# rows: 17
# columns: 1
 -6.2831831427301568
 -5.6493764073270878
 -4.9651312537792558
 -4.2305847266679457
 -3.4489064155319826
 -2.6259805596820298
 -1.7699908998787521
 -0.89092275166345836
 2.0691540155488945e-14
 0.89092275166349932
 1.7699908998787919
 2.625980559682068
 3.4489064155320195
 4.2305847266679795
 4.965131253779286
 5.6493764073271162
 6.2831831427301843


# name: p
# type: matrix
# rows: 17
# columns: 1
 9.7463550348301808
 10.509428568362596
 11.216318541522341
 11.849458624851344
 12.392516132845179
 12.831082270307673
 13.153276409994191
 13.350241575103144
 13.416512390033448
 13.350241575103157
 13.153276409994222
 12.831082270307716
 12.392516132845229
 11.849458624851398
 11.216318541522394
 10.509428568362644
 9.7463550348302235


# name: x
# type: range
# base, limit, increment
0 1 0.0625


# name: exata
# type: matrix
# rows: 17
# columns: 1
 0
 0.19509032201612825
 0.38268343236508978
 0.55557023301960218
 0.70710678118654746
 0.83146961230254524
 0.92387953251128674
 0.98078528040323043
 1
 0.98078528040323043
 0.92387953251128674
 0.83146961230254546
 0.70710678118654757
 0.55557023301960218
 0.38268343236508989
 0.19509032201612861
 1.2246467991473532e-16


