# Created by Octave 6.2.0, Sat Jul 31 20:29:34 2021 -03 <kuroneko@kuroneko-VirtualBox>
# name: xl
# type: matrix
# rows: 33
# columns: 1
 0
 0.03125
 0.0625
 0.09375
 0.125
 0.15625
 0.1875
 0.21875
 0.25
 0.28125
 0.3125
 0.34375
 0.375
 0.40625
 0.4375
 0.46875
 0.5
 0.53125
 0.5625
 0.59375
 0.625
 0.65625
 0.6875
 0.71875
 0.75
 0.78125
 0.8125
 0.84375
 0.875
 0.90625
 0.9375
 0.96875
 1


# name: h
# type: scalar
0.03125


# name: u
# type: matrix
# rows: 33
# columns: 1
 -6.2831851720261174
 -5.9723272006746866
 -5.6491159106103011
 -5.3132673611104169
 -4.9647009241862348
 -4.6035335837646372
 -4.2300724785606931
 -3.8448057480876541
 -3.4483917578557208
 -3.0416467956591822
 -2.6255313457916167
 -2.2011350619172223
 -1.7696605720296705
 -1.3324062603261317
 -0.89074818080382301
 -0.44612126585375789
 4.9725304623332991e-14
 0.44612126585385725
 0.89074818080392226
 1.3324062603262306
 1.7696605720297693
 2.2011350619173213
 2.6255313457917158
 3.0416467956592812
 3.4483917578558199
 3.844805748087754
 4.2300724785607944
 4.6035335837647393
 4.9647009241863387
 5.3132673611105208
 5.649115910610405
 5.9723272006747914
 6.2831851720262248


# name: p
# type: matrix
# rows: 33
# columns: 1
 9.753690073132308
 10.14121674726781
 10.516948171785852
 10.878624133171705
 11.224014909778386
 11.550945194338844
 11.857317292315759
 12.141133377070405
 12.400516591533076
 12.633730796791557
 12.839198780677767
 13.015518753902583
 13.16147897742521
 13.276070382390396
 13.358497062953218
 13.40818454245399
 13.424785734510165
 13.408184542453998
 13.358497062953232
 13.276070382390417
 13.161478977425231
 13.015518753902604
 12.839198780677789
 12.63373079679158
 12.400516591533112
 12.141133377070444
 11.857317292315798
 11.550945194338889
 11.224014909778434
 10.878624133171755
 10.516948171785907
 10.141216747267867
 9.7536900731323612


# name: x
# type: range
# base, limit, increment
0 1 0.03125


# name: exata
# type: matrix
# rows: 33
# columns: 1
 0
 0.098017140329560604
 0.19509032201612825
 0.29028467725446233
 0.38268343236508978
 0.47139673682599764
 0.55557023301960218
 0.63439328416364549
 0.70710678118654746
 0.77301045336273699
 0.83146961230254524
 0.88192126434835494
 0.92387953251128674
 0.95694033573220894
 0.98078528040323043
 0.99518472667219682
 1
 0.99518472667219693
 0.98078528040323043
 0.95694033573220894
 0.92387953251128674
 0.88192126434835505
 0.83146961230254546
 0.7730104533627371
 0.70710678118654757
 0.63439328416364549
 0.55557023301960218
 0.47139673682599786
 0.38268343236508989
 0.29028467725446239
 0.19509032201612861
 0.098017140329560826
 1.2246467991473532e-16


