# Created by Octave 6.2.0, Wed Aug 04 01:17:09 2021 -03 <kuroneko@kuroneko-VirtualBox>
# name: xl
# type: matrix
# rows: 65
# columns: 1
 0
 0.015625
 0.03125
 0.046875
 0.0625
 0.078125
 0.09375
 0.109375
 0.125
 0.140625
 0.15625
 0.171875
 0.1875
 0.203125
 0.21875
 0.234375
 0.25
 0.265625
 0.28125
 0.296875
 0.3125
 0.328125
 0.34375
 0.359375
 0.375
 0.390625
 0.40625
 0.421875
 0.4375
 0.453125
 0.46875
 0.484375
 0.5
 0.515625
 0.53125
 0.546875
 0.5625
 0.578125
 0.59375
 0.609375
 0.625
 0.640625
 0.65625
 0.671875
 0.6875
 0.703125
 0.71875
 0.734375
 0.75
 0.765625
 0.78125
 0.796875
 0.8125
 0.828125
 0.84375
 0.859375
 0.875
 0.890625
 0.90625
 0.921875
 0.9375
 0.953125
 0.96875
 0.984375
 1


# name: h
# type: scalar
0.015625


# name: u
# type: matrix
# rows: 65
# columns: 1
 -3.1415926493671602
 -3.1378103150263796
 -3.1264685723939039
 -3.1075947501989623
 -3.0812343225403858
 -3.0474507993381623
 -3.0063255733350873
 -2.9579577240170902
 -2.9024637789246222
 -2.8399774329301217
 -2.7706492261578459
 -2.6946461813219886
 -2.6121514013567704
 -2.5233636283078451
 -2.4284967645476949
 -2.327779357468446
 -2.2214540488935333
 -2.1097769905346224
 -1.9930172269020086
 -1.8714560471551196
 -1.7453863074545695
 -1.615111725448277
 -1.4809461485912983
 -1.343212798062051
 -1.2022434900964087
 -1.0583778366155374
 -0.9119624270732325
 -0.76334999349376287
 -0.61289856071171422
 -0.46097058386098477
 -0.30793207519079502
 -0.15415172231229166
 3.3423451942119528e-14
 0.15415172231235852
 0.30793207519086202
 0.46097058386105189
 0.6128985607117815
 0.76334999349383026
 0.91196242707329989
 1.0583778366156045
 1.2022434900964756
 1.3432127980621174
 1.4809461485913642
 1.6151117254483427
 1.745386307454635
 1.8714560471551855
 1.9930172269020747
 2.1097769905346886
 2.2214540488935994
 2.3277793574685117
 2.4284967645477602
 2.5233636283079108
 2.6121514013568361
 2.6946461813220539
 2.7706492261579112
 2.8399774329301866
 2.9024637789246865
 2.9579577240171533
 3.006325573335149
 3.0474507993382223
 3.0812343225404444
 3.1075947501990204
 3.1264685723939611
 3.1378103150264356
 3.1415926493672153


# name: p
# type: matrix
# rows: 65
# columns: 1
 -6.1707884217030565e-05
 0.049015805507022156
 0.097975059098110689
 0.14669810803482616
 0.19506757641560216
 0.24296694006142588
 0.29028080723382083
 0.3368951966246399
 0.38269781194796937
 0.42757831247262573
 0.47142857884351203
 0.514142973551445
 0.55561859542396064
 0.59575552752400629
 0.63445707785931071
 0.67163001232254349
 0.70718477930108914
 0.74103572541533169
 0.77310130186571957
 0.80330426089150109
 0.83157184186784494
 0.85783594659302165
 0.88203330334336538
 0.90410561930078948
 0.92399972098565131
 0.941667682356645
 0.95706694026912176
 0.97016039701368884
 0.9809165096880611
 0.98930936618686161
 0.99531874762630634
 0.99893017705338383
 1.000134954322188
 0.99893017705338283
 0.99531874762630423
 0.98930936618685805
 0.98091650968805677
 0.97016039701368317
 0.95706694026911487
 0.94166768235663689
 0.9239997209856422
 0.90410561930077959
 0.8820333033433545
 0.85783594659300988
 0.83157184186783184
 0.80330426089148699
 0.77310130186570414
 0.74103572541531471
 0.70718477930107049
 0.67163001232252284
 0.63445707785928818
 0.59575552752398231
 0.55561859542393532
 0.51414297355141814
 0.47142857884348371
 0.42757831247259609
 0.38269781194793862
 0.3368951966246081
 0.29028080723378813
 0.24296694006139238
 0.19506757641556788
 0.14669810803479116
 0.097975059098074857
 0.049015805506985449
 -6.1707884254622755e-05


# name: x
# type: range
# base, limit, increment
0 1 0.015625


# name: exata
# type: matrix
# rows: 65
# columns: 1
 0
 0.049067674327418015
 0.098017140329560604
 0.14673047445536175
 0.19509032201612825
 0.24298017990326387
 0.29028467725446233
 0.33688985339222005
 0.38268343236508978
 0.42755509343028208
 0.47139673682599764
 0.51410274419322166
 0.55557023301960218
 0.59569930449243336
 0.63439328416364549
 0.67155895484701833
 0.70710678118654746
 0.74095112535495911
 0.77301045336273699
 0.80320753148064483
 0.83146961230254524
 0.85772861000027212
 0.88192126434835494
 0.90398929312344334
 0.92387953251128674
 0.94154406518302081
 0.95694033573220894
 0.97003125319454397
 0.98078528040323043
 0.98917650996478101
 0.99518472667219682
 0.99879545620517241
 1
 0.99879545620517241
 0.99518472667219693
 0.98917650996478101
 0.98078528040323043
 0.97003125319454397
 0.95694033573220894
 0.94154406518302081
 0.92387953251128674
 0.90398929312344345
 0.88192126434835505
 0.85772861000027212
 0.83146961230254546
 0.80320753148064494
 0.7730104533627371
 0.74095112535495899
 0.70710678118654757
 0.67155895484701855
 0.63439328416364549
 0.59569930449243347
 0.55557023301960218
 0.51410274419322177
 0.47139673682599786
 0.42755509343028203
 0.38268343236508989
 0.33688985339222033
 0.29028467725446239
 0.24298017990326407
 0.19509032201612861
 0.1467304744553618
 0.098017140329560826
 0.049067674327417966
 1.2246467991473532e-16


