# Created by Octave 6.2.0, Wed Aug 04 01:17:09 2021 -03 <kuroneko@kuroneko-VirtualBox>
# name: xl
# type: matrix
# rows: 17
# columns: 1
 0
 0.0625
 0.125
 0.1875
 0.25
 0.3125
 0.375
 0.4375
 0.5
 0.5625
 0.625
 0.6875
 0.75
 0.8125
 0.875
 0.9375
 1


# name: h
# type: scalar
0.0625


# name: u
# type: matrix
# rows: 17
# columns: 1
 -3.1415915713650953
 -3.0813303632342208
 -2.9026217069370173
 -2.6123385573760651
 -2.2216413926652194
 -1.7455493628061043
 -1.2023631503405887
 -0.6129617224193572
 -2.0476003278869267e-15
 0.61296172241935321
 1.2023631503405847
 1.7455493628061007
 2.2216413926652168
 2.6123385573760629
 2.902621706937015
 3.0813303632342186
 3.141591571365093


# name: p
# type: matrix
# rows: 17
# columns: 1
 -0.00098392044450270862
 0.19473081669239703
 0.38291892324972271
 0.55635037392996933
 0.70836191029126794
 0.83311311866984528
 0.92581088420924973
 0.98289359543375365
 1.0021680205489649
 0.98289359543375432
 0.92581088420925128
 0.83311311866984761
 0.70836191029127116
 0.55635037392997289
 0.38291892324972643
 0.19473081669240083
 -0.00098392044449878945


# name: x
# type: range
# base, limit, increment
0 1 0.0625


# name: exata
# type: matrix
# rows: 17
# columns: 1
 0
 0.19509032201612825
 0.38268343236508978
 0.55557023301960218
 0.70710678118654746
 0.83146961230254524
 0.92387953251128674
 0.98078528040323043
 1
 0.98078528040323043
 0.92387953251128674
 0.83146961230254546
 0.70710678118654757
 0.55557023301960218
 0.38268343236508989
 0.19509032201612861
 1.2246467991473532e-16


