# Created by Octave 6.2.0, Wed Aug 04 01:17:09 2021 -03 <kuroneko@kuroneko-VirtualBox>
# name: xl
# type: matrix
# rows: 33
# columns: 1
 0
 0.03125
 0.0625
 0.09375
 0.125
 0.15625
 0.1875
 0.21875
 0.25
 0.28125
 0.3125
 0.34375
 0.375
 0.40625
 0.4375
 0.46875
 0.5
 0.53125
 0.5625
 0.59375
 0.625
 0.65625
 0.6875
 0.71875
 0.75
 0.78125
 0.8125
 0.84375
 0.875
 0.90625
 0.9375
 0.96875
 1


# name: h
# type: scalar
0.03125


# name: u
# type: matrix
# rows: 33
# columns: 1
 -3.1415925860128722
 -3.1264791513855115
 -3.0812537291400455
 -3.0063520366112138
 -2.902495585711653
 -2.7706847347053714
 -2.6121890545309974
 -2.4285351024530106
 -2.2214917207879825
 -1.9930530022877311
 -1.7454190862326551
 -1.480974970179942
 -1.2022675414216693
 -0.91198104935297886
 -0.61291125496538035
 -0.30793850642025117
 -2.0568442836494176e-14
 0.30793850642020992
 0.61291125496533927
 0.91198104935293789
 1.2022675414216286
 1.4809749701799011
 1.7454190862326142
 1.99305300228769
 2.2214917207879417
 2.4285351024529707
 2.6121890545309578
 2.7706847347053323
 2.9024955857116148
 3.006352036611176
 3.0812537291400086
 3.1264791513854755
 3.141592586012838


# name: p
# type: matrix
# rows: 33
# columns: 1
 -0.00024666167049727583
 0.097849010744691586
 0.19499956039067806
 0.29026944306601032
 0.38274122111611719
 0.47152439898331328
 0.5557639992795621
 0.63464879678994857
 0.70741913110911192
 0.77337422267086053
 0.83187892171377065
 0.88236982518668827
 0.92436070268512094
 0.95744717916389233
 0.98131062932907798
 0.99572124620416924
 1.0005402543185582
 0.99572124620417091
 0.98131062932908131
 0.95744717916389666
 0.9243607026851266
 0.88236982518669527
 0.83187892171377842
 0.77337422267086953
 0.7074191311091218
 0.63464879678995911
 0.55576399927957354
 0.47152439898332593
 0.38274122111613107
 0.29026944306602548
 0.19499956039069433
 0.097849010744708975
 -0.0002466616704788117


# name: x
# type: range
# base, limit, increment
0 1 0.03125


# name: exata
# type: matrix
# rows: 33
# columns: 1
 0
 0.098017140329560604
 0.19509032201612825
 0.29028467725446233
 0.38268343236508978
 0.47139673682599764
 0.55557023301960218
 0.63439328416364549
 0.70710678118654746
 0.77301045336273699
 0.83146961230254524
 0.88192126434835494
 0.92387953251128674
 0.95694033573220894
 0.98078528040323043
 0.99518472667219682
 1
 0.99518472667219693
 0.98078528040323043
 0.95694033573220894
 0.92387953251128674
 0.88192126434835505
 0.83146961230254546
 0.7730104533627371
 0.70710678118654757
 0.63439328416364549
 0.55557023301960218
 0.47139673682599786
 0.38268343236508989
 0.29028467725446239
 0.19509032201612861
 0.098017140329560826
 1.2246467991473532e-16


