# Created by Octave 6.2.0, Wed Aug 04 01:17:09 2021 -03 <kuroneko@kuroneko-VirtualBox>
# name: xl
# type: matrix
# rows: 49
# columns: 1
 0
 0.020833333333333332
 0.041666666666666664
 0.0625
 0.083333333333333329
 0.10416666666666666
 0.12499999999999999
 0.14583333333333331
 0.16666666666666666
 0.1875
 0.20833333333333334
 0.22916666666666669
 0.25
 0.27083333333333331
 0.29166666666666663
 0.31249999999999994
 0.33333333333333326
 0.35416666666666657
 0.37499999999999989
 0.3958333333333332
 0.41666666666666652
 0.43749999999999983
 0.45833333333333315
 0.47916666666666646
 0.49999999999999978
 0.52083333333333315
 0.54166666666666652
 0.56249999999999989
 0.58333333333333326
 0.60416666666666663
 0.625
 0.64583333333333337
 0.66666666666666674
 0.68750000000000011
 0.70833333333333348
 0.72916666666666685
 0.75000000000000022
 0.77083333333333359
 0.79166666666666696
 0.81250000000000033
 0.8333333333333337
 0.85416666666666707
 0.87500000000000044
 0.89583333333333381
 0.91666666666666718
 0.93750000000000056
 0.95833333333333393
 0.9791666666666673
 1.0000000000000007


# name: h
# type: scalar
0.020833333333333332


# name: u
# type: matrix
# rows: 49
# columns: 1
 -3.1415926402435272
 -3.1348705769987211
 -3.1147240535703551
 -3.0812393633936175
 -3.0345599155992642
 -2.9748856209332812
 -2.9024720357276372
 -2.8176292675878019
 -2.7207206474830508
 -2.6121611739258883
 -2.4924157359028762
 -2.3619971221665499
 -2.221463825412973
 -2.0714176507477799
 -1.9125011386816511
 -1.7453948136903492
 -1.5708142701214349
 -1.3895071079262611
 -1.2022497313389311
 -1.0098440242107811
 -0.81311391623713292
 -0.61290185478027126
 -0.41006519739685882
 -0.20547254051755315
 2.895293221873289e-15
 0.20547254051755889
 0.4100651973968647
 0.61290185478027714
 0.81311391623713902
 1.0098440242107873
 1.2022497313389373
 1.3895071079262673
 1.5708142701214409
 1.7453948136903552
 1.9125011386816575
 2.0714176507477871
 2.2214638254129797
 2.3619971221665574
 2.4924157359028838
 2.6121611739258963
 2.7207206474830588
 2.8176292675878107
 2.9024720357276457
 2.9748856209332897
 3.0345599155992731
 3.0812393633936259
 3.1147240535703631
 3.1348705769987286
 3.1415926402435344


# name: p
# type: matrix
# rows: 49
# columns: 1
 -0.00010968334157760613
 0.065316751606345119
 0.13046293517783825
 0.19504991082247261
 0.2588011161303081
 0.32144356712234939
 0.38270902721720668
 0.44233515586827254
 0.50006663195278045
 0.55565624710222705
 0.60886596429235362
 0.65946793715964724
 0.70724548567949741
 0.75199402402800819
 0.79352193665422222
 0.83165139881128669
 0.86621913803292361
 0.89707713329444694
 0.92409324886441635
 0.94715180013267908
 0.96615404899183954
 0.98101862665085982
 0.99168188207023955
 0.99809815452672346
 1.0002399691403718
 0.99809815452672357
 0.99168188207024
 0.98101862665086015
 0.96615404899183988
 0.9471518001326793
 0.92409324886441635
 0.89707713329444683
 0.8662191380329235
 0.83165139881128647
 0.79352193665422222
 0.75199402402800841
 0.70724548567949741
 0.6594679371596468
 0.60886596429235285
 0.55565624710222616
 0.50006663195277934
 0.44233515586827132
 0.38270902721720529
 0.32144356712234767
 0.25880111613030604
 0.19504991082247028
 0.13046293517783578
 0.06531675160634251
 -0.00010968334158035405


# name: x
# type: range
# base, limit, increment
0 1 0.020833333333333332


# name: exata
# type: matrix
# rows: 49
# columns: 1
 0
 0.065403129230143062
 0.13052619222005157
 0.19509032201612825
 0.25881904510252074
 0.32143946530316153
 0.38268343236508973
 0.44228869021900119
 0.49999999999999994
 0.55557023301960218
 0.60876142900872066
 0.65934581510006895
 0.70710678118654746
 0.75183980747897727
 0.79335334029123505
 0.83146961230254512
 0.86602540378443849
 0.89687274153268814
 0.92387953251128652
 0.94693012949510558
 0.9659258262890682
 0.98078528040323032
 0.99144486137381038
 0.99785892323860348
 1
 0.99785892323860359
 0.99144486137381049
 0.98078528040323054
 0.96592582628906842
 0.94693012949510569
 0.92387953251128674
 0.89687274153268837
 0.86602540378443849
 0.83146961230254512
 0.79335334029123483
 0.75183980747897716
 0.70710678118654691
 0.65934581510006829
 0.6087614290087201
 0.5555702330196014
 0.49999999999999917
 0.44228869021900014
 0.38268343236508862
 0.32143946530316009
 0.2588190451025193
 0.19509032201612686
 0.1305261922200498
 0.065403129230141341
 -2.0979813693355779e-15


