# Created by Octave 6.2.0, Sat Jul 31 20:29:34 2021 -03 <kuroneko@kuroneko-VirtualBox>
# name: xl
# type: matrix
# rows: 49
# columns: 1
 0
 0.020833333333333332
 0.041666666666666664
 0.0625
 0.083333333333333329
 0.10416666666666666
 0.12499999999999999
 0.14583333333333331
 0.16666666666666666
 0.1875
 0.20833333333333334
 0.22916666666666669
 0.25
 0.27083333333333331
 0.29166666666666663
 0.31249999999999994
 0.33333333333333326
 0.35416666666666657
 0.37499999999999989
 0.3958333333333332
 0.41666666666666652
 0.43749999999999983
 0.45833333333333315
 0.47916666666666646
 0.49999999999999978
 0.52083333333333315
 0.54166666666666652
 0.56249999999999989
 0.58333333333333326
 0.60416666666666663
 0.625
 0.64583333333333337
 0.66666666666666674
 0.68750000000000011
 0.70833333333333348
 0.72916666666666685
 0.75000000000000022
 0.77083333333333359
 0.79166666666666696
 0.81250000000000033
 0.8333333333333337
 0.85416666666666707
 0.87500000000000044
 0.89583333333333381
 0.91666666666666718
 0.93750000000000056
 0.95833333333333393
 0.9791666666666673
 1.0000000000000007


# name: h
# type: scalar
0.020833333333333332


# name: u
# type: matrix
# rows: 49
# columns: 1
 -6.283185280486836
 -6.0772811355615497
 -5.8659467434093138
 -5.6490674411215851
 -5.426569304316839
 -5.1984185931959415
 -4.9646210405199183
 -4.7252209838154844
 -4.4803003447922469
 -4.2299774596206197
 -3.9744057643684005
 -3.7137723405237879
 -3.4482963261407971
 -3.1782271987268502
 -2.9038429365493967
 -2.6254480655662511
 -2.3433715996807911
 -2.0579648824860373
 -1.7695993390889853
 -1.4786641469965609
 -1.1855638353955498
 -0.89071582246930614
 -0.59454790066266694
 -0.29749568003211035
 1.3226725617393291e-13
 0.29749568003237475
 0.59454790066293095
 0.8907158224695696
 1.1855638353958127
 1.4786641469968231
 1.7695993390892468
 2.0579648824862984
 2.3433715996810518
 2.6254480655665118
 2.903842936549657
 3.1782271987271105
 3.4482963261410573
 3.713772340524049
 3.9744057643686617
 4.2299774596208817
 4.4803003447925098
 4.7252209838157482
 4.9646210405201829
 5.1984185931962079
 5.4265693043171082
 5.649067441121856
 5.8659467434095856
 6.0772811355618233
 6.2831852804871096


# name: p
# type: matrix
# rows: 49
# columns: 1
 9.7550476496534078
 10.014608768281436
 10.26926351966063
 10.518339845320831
 10.761168509216487
 10.997086308479828
 11.225439240349436
 11.44558561199686
 11.656899080203015
 11.858771608121437
 12.050616326705498
 12.231870288770311
 12.401997104105208
 12.560489444547768
 12.706871408473004
 12.840700734739317
 12.961570856763652
 13.069112788069079
 13.162996831356134
 13.242934103891431
 13.308677872780176
 13.360024694490065
 13.396815353818928
 13.418935598344266
 13.426316665255316
 13.418935598344282
 13.396815353818962
 13.360024694490114
 13.30867787278024
 13.242934103891498
 13.162996831356201
 13.069112788069143
 12.961570856763712
 12.840700734739373
 12.706871408473058
 12.560489444547825
 12.401997104105266
 12.231870288770377
 12.050616326705567
 11.858771608121508
 11.656899080203088
 11.445585611996929
 11.2254392403495
 10.997086308479886
 10.761168509216542
 10.518339845320879
 10.269263519660669
 10.014608768281464
 9.7550476496534237


# name: x
# type: range
# base, limit, increment
0 1 0.020833333333333332


# name: exata
# type: matrix
# rows: 49
# columns: 1
 0
 0.065403129230143062
 0.13052619222005157
 0.19509032201612825
 0.25881904510252074
 0.32143946530316153
 0.38268343236508973
 0.44228869021900119
 0.49999999999999994
 0.55557023301960218
 0.60876142900872066
 0.65934581510006895
 0.70710678118654746
 0.75183980747897727
 0.79335334029123505
 0.83146961230254512
 0.86602540378443849
 0.89687274153268814
 0.92387953251128652
 0.94693012949510558
 0.9659258262890682
 0.98078528040323032
 0.99144486137381038
 0.99785892323860348
 1
 0.99785892323860359
 0.99144486137381049
 0.98078528040323054
 0.96592582628906842
 0.94693012949510569
 0.92387953251128674
 0.89687274153268837
 0.86602540378443849
 0.83146961230254512
 0.79335334029123483
 0.75183980747897716
 0.70710678118654691
 0.65934581510006829
 0.6087614290087201
 0.5555702330196014
 0.49999999999999917
 0.44228869021900014
 0.38268343236508862
 0.32143946530316009
 0.2588190451025193
 0.19509032201612686
 0.1305261922200498
 0.065403129230141341
 -2.0979813693355779e-15


