# Created by Octave 6.2.0, Mon May 31 17:48:33 2021 -03 <kuroneko@kuroneko-VirtualBox>
# name: xl
# type: matrix
# rows: 1
# columns: 65
 0 0.015625 0.03125 0.046875 0.0625 0.078125 0.09375 0.109375 0.125 0.140625 0.15625 0.171875 0.1875 0.203125 0.21875 0.234375 0.25 0.265625 0.28125 0.296875 0.3125 0.328125 0.34375 0.359375 0.375 0.390625 0.40625 0.421875 0.4375 0.453125 0.46875 0.484375 0.5 0.515625 0.53125 0.546875 0.5625 0.578125 0.59375 0.609375 0.625 0.640625 0.65625 0.671875 0.6875 0.703125 0.71875 0.734375 0.75 0.765625 0.78125 0.796875 0.8125 0.828125 0.84375 0.859375 0.875 0.890625 0.90625 0.921875 0.9375 0.953125 0.96875 0.984375 1


# name: h
# type: scalar
0.015625


# name: u
# type: matrix
# rows: 65
# columns: 1
 1
 0.98433993549255672
 0.96872995009012342
 0.95317117900921033
 0.93768340273410111
 0.92228847344976983
 0.90700880835793718
 0.89186704198243538
 0.87688591027187668
 0.8620882028777459
 0.8474967405496262
 0.83313436329483226
 0.81902392368619492
 0.80518828284685173
 0.79165030792224422
 0.77843287042391174
 0.76555884510760142
 0.75305110919139018
 0.74093254179723922
 0.72922602354351196
 0.71795443624200039
 0.70714066266887388
 0.69680758638891549
 0.68697809161883827
 0.67767506311970094
 0.6689213861112977
 0.66073994620335064
 0.653153629339702
 0.64618532175267018
 0.63985790992542857
 0.63419428056077876
 0.62921732055506008
 0.62494991697621671
 0.62141495704525862
 0.61863532812050692
 0.61663391768414222
 0.61543361333066737
 0.61505730275697124
 0.6155278737537393
 0.61686821419800097
 0.61910121204664503
 0.62224975533075844
 0.62633673215067276
 0.63138503067161988
 0.63741753911991372
 0.64445714577958912
 0.65252673898943903
 0.66164920714040143
 0.6718474386732517
 0.68314432207656528
 0.69556274588492106
 0.70912559867731662
 0.72385576907577298
 0.73977614574410999
 0.75690961738687446
 0.77527907274840657
 0.79490740061203102
 0.81581748979936197
 0.83803222916971265
 0.86157450761959964
 0.88646721408233553
 0.91273323752770341
 0.9403954669617054
 0.96947679142638388
 1.0000000999997067


# name: x
# type: range
# base, limit, increment
0 1 0.015625


# name: exata
# type: matrix
# rows: 65
# columns: 1
 1
 0.98437881469726562
 0.968780517578125
 0.95322799682617188
 0.937744140625
 0.92235183715820312
 0.907073974609375
 0.89193344116210938
 0.876953125
 0.86215591430664062
 0.847564697265625
 0.83320236206054688
 0.819091796875
 0.80525588989257812
 0.791717529296875
 0.77849960327148438
 0.765625
 0.75311660766601562
 0.740997314453125
 0.72929000854492188
 0.718017578125
 0.70720291137695312
 0.696868896484375
 0.68703842163085938
 0.677734375
 0.66897964477539062
 0.660797119140625
 0.65320968627929688
 0.646240234375
 0.63991165161132812
 0.634246826171875
 0.62926864624023438
 0.625
 0.62146377563476562
 0.618682861328125
 0.61668014526367188
 0.615478515625
 0.61510086059570312
 0.615570068359375
 0.61690902709960938
 0.619140625
 0.62228775024414062
 0.626373291015625
 0.63142013549804688
 0.637451171875
 0.64448928833007812
 0.652557373046875
 0.66167831420898438
 0.671875
 0.68317031860351562
 0.695587158203125
 0.70914840698242188
 0.723876953125
 0.73979568481445312
 0.756927490234375
 0.77529525756835938
 0.794921875
 0.81583023071289062
 0.838043212890625
 0.86158370971679688
 0.886474609375
 0.91273880004882812
 0.940399169921875
 0.96947860717773438
 1


