# Created by Octave 6.2.0, Mon May 31 17:48:33 2021 -03 <kuroneko@kuroneko-VirtualBox>
# name: xl
# type: matrix
# rows: 1
# columns: 257
 0 0.00390625 0.0078125 0.01171875 0.015625 0.01953125 0.0234375 0.02734375 0.03125 0.03515625 0.0390625 0.04296875 0.046875 0.05078125 0.0546875 0.05859375 0.0625 0.06640625 0.0703125 0.07421875 0.078125 0.08203125 0.0859375 0.08984375 0.09375 0.09765625 0.1015625 0.10546875 0.109375 0.11328125 0.1171875 0.12109375 0.125 0.12890625 0.1328125 0.13671875 0.140625 0.14453125 0.1484375 0.15234375 0.15625 0.16015625 0.1640625 0.16796875 0.171875 0.17578125 0.1796875 0.18359375 0.1875 0.19140625 0.1953125 0.19921875 0.203125 0.20703125 0.2109375 0.21484375 0.21875 0.22265625 0.2265625 0.23046875 0.234375 0.23828125 0.2421875 0.24609375 0.25 0.25390625 0.2578125 0.26171875 0.265625 0.26953125 0.2734375 0.27734375 0.28125 0.28515625 0.2890625 0.29296875 0.296875 0.30078125 0.3046875 0.30859375 0.3125 0.31640625 0.3203125 0.32421875 0.328125 0.33203125 0.3359375 0.33984375 0.34375 0.34765625 0.3515625 0.35546875 0.359375 0.36328125 0.3671875 0.37109375 0.375 0.37890625 0.3828125 0.38671875 0.390625 0.39453125 0.3984375 0.40234375 0.40625 0.41015625 0.4140625 0.41796875 0.421875 0.42578125 0.4296875 0.43359375 0.4375 0.44140625 0.4453125 0.44921875 0.453125 0.45703125 0.4609375 0.46484375 0.46875 0.47265625 0.4765625 0.48046875 0.484375 0.48828125 0.4921875 0.49609375 0.5 0.50390625 0.5078125 0.51171875 0.515625 0.51953125 0.5234375 0.52734375 0.53125 0.53515625 0.5390625 0.54296875 0.546875 0.55078125 0.5546875 0.55859375 0.5625 0.56640625 0.5703125 0.57421875 0.578125 0.58203125 0.5859375 0.58984375 0.59375 0.59765625 0.6015625 0.60546875 0.609375 0.61328125 0.6171875 0.62109375 0.625 0.62890625 0.6328125 0.63671875 0.640625 0.64453125 0.6484375 0.65234375 0.65625 0.66015625 0.6640625 0.66796875 0.671875 0.67578125 0.6796875 0.68359375 0.6875 0.69140625 0.6953125 0.69921875 0.703125 0.70703125 0.7109375 0.71484375 0.71875 0.72265625 0.7265625 0.73046875 0.734375 0.73828125 0.7421875 0.74609375 0.75 0.75390625 0.7578125 0.76171875 0.765625 0.76953125 0.7734375 0.77734375 0.78125 0.78515625 0.7890625 0.79296875 0.796875 0.80078125 0.8046875 0.80859375 0.8125 0.81640625 0.8203125 0.82421875 0.828125 0.83203125 0.8359375 0.83984375 0.84375 0.84765625 0.8515625 0.85546875 0.859375 0.86328125 0.8671875 0.87109375 0.875 0.87890625 0.8828125 0.88671875 0.890625 0.89453125 0.8984375 0.90234375 0.90625 0.91015625 0.9140625 0.91796875 0.921875 0.92578125 0.9296875 0.93359375 0.9375 0.94140625 0.9453125 0.94921875 0.953125 0.95703125 0.9609375 0.96484375 0.96875 0.97265625 0.9765625 0.98046875 0.984375 0.98828125 0.9921875 0.99609375 1


# name: h
# type: scalar
0.00390625


# name: u
# type: matrix
# rows: 257
# columns: 1
 1
 0.99609178789748221
 0.992185301095725
 0.98827980308407937
 0.98437549518477996
 0.98047268292370815
 0.97657170024591899
 0.9726728920269182
 0.96877660824308831
 0.96488320157127572
 0.96099302625175442
 0.95710643749263458
 0.95322379113322531
 0.94934544344205163
 0.94547175098967973
 0.94160307056539605
 0.93773975912076502
 0.93388217373028859
 0.93003067156330788
 0.92618560986349752
 0.92234734593361845
 0.91851623712399055
 0.91469264082364399
 0.91087691445343877
 0.90706941546064723
 0.90327050131464315
 0.89948052950343438
 0.89569985753085146
 0.89192884291424712
 0.888167843182598
 0.88441721587492939
 0.88067731853899844
 0.87694850873018548
 0.87323114401055635
 0.86952558194806506
 0.86583218011587093
 0.86215129609175301
 0.85848328745760449
 0.85482851179899377
 0.85118732670478348
 0.84756008976679698
 0.84394715857952662
 0.84034889073987729
 0.83676564384693919
 0.83319777550178764
 0.82964564330730473
 0.82610960486802143
 0.8225900177899752
 0.81908723968058472
 0.81560162814853565
 0.81213354080367861
 0.80868333525693736
 0.80525136912022621
 0.8018380000063744
 0.79844358552905814
 0.79506848330273849
 0.79171305094260624
 0.78837764606452942
 0.78506262628500689
 0.78176834922112592
 0.77849517249052247
 0.77524345371134518
 0.77201355050222276
 0.76880582048223312
 0.7656206212708756
 0.76245831048804547
 0.75931924575400944
 0.75620378468938332
 0.75311228491511328
 0.75004510405245506
 0.74700259972295702
 0.74398512954844409
 0.74099305115100245
 0.73802672215296505
 0.7350865001768988
 0.73217274284559231
 0.72928580778204388
 0.72642605260945137
 0.723593834951202
 0.72078951243086298
 0.7180134426721726
 0.71526598329903168
 0.71254749193549627
 0.70985832620577016
 0.70719884373419861
 0.70456940214526087
 0.70197035906356464
 0.69940207211384053
 0.69686489892093662
 0.6943591971098132
 0.69188532430553784
 0.68944363813328147
 0.68703449621831314
 0.68465825618599663
 0.68231527566178674
 0.68000591227122542
 0.67773052363993869
 0.6754894673936318
 0.67328310115808865
 0.67111178255916659
 0.66897586922279506
 0.66687571877497243
 0.66481168884176345
 0.66278413704929706
 0.66079342102376404
 0.65883989839141432
 0.65692392677855571
 0.65504586381155161
 0.65320606711681883
 0.65140489432082627
 0.64964270305009297
 0.6479198509311862
 0.64623669559072061
 0.64459359465535615
 0.64299090575179707
 0.64142898650679014
 0.63990819454712333
 0.63842888749962512
 0.63699142299116274
 0.6355961586486415
 0.63424345209900335
 0.63293366096922554
 0.63166714288632031
 0.63044425547733352
 0.62926535636934389
 0.62813080318946213
 0.62704095356482981
 0.6259961651226188
 0.62499679549003051
 0.624043202294295
 0.62313574316266995
 0.62227477572244105
 0.62146065760092017
 0.62069374642544484
 0.61997439982337821
 0.61930297542210833
 0.61867983084904743
 0.61810532373163107
 0.61757981169731813
 0.61710365237358966
 0.61667720338794896
 0.61630082236792127
 0.61597486694105275
 0.61569969473491026
 0.61547566337708071
 0.61530313049517094
 0.61518245371680758
 0.6151139906696359
 0.61509809898132006
 0.61513513627954286
 0.61522546019200475
 0.61536942834642383
 0.61556739837053576
 0.61581972789209316
 0.616126774538865
 0.61648889593863754
 0.61690644971921249
 0.61737979350840744
 0.61790928493405617
 0.61849528162400735
 0.61913814120612487
 0.61983822130828781
 0.62059587955838946
 0.62141147358433801
 0.62228536101405585
 0.62321789947547912
 0.62420944659655775
 0.62526036000525553
 0.62637099732954982
 0.62754171619743049
 0.62877287423690131
 0.63006482907597883
 0.631417938342692
 0.63283255966508245
 0.63430905067120436
 0.63584776898912421
 0.63744907224692082
 0.63911331807268446
 0.64084086409451757
 0.64263206794053429
 0.64448728723886028
 0.64640687961763243
 0.64839120270499961
 0.65044061412912169
 0.65255547151816939
 0.65473613250032481
 0.65698295470378099
 0.6592962957567412
 0.66167651328742016
 0.6641239649240428
 0.66663900829484468
 0.66922200102807172
 0.67187330075198004
 0.67459326509483597
 0.67738225168491661
 0.68024061815050874
 0.68316872211990909
 0.68616692122142464
 0.68923557308337213
 0.69237503533407796
 0.6955856656018784
 0.69886782151511928
 0.70222186070215609
 0.70564814079135374
 0.70914701941108715
 0.71271885418974013
 0.71636400275570611
 0.720082822737388
 0.72387567176319778
 0.72774290746155679
 0.73168488746089577
 0.73570196938965404
 0.73979451087628056
 0.74396286954923319
 0.74820740303697852
 0.75252846896799241
 0.75692642497075957
 0.7614016286737737
 0.76595443770553762
 0.77058520969456246
 0.77529430226936835
 0.7800820730584842
 0.7849488796904478
 0.78989507979380569
 0.79492103099711331
 0.80002709092893465
 0.80521361721784213
 0.81048096749241683
 0.81582949938124882
 0.8212595705129363
 0.8267715385160862
 0.83236576101931425
 0.83804259565124462
 0.84380240004050999
 0.84964553181575142
 0.85557234860561859
 0.86158320803876964
 0.86767846774387136
 0.87385848534959887
 0.88012361848463583
 0.88647422477767424
 0.89291066185741474
 0.89943328735256634
 0.90604245889184643
 0.91273853410398031
 0.91952187061770274
 0.92639282606175632
 0.93335175806489223
 0.94039902425586996
 0.94753498226345767
