# Created by Octave 6.2.0, Mon May 31 17:48:33 2021 -03 <kuroneko@kuroneko-VirtualBox>
# name: xl
# type: matrix
# rows: 1
# columns: 17
 0 0.0625 0.125 0.1875 0.25 0.3125 0.375 0.4375 0.5 0.5625 0.625 0.6875 0.75 0.8125 0.875 0.9375 1


# name: h
# type: scalar
0.0625


# name: u
# type: matrix
# rows: 17
# columns: 1
 1
 0.93701913232849143
 0.8760677160152428
 0.81815872379513088
 0.76469240800279326
 0.71711211109916573
 0.67687298089408532
 0.64543475320736021
 0.62425934743846601
 0.61480987757866601
 0.61855018478340451
 0.63694459366091005
 0.6714577758154302
 0.72355466947332125
 0.79470043061755524
 0.88636040297997376
 1.0000001000129084


# name: x
# type: range
# base, limit, increment
0 1 0.0625


# name: exata
# type: matrix
# rows: 17
# columns: 1
 1
 0.937744140625
 0.876953125
 0.819091796875
 0.765625
 0.718017578125
 0.677734375
 0.646240234375
 0.625
 0.615478515625
 0.619140625
 0.637451171875
 0.671875
 0.723876953125
 0.794921875
 0.886474609375
 1


