# Created by Octave 6.3.0, Fri Sep 24 18:21:42 2021 -03 <kuroneko@kuroneko-VirtualBox>
# name: beta
# type: scalar
0


# name: Lambda
# type: matrix
# rows: 5
# columns: 5
 1 0 0 0 0
 0.70710678118654757 0 0 0 0
 6.123233995736766e-17 0 0 0 0
 -0.70710678118654746 0 0 0 0
 -1 0 0 0 0


# name: nen
# type: scalar
2


# name: nel
# type: scalar
4


# name: h
# type: scalar
0.25


# name: xl
# type: matrix
# rows: 5
# columns: 1
 0
 0.25
 0.5
 0.75
 1


# name: U
# type: matrix
# rows: 4
# columns: 2
 -2.2821938301620648 -0.060951920345551164
 -3.2884613869249466 -2.3683928625674318
 -2.3683928625674318 -3.2884613869249475
 -0.060951920345551164 -2.2821938301620657


# name: P
# type: matrix
# rows: 4
# columns: 2
 -0.80727751747209564 -0.80727751747209564
 -0.33438529633582537 -0.33438529633582548
 0.33438529633582526 0.33438529633582526
 0.80727751747209575 0.80727751747209575


# name: x
# type: range
# base, limit, increment
0 1 0.25


# name: exata
# type: matrix
# rows: 5
# columns: 1
 1
 0.70710678118654757
 6.123233995736766e-17
 -0.70710678118654746
 -1


