# Created by Octave 6.2.0, Sat Jul 31 20:23:35 2021 -03 <kuroneko@kuroneko-VirtualBox>
# name: xl
# type: matrix
# rows: 145
# columns: 1
 0
 0.0069444444444444441
 0.013888888888888888
 0.020833333333333332
 0.027777777777777776
 0.034722222222222224
 0.041666666666666671
 0.048611111111111119
 0.055555555555555566
 0.062500000000000014
 0.069444444444444461
 0.076388888888888909
 0.083333333333333356
 0.090277777777777804
 0.097222222222222252
 0.1041666666666667
 0.11111111111111115
 0.11805555555555559
 0.12500000000000003
 0.13194444444444448
 0.13888888888888892
 0.14583333333333337
 0.15277777777777782
 0.15972222222222227
 0.16666666666666671
 0.17361111111111116
 0.18055555555555561
 0.18750000000000006
 0.1944444444444445
 0.20138888888888895
 0.2083333333333334
 0.21527777777777785
 0.22222222222222229
 0.22916666666666674
 0.23611111111111119
 0.24305555555555564
 0.25000000000000006
 0.25694444444444448
 0.2638888888888889
 0.27083333333333331
 0.27777777777777773
 0.28472222222222215
 0.29166666666666657
 0.29861111111111099
 0.30555555555555541
 0.31249999999999983
 0.31944444444444425
 0.32638888888888867
 0.33333333333333309
 0.34027777777777751
 0.34722222222222193
 0.35416666666666635
 0.36111111111111077
 0.36805555555555519
 0.37499999999999961
 0.38194444444444403
 0.38888888888888845
 0.39583333333333287
 0.40277777777777729
 0.40972222222222171
 0.41666666666666613
 0.42361111111111055
 0.43055555555555497
 0.43749999999999939
 0.44444444444444381
 0.45138888888888823
 0.45833333333333265
 0.46527777777777707
 0.47222222222222149
 0.47916666666666591
 0.48611111111111033
 0.49305555555555475
 0.49999999999999917
 0.50694444444444364
 0.51388888888888806
 0.52083333333333248
 0.5277777777777769
 0.53472222222222132
 0.54166666666666574
 0.54861111111111016
 0.55555555555555458
 0.562499999999999
 0.56944444444444342
 0.57638888888888784
 0.58333333333333226
 0.59027777777777668
 0.5972222222222211
 0.60416666666666552
 0.61111111111110994
 0.61805555555555436
 0.62499999999999878
 0.6319444444444432
 0.63888888888888762
 0.64583333333333204
 0.65277777777777646
 0.65972222222222088
 0.6666666666666653
 0.67361111111110972
 0.68055555555555414
 0.68749999999999856
 0.69444444444444298
 0.7013888888888874
 0.70833333333333182
 0.71527777777777624
 0.72222222222222066
 0.72916666666666508
 0.7361111111111095
 0.74305555555555391
 0.74999999999999833
 0.75694444444444275
 0.76388888888888717
 0.77083333333333159
 0.77777777777777601
 0.78472222222222043
 0.79166666666666485
 0.79861111111110927
 0.80555555555555369
 0.81249999999999811
 0.81944444444444253
 0.82638888888888695
 0.83333333333333137
 0.84027777777777579
 0.84722222222222021
 0.85416666666666463
 0.86111111111110905
 0.86805555555555347
 0.87499999999999789
 0.88194444444444231
 0.88888888888888673
 0.89583333333333115
 0.90277777777777557
 0.90972222222221999
 0.91666666666666441
 0.92361111111110883
 0.93055555555555325
 0.93749999999999767
 0.94444444444444209
 0.95138888888888651
 0.95833333333333093
 0.96527777777777535
 0.97222222222221977
 0.97916666666666419
 0.98611111111110861
 0.99305555555555303
 0.99999999999999745


# name: h
# type: scalar
0.020833333333333332


# name: u
# type: matrix
# rows: 145
# columns: 1
 0.076242719805046669
 0.17052561835934346
 0.44376276556430377
 1.7221878018380843
 0.20541095227175066
 0.48117263201305777
 3.9416931834538107
 -2.897006933804561
 -1.4901090045970173
 18.834708238011025
 36.400375105421055
 33.560619986407218
 -6.7809016859231468
 -4.9783584880308416
 -2.3369444105241359
 15.95324418763833
 -0.65321540133068867
 -1.874364170476952
 5.0963976099383217
 4.6232511555479769
 4.4284427689972503
 3.0222409814861737
 7.872835731226461
 7.1715584539498298
 -2.6438067457261436
 -0.54355201398865993
 -0.33392832210784384
 -0.36246039073716735
 -0.11836543523090899
 0.11471108270176358
 1.3480249006892322
 1.8867124588012647
 2.0039250391891761
 1.9139894862649858
 -1.194297419147982
 -1.2360087786302074
 1.0454006169365657
 -1.7940401126640013
 -1.6937611828892609
 0.92711636667317798
 0.54737433193205343
 0.58966180168847404
 0.58784184179408883
 0.17207449591269383
 0.30787587182426052
 1.0027559899669971
 -0.15353020566598941
 -0.10188311449040992
 0.63778987744111837
 0.32111160930136129
 0.42090463801724654
 0.70213311068333795
 0.47317519915116069
 0.33727683914464962
 -1.3863891640263866
 -0.1586390488351023
 0.27533396394130011
 1.6368601239113318
 1.9973860063505555
 1.9367899479743274
 0.21489590839748762
 0.76904127109783926
 0.69338075097791119
 -1.3510772180668953
 -0.42789117600171739
 -0.18652713657788417
 -0.061501901404129589
 -0.12821459931740276
 -0.0090807351873553044
 0.083214538121269915
 -0.076252871521351351
 0.026318625492217369
 0.11209025882342416
 -0.036342695114137312
 0.030955036621779598
 -0.2233841205102278
 -0.23960702475553977
 -0.2696033767656576
 0.093817502026840444
 -0.0362113043128761
 -0.0034228246686623617
 0.079983665557422395
 -0.082079451941629245
 0.0040466856559249744
 0.1005679569389471
 -0.077791287970605416
 0.010409686093490819
 0.054856527355299695
 -0.08350095418461094
 0.00067673228455941096
 0.10166585957789641
 -0.079111591880890231
 0.0048483089778048301
 0.087862908145776034
 -0.066502724754525733
 0.01679634130614404
 0.081992007791955882
 -0.065516186993052117
 0.013139509880710712
 0.06611475939841259
 -0.075099885376273545
 0.00020378465995813327
 0.088201561280152413
 -0.049074585189747999
 0.023340544462743206
 0.05425624379505397
 -0.03933947643489371
 0.024777830478426133
 0.053180516179379175
 -0.053576141287101017
 0.0059376213916754695
 0.055865945837929171
 -0.047213053819579812
 0.0096762640094896386
 0.025905420763473568
 -0.033676145558881654
 0.017182763884890758
 0.025946076797276136
 -0.042746864255308423
 -0.00071631899747421311
 0.039437612878635647
 -0.030394127068813438
 0.010529970630719681
 0.030128999674165276
 -0.02852682221357751
 0.0048568828672904026
 0.025332345180170329
 -0.031523320734652929
 0.0015019968941821851
 0.0095685660080744705
 -0.021375747497449422
 -0.0031062144509103988
 -0.0066157765764467188
 -0.01871858197832442
 -0.0058893237742279475
 -0.018374459967419834
 -0.00019143469731473708
 0.0034553778826091341
 -0.0011973816244706579
 0.0089624870841846609
 0.0037674849897075006
 -0.01449523682274617
 0.0053094587671616948
 0.0022079963093742548
 -0.0043803883844510472


