# Created by Octave 6.2.0, Sat Jul 31 20:23:33 2021 -03 <kuroneko@kuroneko-VirtualBox>
# name: xl
# type: matrix
# rows: 97
# columns: 1
 0
 0.010416666666666666
 0.020833333333333332
 0.03125
 0.041666666666666664
 0.052083333333333329
 0.062499999999999993
 0.072916666666666657
 0.083333333333333329
 0.09375
 0.10416666666666667
 0.11458333333333334
 0.125
 0.13541666666666666
 0.14583333333333331
 0.15624999999999997
 0.16666666666666663
 0.17708333333333329
 0.18749999999999994
 0.1979166666666666
 0.20833333333333326
 0.21874999999999992
 0.22916666666666657
 0.23958333333333323
 0.24999999999999989
 0.26041666666666657
 0.27083333333333326
 0.28124999999999994
 0.29166666666666663
 0.30208333333333331
 0.3125
 0.32291666666666669
 0.33333333333333337
 0.34375000000000006
 0.35416666666666674
 0.36458333333333343
 0.37500000000000011
 0.3854166666666668
 0.39583333333333348
 0.40625000000000017
 0.41666666666666685
 0.42708333333333354
 0.43750000000000022
 0.44791666666666691
 0.45833333333333359
 0.46875000000000028
 0.47916666666666696
 0.48958333333333365
 0.50000000000000033
 0.51041666666666696
 0.52083333333333359
 0.53125000000000022
 0.54166666666666685
 0.55208333333333348
 0.56250000000000011
 0.57291666666666674
 0.58333333333333337
 0.59375
 0.60416666666666663
 0.61458333333333326
 0.62499999999999989
 0.63541666666666652
 0.64583333333333315
 0.65624999999999978
 0.66666666666666641
 0.67708333333333304
 0.68749999999999967
 0.6979166666666663
 0.70833333333333293
 0.71874999999999956
 0.72916666666666619
 0.73958333333333282
 0.74999999999999944
 0.76041666666666607
 0.7708333333333327
 0.78124999999999933
 0.79166666666666596
 0.80208333333333259
 0.81249999999999922
 0.82291666666666585
 0.83333333333333248
 0.84374999999999911
 0.85416666666666574
 0.86458333333333237
 0.874999999999999
 0.88541666666666563
 0.89583333333333226
 0.90624999999999889
 0.91666666666666552
 0.92708333333333215
 0.93749999999999878
 0.94791666666666541
 0.95833333333333204
 0.96874999999999867
 0.9791666666666653
 0.98958333333333193
 0.99999999999999856


# name: h
# type: scalar
0.03125


# name: u
# type: matrix
# rows: 97
# columns: 1
 1.347250076594027
 -0.15138330779043441
 -0.024730128046531453
 0.070255883263954905
 0.24072051502050118
 0.28657941584378505
 -0.058295077903694377
 -0.2410792429005095
 -0.16497986181157132
 0.087251899464338645
 0.010466398375052862
 0.076211439160322733
 0.033444880496342998
 -0.088964621272865904
 0.010550839088759034
 0.15368635807200565
 -0.11593813149616367
 0.011477873876802505
 0.40999705109341905
 0.0040708144518207656
 0.086846890965675591
 0.18838031625145923
 0.027568012893902628
 0.12413418925485908
 -0.015417591173352951
 -0.21323022483954474
 -0.072735266504454332
 0.094888182341100802
 -0.052985587986611266
 0.067595655129254917
 -0.052977163545423027
 -0.18433783036055418
 -0.026994542544661958
 0.050904833447861821
 -0.3217445173503542
 -0.1609125432201895
 0.16803078083967848
 -0.19688294812644797
 -0.053141135418233933
 0.093511984115650093
 -0.11788685113818961
 0.019997030243256452
 -0.052290313292904532
 -0.33484555060864507
 -0.16182844177843669
 0.12239789821453088
 -0.15722718511848868
 -0.0041137207494118169
 0.13296064510904032
 -0.19976279833974755
 -0.056623337763353765
 0.071284644336995273
 -0.1728288571518467
 -0.01794003327200213
 0.1489666325304696
 -0.086014126771990398
 0.042330486217603665
 0.026748527068581718
 -0.18642040595305565
 -0.039657937101238147
 0.13128987871665659
 -0.10098186994348837
 0.03318639315604624
 0.1769325463363208
 -0.084052336659976551
 0.0279938475469254
 0.1129678792442856
 -0.088403602463002787
 0.017678074232383736
 0.094361543345905269
 -0.080325532421318152
 0.013935322379667539
 0.085217362448409342
 -0.062878873385737041
 0.018197671793873407
 0.069611877933071553
 -0.059070680572433795
 0.010694509628883195
 0.055475758381089472
 -0.049238045932187682
 0.007163951213255324
 0.041025133759620219
 -0.035521993742581651
 0.006213495121355047
 0.02831333267573246
 -0.023402218461546467
 0.0040766833182684665
 0.011218860181379811
 -0.011279520820111971
 0.0010450799212668982
 -0.0081369827317636697
 0.0041475229995282456
 -0.0012867729292560834
 -0.032583509621745034
 0.0081854551732792238
 -0.017104543706155564
 0.022450096604506607


# name: p
# type: matrix
# rows: 97
# columns: 1
 -1.1796404578490183e-05
 42952182504.747643
 28634788336.495861
 -128856547514.25256
 -146588494174.1116
 -140677845287.49033
 -75660707534.641144
 -76931847825.988235
 -76508134395.540085
 -71847286660.605942
 -95588506949.748352
 -87674766853.36496
 -623625793.1486423
 2905999547.8761063
 1729457767.536006
 -11212501816.199207
 -13894513614.881691
 -13000509681.98567
 -3166466420.1293073
 -1662860302.776855
 -2164062341.8953743
 -7677284772.2094526
 -8486392264.563961
 -8216689767.1099501
 -5249962295.1168404
 -15315042322.537868
 -11960015646.727844
 24945277787.18647
 23891930741.590481
 24243046423.457134
 28105318923.998615
 37752739528.514999
 34536932660.346016
 -836942889.50106311
 -63563541.144091465
 -321356657.2631467
 -3157080934.5676837
 -9736652605.4918079
 -7543462048.5160427
 16581634078.215973
 14401628717.495159
 15128297171.069971
 23121650160.400738
 25290385161.131321
 24567473494.221096
 16615445158.222519
 20871093985.533901
 19452544376.432278
 3848498676.3178201
 7109437310.6050577
 6022457765.8448544
 -5934317226.519824
 -7713095967.833559
 -7120169720.7273273
 -597981002.55066419
 251608511.17490339
 -31587993.399364822
 -3146749543.7108893
 -5694845661.768652
 -4845480289.0800409
 4497538810.5003958
 3847062115.91084
 4063887680.776639
 6448968894.302495
 5635282971.9694881
 5906511612.7479277
 8890026661.3119087
 7216001589.8843107
 7774009947.0279675
 13912101875.611483
 -7351597687.5328989
 -263697833.1501613
 77703200565.062408
 112334021375.47488
 100790414438.67149
 -26189261866.162472
 -38215466419.625061
 -34206731568.469967
 9889351794.2382565
 3685297282.0673828
 5753315452.7916365
 28501515330.760567
 38468857863.80265
 35146410352.789146
 -1400512268.3578064
 40841341.737328663
 -439609861.62737387
 -5724573098.6379499
 -667322874.29199135
 -2353072949.0738211
 -20896323771.673065
 17897590312.765194
 4966285617.9524002
 -137278066024.98779
 -183037421366.65137
 -167784302919.43039
 1.2246467991473532e-16


# name: x
# type: range
# base, limit, increment
0 1 0.010416666666666666


