# Created by Octave 6.2.0, Sat Jul 31 20:23:32 2021 -03 <kuroneko@kuroneko-VirtualBox>
# name: xl
# type: matrix
# rows: 49
# columns: 1
 0
 0.020833333333333332
 0.041666666666666664
 0.0625
 0.083333333333333329
 0.10416666666666666
 0.12499999999999999
 0.14583333333333331
 0.16666666666666666
 0.1875
 0.20833333333333334
 0.22916666666666669
 0.25
 0.27083333333333331
 0.29166666666666663
 0.31249999999999994
 0.33333333333333326
 0.35416666666666657
 0.37499999999999989
 0.3958333333333332
 0.41666666666666652
 0.43749999999999983
 0.45833333333333315
 0.47916666666666646
 0.49999999999999978
 0.52083333333333315
 0.54166666666666652
 0.56249999999999989
 0.58333333333333326
 0.60416666666666663
 0.625
 0.64583333333333337
 0.66666666666666674
 0.68750000000000011
 0.70833333333333348
 0.72916666666666685
 0.75000000000000022
 0.77083333333333359
 0.79166666666666696
 0.81250000000000033
 0.8333333333333337
 0.85416666666666707
 0.87500000000000044
 0.89583333333333381
 0.91666666666666718
 0.93750000000000056
 0.95833333333333393
 0.9791666666666673
 1.0000000000000007


# name: h
# type: scalar
0.0625


# name: u
# type: matrix
# rows: 49
# columns: 1
 0.34488232497046456
 -4.8344083535463742
 -2.9467709384343523
 12.946829230082034
 8.620677242015109
 8.0150868153273631
 5.0936610067028276
 0.87893964595788965
 1.3662765972219129
 7.1087864627108353
 -3.8207899515154313
 -4.6843977448082041
 -3.306639046889321
 0.28220681960186994
 1.0539972300468448
 0.80710275783310537
 -0.22325153602113801
 -0.052942301306261985
 0.31085546355862381
 -0.34622352676266788
 0.10112173272877491
 0.26597169009030197
 -0.1977994010841515
 -0.07535565217215387
 0.3227585979690954
 -0.29836022770963111
 0.099988537453524401
 0.22056647402099183
 -0.12467160865053425
 -0.099171733279969365
 0.23310477517193437
 -0.16210078283097154
 0.017941382568965936
 0.16727834190235019
 -0.16172846756196385
 0.041715719050741479
 0.087936788191291804
 -0.033608764933661488
 -0.041358970448975484
 0.071811899183725963
 -0.13293134705096432
 0.092213981835714554
 -0.051155699618004369
 0.090739429373237784
 -0.10112804668038497
 -0.080701627059273584
 0.3002221067781814
 -0.27001503229446777
 0.022829503408685697


# name: p
# type: matrix
# rows: 49
# columns: 1
 0.00045414088884854209
 440839195367.79517
 293892796911.92603
 -1322517586102.7251
 -1815944366224.8779
 -1651468772850.9062
 157762754262.13763
 809959750197.62085
 592560751552.42871
 -1798828233544.9915
 -2354818284545.1436
 -2169488267545.2627
 -130858080547.97787
 -193341563933.17148
 -172513736138.01849
 56592369609.214104
 122205137760.59554
 100334215043.4371
 -140245934845.2944
 -195259669051.98203
 -176921757649.69501
 24795267775.365978
 47654185294.468399
 40034546121.371994
 -43781484782.518616
 103047471125.32936
 54104485822.812805
 -484268352505.10187
 -670806682301.09485
 -608627239035.776
 75346636882.732758
 49949842112.263168
 58415440369.131248
 151537021194.56198
 187471880423.80252
 175493594014.07852
 43732443507.080788
 65024661101.881966
 57927255236.882019
 -20144209277.934212
 31683722005.230328
 14407744910.893047
 -175628003126.90958
 -239942244035.8533
 -218504163732.96982
 17314719598.990448
 23086292797.892891
 21162435064.689575
 1.2246467991473535e-16


# name: x
# type: range
# base, limit, increment
0 1 0.020833333333333332


# name: exata
# type: matrix
# rows: 49
# columns: 1
 0
 0.065403129230143062
 0.13052619222005157
 0.19509032201612825
 0.25881904510252074
 0.32143946530316153
 0.38268343236508973
 0.44228869021900119
 0.49999999999999994
 0.55557023301960218
 0.60876142900872066
 0.65934581510006895
 0.70710678118654746
 0.75183980747897727
 0.79335334029123505
 0.83146961230254512
 0.86602540378443849
 0.89687274153268814
 0.92387953251128652
 0.94693012949510558
 0.9659258262890682
 0.98078528040323032
 0.99144486137381038
 0.99785892323860348
 1
 0.99785892323860359
 0.99144486137381049
 0.98078528040323054
 0.96592582628906842
 0.94693012949510569
 0.92387953251128674
 0.89687274153268837
 0.86602540378443849
 0.83146961230254512
 0.79335334029123483
 0.75183980747897716
 0.70710678118654691
 0.65934581510006829
 0.6087614290087201
 0.5555702330196014
 0.49999999999999917
 0.44228869021900014
 0.38268343236508862
 0.32143946530316009
 0.2588190451025193
 0.19509032201612686
 0.1305261922200498
 0.065403129230141341
 -2.0979813693355779e-15


