# Created by Octave 6.2.0, Mon Aug 30 19:46:54 2021 -03 <kuroneko@kuroneko-VirtualBox>
# name: alfa
# type: scalar
-1


# name: beta
# type: scalar
0


# name: h
# type: scalar
0.00390625


# name: xl
# type: matrix
# rows: 257
# columns: 1
 0
 0.00390625
 0.0078125
 0.01171875
 0.015625
 0.01953125
 0.0234375
 0.02734375
 0.03125
 0.03515625
 0.0390625
 0.04296875
 0.046875
 0.05078125
 0.0546875
 0.05859375
 0.0625
 0.06640625
 0.0703125
 0.07421875
 0.078125
 0.08203125
 0.0859375
 0.08984375
 0.09375
 0.09765625
 0.1015625
 0.10546875
 0.109375
 0.11328125
 0.1171875
 0.12109375
 0.125
 0.12890625
 0.1328125
 0.13671875
 0.140625
 0.14453125
 0.1484375
 0.15234375
 0.15625
 0.16015625
 0.1640625
 0.16796875
 0.171875
 0.17578125
 0.1796875
 0.18359375
 0.1875
 0.19140625
 0.1953125
 0.19921875
 0.203125
 0.20703125
 0.2109375
 0.21484375
 0.21875
 0.22265625
 0.2265625
 0.23046875
 0.234375
 0.23828125
 0.2421875
 0.24609375
 0.25
 0.25390625
 0.2578125
 0.26171875
 0.265625
 0.26953125
 0.2734375
 0.27734375
 0.28125
 0.28515625
 0.2890625
 0.29296875
 0.296875
 0.30078125
 0.3046875
 0.30859375
 0.3125
 0.31640625
 0.3203125
 0.32421875
 0.328125
 0.33203125
 0.3359375
 0.33984375
 0.34375
 0.34765625
 0.3515625
 0.35546875
 0.359375
 0.36328125
 0.3671875
 0.37109375
 0.375
 0.37890625
 0.3828125
 0.38671875
 0.390625
 0.39453125
 0.3984375
 0.40234375
 0.40625
 0.41015625
 0.4140625
 0.41796875
 0.421875
 0.42578125
 0.4296875
 0.43359375
 0.4375
 0.44140625
 0.4453125
 0.44921875
 0.453125
 0.45703125
 0.4609375
 0.46484375
 0.46875
 0.47265625
 0.4765625
 0.48046875
 0.484375
 0.48828125
 0.4921875
 0.49609375
 0.5
 0.50390625
 0.5078125
 0.51171875
 0.515625
 0.51953125
 0.5234375
 0.52734375
 0.53125
 0.53515625
 0.5390625
 0.54296875
 0.546875
 0.55078125
 0.5546875
 0.55859375
 0.5625
 0.56640625
 0.5703125
 0.57421875
 0.578125
 0.58203125
 0.5859375
 0.58984375
 0.59375
 0.59765625
 0.6015625
 0.60546875
 0.609375
 0.61328125
 0.6171875
 0.62109375
 0.625
 0.62890625
 0.6328125
 0.63671875
 0.640625
 0.64453125
 0.6484375
 0.65234375
 0.65625
 0.66015625
 0.6640625
 0.66796875
 0.671875
 0.67578125
 0.6796875
 0.68359375
 0.6875
 0.69140625
 0.6953125
 0.69921875
 0.703125
 0.70703125
 0.7109375
 0.71484375
 0.71875
 0.72265625
 0.7265625
 0.73046875
 0.734375
 0.73828125
 0.7421875
 0.74609375
 0.75
 0.75390625
 0.7578125
 0.76171875
 0.765625
 0.76953125
 0.7734375
 0.77734375
 0.78125
 0.78515625
 0.7890625
 0.79296875
 0.796875
 0.80078125
 0.8046875
 0.80859375
 0.8125
 0.81640625
 0.8203125
 0.82421875
 0.828125
 0.83203125
 0.8359375
 0.83984375
 0.84375
 0.84765625
 0.8515625
 0.85546875
 0.859375
 0.86328125
 0.8671875
 0.87109375
 0.875
 0.87890625
 0.8828125
 0.88671875
 0.890625
 0.89453125
 0.8984375
 0.90234375
 0.90625
 0.91015625
 0.9140625
 0.91796875
 0.921875
 0.92578125
 0.9296875
 0.93359375
 0.9375
 0.94140625
 0.9453125
 0.94921875
 0.953125
 0.95703125
 0.9609375
 0.96484375
 0.96875
 0.97265625
 0.9765625
 0.98046875
 0.984375
 0.98828125
 0.9921875
 0.99609375
 1


# name: u
# type: matrix
# rows: 257
# columns: 1
 0.0019343004598169015
 0.009671502299083359
 0.017258119156262585
 0.024694185048525042
 0.031979756665462739
 0.039114913360551992
 0.046099757139203071
 0.052934412643398578
 0.059619027132922789
 0.066153770463184922
 0.072538835059639484
 0.078774435888807767
 0.084860810425904626
 0.090798218619075596
 0.096586942850249685
 0.10222728789261366
 0.10771958086471435
 0.11306417118119579
 0.11826143050017864
 0.12331175266728986
 0.12821555365635104
 0.13297327150673419
 0.13758536625739468
 0.14205231987759104
 0.14637463619430222
 0.15055284081635303
 0.15458748105525946
 0.15847912584280546
 0.162228365645364
 0.16583581237497499
 0.16930209929719359
 0.17262788093572271
 0.17581383297384412
 0.17886065215266317
 0.18176905616618194
 0.18453978355321737
 0.18717359358617988
 0.1896712661567298
 0.19203360165832853
 0.19426142086570228
 0.19635556481123642
 0.19831689465831895
 0.20014629157165265
 0.2018446565845548
 0.20341291046326493
 0.20485199356828079
 0.2061628657127435
 0.20734650601789323
 0.20840391276561718
 0.20933610324811197
 0.21014411361468321
 0.21082899871570515
 0.21139183194376421
 0.21183370507200988
 0.21215572808973776
 0.21235902903522921
 0.21244475382587311
 0.21241406608559463
 0.21226814696961802
 0.21200819498658874
 0.21163542581808265
 0.21115107213552881
 0.21055638341457358
 0.2098526257469143
 0.20904108164963045
 0.20812304987204139
 0.2070998452001194
 0.20597279825848783
 0.20474325531003387
 0.20341257805316634
 0.20198214341674889
 0.20045334335273957
 0.19882758462656808
 0.1971062886052819
 0.19529089104349384
 0.19338284186716251
 0.19138360495523896
 0.18929465791921166
 0.18711749188058388
 0.18485361124631622
 0.18250453348226833
 0.18007178888467429
 0.17755692034968554
 0.17496148314101639
 0.17228704465572708
 0.16953518418817962
 0.16670749269220159
 0.16380557254149464
 0.16083103728832271
 0.15778551142051714
 0.15467063011683466
 0.15148803900070559
 0.14823939389240892
 0.14492636055971189
 0.14155061446701145
 0.13811384052301559
 0.13461773282700223
 0.13106399441369404
 0.12745433699678779
 0.12379048071117651
 0.12007415385390346
 0.11630709262388704
 0.11249104086045551
 0.10862774978073128
 0.10471897771590405
 0.10076648984643256
 0.096772057936214975
 0.092737460065767635
 0.088664480364452833
 0.084554908741795359
 0.080410540617928794
 0.07623317665321179
 0.072024622477055253
 0.067786688416001217
 0.063521189221094329
 0.059229943794586987
 0.054914774916019357
 0.050577508967715498
 0.0462199756597369
 0.041844007754334854
 0.037451440789943231
 0.033044112804753126
 0.028623864059911054
 0.024192536762382436
 0.019751974787521952
 0.015304023401392737
 0.01085052898287607
 0.0063933387456135277
 0.0019343004598233932
 -0.0025247378259667407
 -0.0069819280632292821
 -0.011435422481745948
 -0.015883373867875163
 -0.020323935842735646
 -0.024755263140264262
 -0.029175511885106323
 -0.033582839870296421
 -0.037975406834688037
 -0.042351374740090077
 -0.046708908048068674
 -0.051046173996372526
 -0.055361342874940156
 -0.059652588301447512
 -0.063918087496354414
 -0.06815602155740845
 -0.072364575733565015
 -0.076541939698282033
 -0.080686307822148626
 -0.084795879444806113
 -0.088868859146120957
 -0.092903457016568325
 -0.096897888926785969
 -0.1008503767962575
 -0.10475914886108477
 -0.10862243994080902
 -0.11243849170424058
 -0.11620555293425702
 -0.11992187979153009
 -0.12358573607714139
 -0.12719539349404765
 -0.13074913190735588
 -0.13424523960336929
 -0.1376820135473652
 -0.1410577596400657
 -0.14437079297276278
 -0.14761943808105948
 -0.15080202919718858
 -0.15391691050087103
 -0.1569624363686766
 -0.15993697162184853
 -0.16283889177255551
 -0.16566658326853356
 -0.16841844373608109
 -0.17109288222137042
 -0.17368831943003965
 -0.17620318796502854
 -0.1786359325626227
 -0.18098501032667075
 -0.18324889096093855
 -0.18542605699956646
 -0.18751500403559396
 -0.18951424094751773
 -0.1914222901238492
 -0.19323768768563743
 -0.19495898370692374
 -0.1965847424330954
 -0.19811354249710486
 -0.19954397713352243
 -0.20087465439039012
 -0.20210419733884422
 -0.20323124428047593
 -0.20425444895239803
 -0.20517248072998726
 -0.20598402482727121
 -0.20668778249493064
 -0.20728247121588603
 -0.20776682489844003
 -0.20813959406694624
 -0.20839954604997563
 -0.20854546516595238
 -0.20857615290623094
 -0.20849042811558716
 -0.20828712717009576
 -0.20796510415236799
 -0.20752323102412243
 -0.20696039779606348
 -0.20627551269504163
 -0.20546750232847047
 -0.20453531184597576
 -0.20347790509825192
 -0.20229426479310234
 -0.20098339264863976
 -0.19954430954362409
 -0.19797605566491411
 -0.19627769065201209
 -0.19444829373867853
 -0.19248696389159614
 -0.19039281994606216
 -0.18816500073868855
 -0.18580266523708996
 -0.18330499266654018
 -0.18067118263357779
 -0.17790045524654249
 -0.17499205123302383
 -0.17194523205420492
