# Created by Octave 6.2.0, Mon Aug 30 22:07:23 2021 -03 <kuroneko@kuroneko-VirtualBox>
# name: alfa
# type: scalar
-1


# name: beta
# type: scalar
0


# name: h
# type: scalar
0.00390625


# name: xl
# type: matrix
# rows: 257
# columns: 1
 0
 0.00390625
 0.0078125
 0.01171875
 0.015625
 0.01953125
 0.0234375
 0.02734375
 0.03125
 0.03515625
 0.0390625
 0.04296875
 0.046875
 0.05078125
 0.0546875
 0.05859375
 0.0625
 0.06640625
 0.0703125
 0.07421875
 0.078125
 0.08203125
 0.0859375
 0.08984375
 0.09375
 0.09765625
 0.1015625
 0.10546875
 0.109375
 0.11328125
 0.1171875
 0.12109375
 0.125
 0.12890625
 0.1328125
 0.13671875
 0.140625
 0.14453125
 0.1484375
 0.15234375
 0.15625
 0.16015625
 0.1640625
 0.16796875
 0.171875
 0.17578125
 0.1796875
 0.18359375
 0.1875
 0.19140625
 0.1953125
 0.19921875
 0.203125
 0.20703125
 0.2109375
 0.21484375
 0.21875
 0.22265625
 0.2265625
 0.23046875
 0.234375
 0.23828125
 0.2421875
 0.24609375
 0.25
 0.25390625
 0.2578125
 0.26171875
 0.265625
 0.26953125
 0.2734375
 0.27734375
 0.28125
 0.28515625
 0.2890625
 0.29296875
 0.296875
 0.30078125
 0.3046875
 0.30859375
 0.3125
 0.31640625
 0.3203125
 0.32421875
 0.328125
 0.33203125
 0.3359375
 0.33984375
 0.34375
 0.34765625
 0.3515625
 0.35546875
 0.359375
 0.36328125
 0.3671875
 0.37109375
 0.375
 0.37890625
 0.3828125
 0.38671875
 0.390625
 0.39453125
 0.3984375
 0.40234375
 0.40625
 0.41015625
 0.4140625
 0.41796875
 0.421875
 0.42578125
 0.4296875
 0.43359375
 0.4375
 0.44140625
 0.4453125
 0.44921875
 0.453125
 0.45703125
 0.4609375
 0.46484375
 0.46875
 0.47265625
 0.4765625
 0.48046875
 0.484375
 0.48828125
 0.4921875
 0.49609375
 0.5
 0.50390625
 0.5078125
 0.51171875
 0.515625
 0.51953125
 0.5234375
 0.52734375
 0.53125
 0.53515625
 0.5390625
 0.54296875
 0.546875
 0.55078125
 0.5546875
 0.55859375
 0.5625
 0.56640625
 0.5703125
 0.57421875
 0.578125
 0.58203125
 0.5859375
 0.58984375
 0.59375
 0.59765625
 0.6015625
 0.60546875
 0.609375
 0.61328125
 0.6171875
 0.62109375
 0.625
 0.62890625
 0.6328125
 0.63671875
 0.640625
 0.64453125
 0.6484375
 0.65234375
 0.65625
 0.66015625
 0.6640625
 0.66796875
 0.671875
 0.67578125
 0.6796875
 0.68359375
 0.6875
 0.69140625
 0.6953125
 0.69921875
 0.703125
 0.70703125
 0.7109375
 0.71484375
 0.71875
 0.72265625
 0.7265625
 0.73046875
 0.734375
 0.73828125
 0.7421875
 0.74609375
 0.75
 0.75390625
 0.7578125
 0.76171875
 0.765625
 0.76953125
 0.7734375
 0.77734375
 0.78125
 0.78515625
 0.7890625
 0.79296875
 0.796875
 0.80078125
 0.8046875
 0.80859375
 0.8125
 0.81640625
 0.8203125
 0.82421875
 0.828125
 0.83203125
 0.8359375
 0.83984375
 0.84375
 0.84765625
 0.8515625
 0.85546875
 0.859375
 0.86328125
 0.8671875
 0.87109375
 0.875
 0.87890625
 0.8828125
 0.88671875
 0.890625
 0.89453125
 0.8984375
 0.90234375
 0.90625
 0.91015625
 0.9140625
 0.91796875
 0.921875
 0.92578125
 0.9296875
 0.93359375
 0.9375
 0.94140625
 0.9453125
 0.94921875
 0.953125
 0.95703125
 0.9609375
 0.96484375
 0.96875
 0.97265625
 0.9765625
 0.98046875
 0.984375
 0.98828125
 0.9921875
 0.99609375
 1


# name: u
# type: matrix
# rows: 257
# columns: 1
 0.99999999999993816
 0.99992470183920512
 0.99969881869638488
 0.99932238458864797
 0.99879545620558596
 0.99811811290067565
 0.99729045667932703
 0.99631261218352274
 0.99518472667304714
 0.99390697000330963
 0.99247953459976468
 0.99090263542893331
 0.98917650996603035
 0.98730141815920158
 0.98527764239037607
 0.98310548743274051
 0.9807852804048417
 0.97831737072132352
 0.97570213004030681
 0.97293995220741858
 0.97003125319648043
 0.96697647104686424
 0.96377606579752528
 0.96043051941772217
 0.95694033573443382
 0.95330604035648525
 0.94952818059539223
 0.9456073253829389
 0.94154406518549794
 0.93733901191510938
 0.93299279883732855
 0.92850608047585836
 0.92387953251398036
 0.9191138516927998
 0.91420975570631902
 0.90916798309335478
 0.90398929312631771
 0.89867446569686804
 0.89322430119846741
 0.88763962040584188
 0.88192126435137663
 0.87607009419845983
 0.87008699111179411
 0.86397285612469688
 0.85772861000340739
 0.85135519310842378
 0.84485356525288691
 0.83822470555803696
 0.83146961230576133
 0.82458930278825671
 0.81758481315482834
 0.81045719825585072
 0.80320753148391033
 0.79583690461215639
 0.78834642762988472
 0.78073722857537653
 0.77301045336602081
 0.76516726562574267
 0.75720884650976639
 0.74913639452673753
 0.74095112535823193
 0.73265427167567854
 0.72424708295472384
 0.71573082528706489
 0.70710678118978154
 0.6983762494121929
 0.68954054474027138
 0.68060099779864036
 0.67155895485018702
 0.66241577759332015
 0.65317284295690337
 0.64383154289289479
 0.63439328416672403
 0.62485948814543846
 0.61523159058365096
 0.60551104140732026
 0.59569930449539721
 0.58579785745937052
 0.57580819142074324
 0.56573181078647594
 0.55557023302242847
 0.54532498842483479
 0.5349976198898464
 0.52458968268117778
 0.51410274419588908
 0.50353838372834225
 0.49289819223236481
 0.48218377208165841
 0.4713967368284871
 0.46053871096068216
 0.44961132965700029
 0.43861623854087184
 0.42755509343257581
 0.41642956009987941
 0.40524131400717966
 0.39399204006318456
 0.38268343236717201
 0.37131719395386464
 0.3598950365369592
 0.3484186802513487
 0.3368898533940764
 0.32531029216406071
 0.3136817404006299
 0.30200594932090635
 0.29028467725607987
 0.27851968938660909
 0.26671275747639223
 0.25486565960594565
 0.24298017990463164
 0.2310581082819749
 0.21910124015810903
 0.20711137619339276
 0.19509032201723697
 0.18303988795618373
 0.17096188876127763
 0.15885814333477108
 0.14673047445620421
 0.13458070850790113
 0.12241067519992331
 0.11022220729452202
 0.098017140330131175
 0.08579731234494184
 0.073564563600100552
 0.061320736302572711
 0.049067674327713015
 0.036807222941584589
 0.024541228523068715
 0.012271538285806956
 1.7602954599796783e-14
 -0.01227153828577175
 -0.024541228523033511
 -0.036807222941549395
 -0.049067674327677835
 -0.061320736302537537
 -0.073564563600065372
 -0.085797312344906659
 -0.098017140330095981
 -0.11022220729448681
 -0.12241067519988806
 -0.13458070850786588
 -0.14673047445616896
 -0.15885814333473583
 -0.17096188876124244
 -0.18303988795614856
 -0.19509032201720183
 -0.20711137619335759
 -0.21910124015807383
 -0.23105810828193962
 -0.24298017990459633
 -0.2548656596059104
 -0.26671275747635703
 -0.27851968938657395
 -0.29028467725604473
 -0.30200594932087133
 -0.31368174040059488
 -0.32531029216402574
 -0.33688985339404159
 -0.34841868025131406
 -0.35989503653692484
 -0.37131719395383062
 -0.38268343236713831
 -0.39399204006315119
 -0.40524131400714658
 -0.4164295600998465
 -0.42755509343254294
 -0.43861623854083909
 -0.4496113296569676
 -0.46053871096064952
 -0.47139673682845451
 -0.48218377208162588
 -0.49289819223233222
 -0.50353838372830961
 -0.51410274419585644
 -0.52458968268114514
 -0.53499761988981376
 -0.54532498842480204
 -0.55557023302239561
 -0.56573181078644308
 -0.57580819142071027
 -0.58579785745933755
 -0.59569930449536435
 -0.60551104140728751
 -0.61523159058361832
 -0.62485948814540582
 -0.63439328416669127
 -0.64383154289286226
 -0.65317284295687095
 -0.66241577759328785
 -0.67155895485015504
 -0.6806009977986085
 -0.68954054474023951
 -0.69837624941216103
 -0.70710678118974946
 -0.71573082528703269
 -0.72424708295469142
 -0.73265427167564612
 -0.74095112535819951
 -0.74913639452670511
 -0.75720884650973386
 -0.76516726562571014
 -0.77301045336598839
 -0.78073722857534422
 -0.78834642762985252
 -0.79583690461212453
 -0.80320753148387891
 -0.81045719825581986
 -0.81758481315479792
 -0.82458930278822651
 -0.83146961230573158
 -0.83822470555800743
 -0.8448535652528576
 -0.85135519310839491
 -0.8577286100033793
 -0.86397285612466934
 -0.87008699111176735
 -0.87607009419843374
 -0.88192126435135132
 -0.88763962040581734
 -0.89322430119844365
 -0.89867446569684495
 -0.90398929312629506
 -0.90916798309333247
 -0.91420975570629714
 -0.91911385169277859
 -0.92387953251395982
 -0.92850608047583871
 -0.93299279883730979
 -0.9373390119150915
