# Created by Octave 6.2.0, Mon Aug 30 22:07:23 2021 -03 <kuroneko@kuroneko-VirtualBox>
# name: alfa
# type: scalar
-1


# name: beta
# type: scalar
0


# name: h
# type: scalar
0.0625


# name: xl
# type: matrix
# rows: 17
# columns: 1
 0
 0.0625
 0.125
 0.1875
 0.25
 0.3125
 0.375
 0.4375
 0.5
 0.5625
 0.625
 0.6875
 0.75
 0.8125
 0.875
 0.9375
 1


# name: u
# type: matrix
# rows: 17
# columns: 1
 0.99999993104717388
 0.98078532948241826
 0.92387966063894489
 0.83146978275697836
 0.70710696091910297
 0.55557039392471108
 0.38268355236034829
 0.19509038589091218
 3.4286299289894542e-16
 -0.19509038589091149
 -0.38268355236034757
 -0.5555703939247103
 -0.70710696091910219
 -0.83146978275697769
 -0.92387966063894456
 -0.98078532948241826
 -0.999999931047174


# name: x
# type: range
# base, limit, increment
0 1 0.0625


# name: exata
# type: matrix
# rows: 17
# columns: 1
 1
 0.98078528040323043
 0.92387953251128674
 0.83146961230254524
 0.70710678118654757
 0.55557023301960229
 0.38268343236508984
 0.19509032201612833
 6.123233995736766e-17
 -0.19509032201612819
 -0.38268343236508973
 -0.55557023301960196
 -0.70710678118654746
 -0.83146961230254535
 -0.92387953251128674
 -0.98078528040323043
 -1


