# Created by Octave 6.2.0, Mon Aug 30 19:46:54 2021 -03 <kuroneko@kuroneko-VirtualBox>
# name: alfa
# type: scalar
-1


# name: beta
# type: scalar
0


# name: h
# type: scalar
0.015625


# name: xl
# type: matrix
# rows: 65
# columns: 1
 0
 0.015625
 0.03125
 0.046875
 0.0625
 0.078125
 0.09375
 0.109375
 0.125
 0.140625
 0.15625
 0.171875
 0.1875
 0.203125
 0.21875
 0.234375
 0.25
 0.265625
 0.28125
 0.296875
 0.3125
 0.328125
 0.34375
 0.359375
 0.375
 0.390625
 0.40625
 0.421875
 0.4375
 0.453125
 0.46875
 0.484375
 0.5
 0.515625
 0.53125
 0.546875
 0.5625
 0.578125
 0.59375
 0.609375
 0.625
 0.640625
 0.65625
 0.671875
 0.6875
 0.703125
 0.71875
 0.734375
 0.75
 0.765625
 0.78125
 0.796875
 0.8125
 0.828125
 0.84375
 0.859375
 0.875
 0.890625
 0.90625
 0.921875
 0.9375
 0.953125
 0.96875
 0.984375
 1


# name: u
# type: matrix
# rows: 65
# columns: 1
 0.0075113640827968679
 0.037556820409127022
 0.065196090987606384
 0.090437874381977507
 0.11329664491260456
 0.13379261778656776
 0.15195170039745881
 0.16780542991220063
 0.18139089729524976
 0.19275065795321436
 0.20193262921515215
 0.20898997489552779
 0.21398097721792705
 0.2169688964080754
 0.21802181829441333
 0.21721249028337186
 0.21461814610449864
 0.21032031974763865
 0.20440464904041095
 0.1969606693391811
 0.18808159783054534
 0.17786410896296304
 0.16640810154954289
 0.15381645810305181
 0.14019479698293039
 0.12565121795141393
 0.11029604175173675
 0.094241544335798802
 0.077601686381563242
 0.060491838751801565
 0.043028504555579827
 0.025329038482064459
 0.0075113640827969902
 -0.010306310316470477
 -0.028005776389985845
 -0.045469110586207576
 -0.062578958215969246
 -0.079218816170204806
 -0.095273313586142744
 -0.11062848978581989
 -0.12517206881733633
 -0.13879372993745778
 -0.15138537338394892
 -0.16284138079736915
 -0.17305886966495151
 -0.18193794117358739
 -0.18938192087481731
 -0.1952975915820451
 -0.19959541793890517
 -0.20218976211777839
 -0.20299909012881986
 -0.2019461682424819
 -0.1989582490523335
 -0.19396724672993423
 -0.1869099010495586
 -0.17772792978762075
 -0.16636816912965613
 -0.15278270174660699
 -0.1369289722318652
 -0.11876988962097414
 -0.098273916747010914
 -0.07541514621638383
 -0.050173362822012679
 -0.022534092243533307
 0.0075113640827968731


# name: x
# type: range
# base, limit, increment
0 1 0.015625


# name: exata
# type: matrix
# rows: 65
# columns: 1
 1
 0.99879545620517241
 0.99518472667219693
 0.98917650996478101
 0.98078528040323043
 0.97003125319454397
 0.95694033573220882
 0.94154406518302081
 0.92387953251128674
 0.90398929312344334
 0.88192126434835505
 0.85772861000027212
 0.83146961230254524
 0.80320753148064494
 0.77301045336273699
 0.74095112535495911
 0.70710678118654757
 0.67155895484701833
 0.63439328416364549
 0.59569930449243347
 0.55557023301960229
 0.51410274419322166
 0.47139673682599781
 0.4275550934302822
 0.38268343236508984
 0.33688985339222005
 0.29028467725446233
 0.24298017990326398
 0.19509032201612833
 0.14673047445536175
 0.09801714032956077
 0.049067674327418126
 6.123233995736766e-17
 -0.049067674327418008
 -0.098017140329560645
 -0.14673047445536164
 -0.19509032201612819
 -0.24298017990326387
 -0.29028467725446216
 -0.33688985339221994
 -0.38268343236508973
 -0.42755509343028186
 -0.4713967368259977
 -0.51410274419322166
 -0.55557023301960196
 -0.59569930449243336
 -0.63439328416364538
 -0.67155895484701844
 -0.70710678118654746
 -0.74095112535495888
 -0.77301045336273699
 -0.80320753148064483
 -0.83146961230254535
 -0.85772861000027201
 -0.88192126434835494
 -0.90398929312344334
 -0.92387953251128674
 -0.9415440651830207
 -0.95694033573220882
 -0.97003125319454397
 -0.98078528040323043
 -0.98917650996478101
 -0.99518472667219682
 -0.99879545620517241
 -1


