# Created by Octave 6.2.0, Mon Aug 30 19:46:54 2021 -03 <kuroneko@kuroneko-VirtualBox>
# name: alfa
# type: scalar
-1


# name: beta
# type: scalar
0


# name: h
# type: scalar
0.0625


# name: xl
# type: matrix
# rows: 17
# columns: 1
 0
 0.0625
 0.125
 0.1875
 0.25
 0.3125
 0.375
 0.4375
 0.5
 0.5625
 0.625
 0.6875
 0.75
 0.8125
 0.875
 0.9375
 1


# name: u
# type: matrix
# rows: 17
# columns: 1
 0.026446352422444846
 0.13223174223858597
 0.20032606477600917
 0.23291617827493921
 0.23355334781796042
 0.20701677220446524
 0.15912992202099924
 0.096536746932459949
 0.026446352422444898
 -0.043644042087570153
 -0.10623721717610946
 -0.15412406735957548
 -0.18066064297307066
 -0.18002347343004943
 -0.14743335993111939
 -0.079339037393696243
 0.026446352422444835


# name: x
# type: range
# base, limit, increment
0 1 0.0625


# name: exata
# type: matrix
# rows: 17
# columns: 1
 1
 0.98078528040323043
 0.92387953251128674
 0.83146961230254524
 0.70710678118654757
 0.55557023301960229
 0.38268343236508984
 0.19509032201612833
 6.123233995736766e-17
 -0.19509032201612819
 -0.38268343236508973
 -0.55557023301960196
 -0.70710678118654746
 -0.83146961230254535
 -0.92387953251128674
 -0.98078528040323043
 -1


