# Created by Octave 6.2.0, Mon Aug 30 19:46:54 2021 -03 <kuroneko@kuroneko-VirtualBox>
# name: alfa
# type: scalar
-1


# name: beta
# type: scalar
0


# name: h
# type: scalar
0.25


# name: xl
# type: matrix
# rows: 5
# columns: 1
 0
 0.25
 0.5
 0.75
 1


# name: u
# type: matrix
# rows: 5
# columns: 1
 0.05181082843688363
 0.25897416326189759
 0.051810828436883762
 -0.15535250638813014
 0.05181082843688356


# name: x
# type: range
# base, limit, increment
0 1 0.25


# name: exata
# type: matrix
# rows: 5
# columns: 1
 1
 0.70710678118654757
 6.123233995736766e-17
 -0.70710678118654746
 -1


