# Created by Octave 6.2.0, Mon Aug 30 22:07:23 2021 -03 <kuroneko@kuroneko-VirtualBox>
# name: alfa
# type: scalar
-1


# name: beta
# type: scalar
0


# name: h
# type: scalar
0.015625


# name: xl
# type: matrix
# rows: 65
# columns: 1
 0
 0.015625
 0.03125
 0.046875
 0.0625
 0.078125
 0.09375
 0.109375
 0.125
 0.140625
 0.15625
 0.171875
 0.1875
 0.203125
 0.21875
 0.234375
 0.25
 0.265625
 0.28125
 0.296875
 0.3125
 0.328125
 0.34375
 0.359375
 0.375
 0.390625
 0.40625
 0.421875
 0.4375
 0.453125
 0.46875
 0.484375
 0.5
 0.515625
 0.53125
 0.546875
 0.5625
 0.578125
 0.59375
 0.609375
 0.625
 0.640625
 0.65625
 0.671875
 0.6875
 0.703125
 0.71875
 0.734375
 0.75
 0.765625
 0.78125
 0.796875
 0.8125
 0.828125
 0.84375
 0.859375
 0.875
 0.890625
 0.90625
 0.921875
 0.9375
 0.953125
 0.96875
 0.984375
 1


# name: u
# type: matrix
# rows: 65
# columns: 1
 0.9999999999359922
 0.99879545626432298
 0.99518472684480241
 0.98917651024117381
 0.98078528077380112
 0.97003125364976439
 0.95694033626265562
 0.94154406577939753
 0.92387953316444671
 0.90398929382441129
 0.88192126508834923
 0.85772861077072493
 0.83146961309512413
 0.80320753228727249
 0.77301045417561043
 0.74095112616656911
 0.70710678198969601
 0.67155895563483614
 0.63439328492960856
 0.59569930523037884
 0.55557023372374337
 0.51410274485816143
 0.4713967374467416
 0.42755509400225072
 0.38268343288412954
 0.33688985385461334
 0.29028467765693644
 0.24298018024299875
 0.19509032229076345
 0.14673047466300201
 0.098017140468780573
 0.049067674397265483
 -1.7082489269280535e-15
 -0.049067674397268904
 -0.098017140468784
 -0.14673047466300546
 -0.19509032229076687
 -0.24298018024300216
 -0.29028467765693988
 -0.33688985385461684
 -0.38268343288413315
 -0.42755509400225433
 -0.47139673744674521
 -0.51410274485816521
 -0.55557023372374725
 -0.59569930523038273
 -0.63439328492961244
 -0.67155895563483992
 -0.70710678198969967
 -0.74095112616657266
 -0.77301045417561376
 -0.80320753228727548
 -0.8314696130951269
 -0.85772861077072737
 -0.88192126508835145
 -0.90398929382441318
 -0.92387953316444815
 -0.94154406577939864
 -0.9569403362626564
 -0.97003125364976495
 -0.98078528077380145
 -0.98917651024117403
 -0.99518472684480253
 -0.99879545626432276
 -0.99999999993599231


# name: x
# type: range
# base, limit, increment
0 1 0.015625


# name: exata
# type: matrix
# rows: 65
# columns: 1
 1
 0.99879545620517241
 0.99518472667219693
 0.98917650996478101
 0.98078528040323043
 0.97003125319454397
 0.95694033573220882
 0.94154406518302081
 0.92387953251128674
 0.90398929312344334
 0.88192126434835505
 0.85772861000027212
 0.83146961230254524
 0.80320753148064494
 0.77301045336273699
 0.74095112535495911
 0.70710678118654757
 0.67155895484701833
 0.63439328416364549
 0.59569930449243347
 0.55557023301960229
 0.51410274419322166
 0.47139673682599781
 0.4275550934302822
 0.38268343236508984
 0.33688985339222005
 0.29028467725446233
 0.24298017990326398
 0.19509032201612833
 0.14673047445536175
 0.09801714032956077
 0.049067674327418126
 6.123233995736766e-17
 -0.049067674327418008
 -0.098017140329560645
 -0.14673047445536164
 -0.19509032201612819
 -0.24298017990326387
 -0.29028467725446216
 -0.33688985339221994
 -0.38268343236508973
 -0.42755509343028186
 -0.4713967368259977
 -0.51410274419322166
 -0.55557023301960196
 -0.59569930449243336
 -0.63439328416364538
 -0.67155895484701844
 -0.70710678118654746
 -0.74095112535495888
 -0.77301045336273699
 -0.80320753148064483
 -0.83146961230254535
 -0.85772861000027201
 -0.88192126434835494
 -0.90398929312344334
 -0.92387953251128674
 -0.9415440651830207
 -0.95694033573220882
 -0.97003125319454397
 -0.98078528040323043
 -0.98917650996478101
 -0.99518472667219682
 -0.99879545620517241
 -1


