# Created by Octave 6.2.0, Sat Jul 31 20:13:46 2021 -03 <kuroneko@kuroneko-VirtualBox>
# name: xl
# type: matrix
# rows: 65
# columns: 1
 0
 0.015625
 0.03125
 0.046875
 0.0625
 0.078125
 0.09375
 0.109375
 0.125
 0.140625
 0.15625
 0.171875
 0.1875
 0.203125
 0.21875
 0.234375
 0.25
 0.265625
 0.28125
 0.296875
 0.3125
 0.328125
 0.34375
 0.359375
 0.375
 0.390625
 0.40625
 0.421875
 0.4375
 0.453125
 0.46875
 0.484375
 0.5
 0.515625
 0.53125
 0.546875
 0.5625
 0.578125
 0.59375
 0.609375
 0.625
 0.640625
 0.65625
 0.671875
 0.6875
 0.703125
 0.71875
 0.734375
 0.75
 0.765625
 0.78125
 0.796875
 0.8125
 0.828125
 0.84375
 0.859375
 0.875
 0.890625
 0.90625
 0.921875
 0.9375
 0.953125
 0.96875
 0.984375
 1


# name: h
# type: scalar
0.03125


# name: u
# type: matrix
# rows: 65
# columns: 1
 -6.2831853071821318
 5.3885781395794909
 0.17011921853687179
 3.8131666999889577
 2.1550275362489382
 3.2680672052595692
 2.7172480919743487
 3.0263932809200789
 2.8132900894682087
 2.8606846645138706
 2.7441373262777282
 2.700416200577203
 2.605212656967959
 2.5244955064027104
 2.4275943323462013
 2.3275123197718721
 2.2223271943679372
 2.1091338907317252
 1.9943177288579388
 1.8707634775787896
 1.7466812899831055
 1.6144770646799054
 1.482091345246606
 1.3426738900840451
 1.2031866183724909
 1.0579499292372958
 0.91268154382734634
 0.76304043775435948
 0.61338276955780335
 0.46078342175393455
 0.30817551534164667
 0.1540891060600762
 -3.8683172651636294e-13
 -0.15408910605941542
 -0.30817551534256488
 -0.46078342175317655
 -0.61338276955868931
 -0.76304043775362818
 -0.91268154382845423
 -1.0579499292365973
 -1.2031866183733377
 -1.3426738900836823
 -1.4820913452474691
 -1.6144770646792665
 -1.7466812899838187
 -1.87076347757822
 -1.9943177288587888
 -2.1091338907313641
 -2.2223271943688578
 -2.3275123197712499
 -2.4275943323469908
 -2.5244955064023644
 -2.60521265696844
 -2.7004162005769743
 -2.7441373262785507
 -2.8606846645132458
 -2.8132900894691586
 -3.0263932809194221
 -2.7172480919754305
 -3.2680672052590509
 -2.1550275362493188
 -3.8131666999888991
 -0.17011921853631756
 -5.3885781395797299
 6.2831853071824133


# name: p
# type: matrix
# rows: 65
# columns: 1
 0.051283745090346562
 0.13441573045382768
 0.1668948670528185
 0.22629951309398896
 0.26949011816124718
 0.32073539997285871
 0.36641765963092571
 0.41407577017909647
 0.45936042347092559
 0.50456231044267719
 0.54824450075796849
 0.59105385693303836
 0.63247162447004435
 0.67263279181628799
 0.71131153397171631
 0.74848689497643794
 0.78403034673698346
 0.81787731057289736
 0.84993570939036001
 0.88013315358447697
 0.90839541826369774
 0.93465404471939029
 0.95884725936577675
 0.98091466015943152
 1.000805600254189
 1.0184694039668438
 1.0338664364919874
 1.0469565780331445
 1.0577113984151636
 1.0661018273354619
 1.0721108535993102
 1.0757207701794929
 1.0769261297362442
 1.0757207701794926
 1.0721108535993111
 1.0661018273354621
 1.0577113984151627
 1.0469565780331422
 1.0338664364919854
 1.0184694039668425
 1.0008056002541863
 0.98091466015943107
 0.95884725936577875
 0.93465404471939206
 0.90839541826369841
 0.88013315358447675
 0.84993570939035989
 0.81787731057289925
 0.78403034673698779
 0.74848689497644205
 0.7113115339717192
 0.6726327918162931
 0.63247162447004934
 0.59105385693304446
 0.54824450075797859
 0.50456231044268629
 0.45936042347093492
 0.41407577017910524
 0.36641765963093492
 0.32073539997287054
 0.26949011816125618
 0.22629951309400206
 0.16689486705282838
 0.13441573045383759
 0.051283745090354188


# name: x
# type: range
# base, limit, increment
0 1 0.015625


# name: exata
# type: matrix
# rows: 65
# columns: 1
 0
 0.049067674327418015
 0.098017140329560604
 0.14673047445536175
 0.19509032201612825
 0.24298017990326387
 0.29028467725446233
 0.33688985339222005
 0.38268343236508978
 0.42755509343028208
 0.47139673682599764
 0.51410274419322166
 0.55557023301960218
 0.59569930449243336
 0.63439328416364549
 0.67155895484701833
 0.70710678118654746
 0.74095112535495911
 0.77301045336273699
 0.80320753148064483
 0.83146961230254524
 0.85772861000027212
 0.88192126434835494
 0.90398929312344334
 0.92387953251128674
 0.94154406518302081
 0.95694033573220894
 0.97003125319454397
 0.98078528040323043
 0.98917650996478101
 0.99518472667219682
 0.99879545620517241
 1
 0.99879545620517241
 0.99518472667219693
 0.98917650996478101
 0.98078528040323043
 0.97003125319454397
 0.95694033573220894
 0.94154406518302081
 0.92387953251128674
 0.90398929312344345
 0.88192126434835505
 0.85772861000027212
 0.83146961230254546
 0.80320753148064494
 0.7730104533627371
 0.74095112535495899
 0.70710678118654757
 0.67155895484701855
 0.63439328416364549
 0.59569930449243347
 0.55557023301960218
 0.51410274419322177
 0.47139673682599786
 0.42755509343028203
 0.38268343236508989
 0.33688985339222033
 0.29028467725446239
 0.24298017990326407
 0.19509032201612861
 0.1467304744553618
 0.098017140329560826
 0.049067674327417966
 1.2246467991473532e-16


