# Created by Octave 6.2.0, Sat Jul 31 20:13:48 2021 -03 <kuroneko@kuroneko-VirtualBox>
# name: xl
# type: matrix
# rows: 129
# columns: 1
 0
 0.0078125
 0.015625
 0.0234375
 0.03125
 0.0390625
 0.046875
 0.0546875
 0.0625
 0.0703125
 0.078125
 0.0859375
 0.09375
 0.1015625
 0.109375
 0.1171875
 0.125
 0.1328125
 0.140625
 0.1484375
 0.15625
 0.1640625
 0.171875
 0.1796875
 0.1875
 0.1953125
 0.203125
 0.2109375
 0.21875
 0.2265625
 0.234375
 0.2421875
 0.25
 0.2578125
 0.265625
 0.2734375
 0.28125
 0.2890625
 0.296875
 0.3046875
 0.3125
 0.3203125
 0.328125
 0.3359375
 0.34375
 0.3515625
 0.359375
 0.3671875
 0.375
 0.3828125
 0.390625
 0.3984375
 0.40625
 0.4140625
 0.421875
 0.4296875
 0.4375
 0.4453125
 0.453125
 0.4609375
 0.46875
 0.4765625
 0.484375
 0.4921875
 0.5
 0.5078125
 0.515625
 0.5234375
 0.53125
 0.5390625
 0.546875
 0.5546875
 0.5625
 0.5703125
 0.578125
 0.5859375
 0.59375
 0.6015625
 0.609375
 0.6171875
 0.625
 0.6328125
 0.640625
 0.6484375
 0.65625
 0.6640625
 0.671875
 0.6796875
 0.6875
 0.6953125
 0.703125
 0.7109375
 0.71875
 0.7265625
 0.734375
 0.7421875
 0.75
 0.7578125
 0.765625
 0.7734375
 0.78125
 0.7890625
 0.796875
 0.8046875
 0.8125
 0.8203125
 0.828125
 0.8359375
 0.84375
 0.8515625
 0.859375
 0.8671875
 0.875
 0.8828125
 0.890625
 0.8984375
 0.90625
 0.9140625
 0.921875
 0.9296875
 0.9375
 0.9453125
 0.953125
 0.9609375
 0.96875
 0.9765625
 0.984375
 0.9921875
 1


# name: h
# type: scalar
0.015625


# name: u
# type: matrix
# rows: 129
# columns: 1
 -6.2831853071786119
 5.3919061228218306
 0.18018530881740996
 3.8394439297593217
 2.198616758538221
 3.3394511816345127
 2.8168021228614704
 3.1646438265021613
 2.9903836605515859
 3.086800047409255
 3.0193478645290486
 3.0343456539686064
 2.9979097672185056
 2.9848839265529969
 2.95571318286893
 2.9314649416538048
 2.902147545021744
 2.8719986931523893
 2.8402569539325486
 2.8059320816421152
 2.7711054269858031
 2.7332057086572052
 2.6951467116749135
 2.6539261817055331
 2.6126539256072219
 2.5682629624029709
 2.5238540881423104
 2.4764156636427002
 2.4289700040148801
 2.3786034327701868
 2.3282330437789454
 2.2750612423708265
 2.2218867661644217
 2.1660383257305398
 2.1101876431557236
 2.0517972630376993
 1.9934048538739175
 1.9326132504358109
 1.87181976532853
 1.8087734061915905
 1.7457252951339322
 1.6805760693085356
 1.6154252185790861
 1.548330077765085
 1.4812334407952334
 1.4123540235377501
 1.343473241791554
 1.2729754847890187
 1.2024764980365796
 1.1305302366066921
 1.0585828830613957
 0.98536144206456755
 0.91213904919641764
 0.83781882550198561
 0.76349779246638705
 0.68825783000487928
 0.61301720267964066
 0.53703876111087478
 0.46105980075747999
 0.38452591880235465
 0.30799166539140133
 0.23108671987503149
 0.15418155112618895
 0.077090812798831315
 -1.3601619830438947e-13
 -0.077090812797850169
 -0.15418155112681928
 -0.23108671987420615
 -0.3079916653917637
 -0.38452591880153997
 -0.46105980075808917
 -0.53703876110979798
 -0.61301720268063886
 -0.68825783000380247
 -0.76349779246726368
 -0.83781882550107589
 -0.91213904919693256
 -0.98536144206370047
 -1.0585828830621526
 -1.1305302366057115
 -1.202476498037238
 -1.2729754847880381
 -1.3434732417922488
 -1.4123540235369361
 -1.4812334407958114
 -1.5483300777641538
 -1.6154252185800497
 -1.6805760693075309
 -1.7457252951356654
 -1.8087734061902554
 -1.8718197653293434
 -1.9326132504347897
 -1.9934048538742637
 -2.0517972630367951
 -2.1101876431561628
 -2.1660383257296845
 -2.2218867661669246
 -2.2750612423676904
 -2.3282330437844503
 -2.3786034327661811
 -2.4289700040202562
 -2.4764156636386678
 -2.5238540881485592
 -2.5682629623997029
 -2.61265392561151
 -2.653926181703981
 -2.6951467116789649
 -2.7332057086544186
 -2.7711054269890982
 -2.8059320816395257
 -2.8402569539367692
 -2.8719986931507422
 -2.9021475450258238
 -2.9314649416507508
 -2.9557131828721568
 -2.9848839265511384
 -2.9979097672199178
 -3.0343456539677418
 -3.0193478645324188
 -3.086800047406594
 -2.9903836605560072
 -3.1646438264991672
 -2.8168021228662297
 -3.3394511816324015
 -2.1986167585398864
 -3.8394439297587675
 -0.18018530881510347
 -5.3919061228227436
 6.2831853071797834


# name: p
# type: matrix
# rows: 129
# columns: 1
 0.025636764069569135
 0.067206761892843067
 0.083499653107403371
 0.1133411778062294
 0.13520958045962955
 0.1612805745088608
 0.18478931223223322
 0.20954720649717859
 0.23342108785006974
 0.25759723868056977
 0.28139629395060278
 0.30518072170803734
 0.32872757967482308
 0.35214090519583985
 0.37534116461623079
 0.3983514389450083
 0.42113738377419974
 0.44369684882441607
 0.4660098744682255
 0.48806659159642635
 0.50985177920891489
 0.53135336796505928
 0.55255786953376018
 0.57345276802050094
 0.59402538530083815
 0.61426333036051217
 0.63415446610233506
 0.6536867261298519
 0.67284844954182677
 0.69162797694909706
 0.71001412221359173
 0.72799567777704011
 0.74556194994623137
 0.76270221524627091
 0.77940629528242888
 0.79566397814547585
 0.81146562434699909
 0.82680155866223659
 0.84166270344494043
 0.8560399436256797
 0.86992478517929595
 0.88330869520166433
 0.89618378372332896
 0.90854212057798345
 0.92037643885065856
 0.931679430222347
 0.94244446833641737
 0.95266488432911711
 0.96233470836475321
 0.97144792710120365
 0.97999924160529606
 0.98798330854335847
 0.99539551265024873
 1.0022311934733537
 1.0084864305341135
 1.0141572574884261
 1.0192404580890801
 1.023732769655763
 1.0276316879208294
 1.0309346617278385
 1.0336399048217106
 1.0357455837158376
 1.037250634470952
 1.0381539456873057
 1.0384551783045648
 1.0381539456873037
 1.0372506344709496
 1.0357455837158354
 1.0336399048217078
 1.030934661727835
 1.0276316879208265
 1.023732769655759
 1.0192404580890766
 1.014157257488423
 1.0084864305341101
 1.0022311934733508
 0.99539551265024517
 0.9879833085433547
 0.97999924160529273
 0.97144792710120031
 0.96233470836474966
 0.95266488432911334
 0.94244446833641349
 0.9316794302223439
 0.92037643885065568
 0.90854212057798012
 0.89618378372332663
 0.88330869520166222
 0.86992478517929683
 0.85603994362568225
 0.84166270344494087
 0.82680155866223737
 0.81146562434699854
 0.79566397814547485
 0.77940629528242789
 0.7627022152462688
 0.74556194994623604
 0.72799567777703622
 0.71001412221359084
 0.69162797694909295
 0.67284844954181877
 0.65368672612983936
 0.6341544661023214
 0.61426333036050207
 0.59402538530082394
 0.57345276802049294
 0.55255786953375752
 0.53135336796505639
 0.50985177920890878
 0.48806659159641785
 0.46600987446821829
 0.44369684882441462
 0.42113738377420357
 0.39835143894501057
 0.37534116461622841
 0.35214090519584074
 0.32872757967482019
 0.30518072170803578
 0.28139629395061028
 0.25759723868057488
 0.23342108785007659
 0.20954720649718461
 0.18478931223223968
 0.16128057450887415
 0.13520958045963771
 0.11334117780624507
 0.083499653107411004
 0.067206761892850575
 0.025636764069571518


# name: x
# type: range
# base, limit, increment
0 1 0.0078125


