# Created by Octave 6.2.0, Wed Aug 04 01:26:01 2021 -03 <kuroneko@kuroneko-VirtualBox>
# name: xl
# type: matrix
# rows: 97
# columns: 1
 0
 0.010416666666666666
 0.020833333333333332
 0.03125
 0.041666666666666664
 0.052083333333333329
 0.062499999999999993
 0.072916666666666657
 0.083333333333333329
 0.09375
 0.10416666666666667
 0.11458333333333334
 0.125
 0.13541666666666666
 0.14583333333333331
 0.15624999999999997
 0.16666666666666663
 0.17708333333333329
 0.18749999999999994
 0.1979166666666666
 0.20833333333333326
 0.21874999999999992
 0.22916666666666657
 0.23958333333333323
 0.24999999999999989
 0.26041666666666657
 0.27083333333333326
 0.28124999999999994
 0.29166666666666663
 0.30208333333333331
 0.3125
 0.32291666666666669
 0.33333333333333337
 0.34375000000000006
 0.35416666666666674
 0.36458333333333343
 0.37500000000000011
 0.3854166666666668
 0.39583333333333348
 0.40625000000000017
 0.41666666666666685
 0.42708333333333354
 0.43750000000000022
 0.44791666666666691
 0.45833333333333359
 0.46875000000000028
 0.47916666666666696
 0.48958333333333365
 0.50000000000000033
 0.51041666666666696
 0.52083333333333359
 0.53125000000000022
 0.54166666666666685
 0.55208333333333348
 0.56250000000000011
 0.57291666666666674
 0.58333333333333337
 0.59375
 0.60416666666666663
 0.61458333333333326
 0.62499999999999989
 0.63541666666666652
 0.64583333333333315
 0.65624999999999978
 0.66666666666666641
 0.67708333333333304
 0.68749999999999967
 0.6979166666666663
 0.70833333333333293
 0.71874999999999956
 0.72916666666666619
 0.73958333333333282
 0.74999999999999944
 0.76041666666666607
 0.7708333333333327
 0.78124999999999933
 0.79166666666666596
 0.80208333333333259
 0.81249999999999922
 0.82291666666666585
 0.83333333333333248
 0.84374999999999911
 0.85416666666666574
 0.86458333333333237
 0.874999999999999
 0.88541666666666563
 0.89583333333333226
 0.90624999999999889
 0.91666666666666552
 0.92708333333333215
 0.93749999999999878
 0.94791666666666541
 0.95833333333333204
 0.96874999999999867
 0.9791666666666653
 0.98958333333333193
 0.99999999999999856


# name: h
# type: scalar
0.020833333333333332


# name: u
# type: matrix
# rows: 97
# columns: 1
 -3.1415926535920824
 -3.1396186544118403
 -3.1356312700214168
 -3.1259921497029541
 -3.1157145830076196
 -3.099105808888162
 -3.0822901947217916
 -3.0589882121214385
 -3.0356149497390135
 -3.0057839841813974
 -2.9759244095234094
 -2.9397124277715223
 -2.9034853800511691
 -2.8610537954888584
 -2.8186115721964029
 -2.7701440757967366
 -2.7216675321085404
 -2.6673722944707703
 -2.6130687353857529
 -2.5531784533218942
 -2.4932803274497313
 -2.4280515219441492
 -2.3628152947696894
 -2.2925273049155832
 -2.2222323193545974
 -2.1471861351813804
 -2.0721334024476774
 -1.9926503851421791
 -1.9131612917083878
 -1.8295818003519053
 -1.7459967304519324
 -1.6586786654464318
 -1.571355543098268
 -1.4806728138609284
 -1.389985570057543
 -1.2963264939734813
 -1.2026634654048767
 -1.1064291050240003
 -1.0101913711562076
 -0.91179381678558291
 -0.81339348236754294
 -0.71325408744273755
 -0.61311251781365861
 -0.51166009459601647
 -0.41020611133152668
 -0.30787509467309282
 -0.20554313930535964
 -0.10277172632929714
 -1.3584503892142644e-13
 0.10277172632441807
 0.20554313930548351
 0.30787509466867646
 0.41020611133295432
 0.51166009459100859
 0.61311251781559395
 0.71325408743694896
 0.81339348236927211
 0.91179381678006188
 1.0101913711574324
 1.1064291050186859
 1.2026634654062283
 1.2963264939682027
 1.3899855700584929
 1.4806728138555454
 1.5713555431007702
 1.6586786654403598
 1.7459967304534938
 1.829581800346249
 1.9131612917089988
 1.9926503851366144
 2.0721334024478106
 2.1471861351759594
 2.2222323193553049
 2.2925273049095312
 2.3628152947707668
 2.4280515219385115
 2.4932803274496247
 2.5531784533172832
 2.6130687353853319
 2.6673722944655527
 2.72166753210767
 2.7701440757915425
 2.8186115721962559
 2.8610537954831496
 2.9034853800517735
 2.9397124277667626
 2.9759244095242052
 3.0057839841753613
 3.0356149497400735
 3.0589882121162129
 3.0822901947216494
 3.0991058088829764
 3.1157145830082058
 3.1259921496977756
 3.1356312700214239
 3.1396186544069171
 3.1415926535904783


# name: p
# type: matrix
# rows: 97
# columns: 1
 -2.0280638539047859e-06
 0.032719746995006342
 0.065402499350452281
 0.098017343491381526
 0.13052600570588652
 0.16289552918532718
 0.19509027914087512
 0.22707626992711158
 0.25881905172710457
 0.29028466620137033
 0.32143949179515863
 0.35225002869353134
 0.38268346931956282
 0.41270700553635603
 0.44228873456146672
 0.47139670857941074
 0.50000005062529185
 0.52806781884682652
 0.55557028942366538
 0.58247766173785986
 0.60876149085987052
 0.63439324588734802
 0.65934588210514222
 0.68359226077341717
 0.70710685304973409
 0.72986402865477795
 0.75183988388976541
 0.77301040671558918
 0.79335342092154537
 0.81284663554041514
 0.83146969680683247
 0.8492021302814633
 0.86602549180075494
 0.8819212111287984
 0.89687283268411222
 0.91086376995507223
 0.92387962640748145
 0.93590587028005701
 0.94693022573399477
 0.95694027798561765
 0.96592592445853864
 0.97387692050870034
 0.9807853800829015
 0.98664327254585915
 0.99144496213684474
 0.99518466661775173
 0.99785902465351828
 0.99946452716365086
 1.0000001016325171
 0.99946452716364875
 0.99785902465351606
 0.9951846666177504
 0.99144496213685107
 0.98664327254586781
 0.98078538008291483
 0.97387692050871322
 0.96592592445854997
 0.95694027798562997
 0.94693022573400543
 0.93590587028006766
 0.92387962640749255
 0.91086376995508422
 0.89687283268412421
 0.88192121112880895
 0.86602549180077171
 0.84920213028148095
 0.83146969680684768
 0.81284663554043268
 0.79335342092156069
 0.7730104067156045
 0.75183988388977896
 0.72986402865479072
 0.70710685304974885
 0.68359226077342872
 0.6593458821051521
 0.63439324588735968
 0.6087614908598783
 0.58247766173787219
 0.55557028942368059
 0.52806781884684084
 0.50000005062530239
 0.47139670857941751
 0.44228873456147372
 0.41270700553635814
 0.38268346931956371
 0.35225002869353661
 0.32143949179516895
 0.29028466620137622
 0.25881905172710734
 0.22707626992711749
 0.19509027914087815
 0.16289552918532771
 0.13052600570588799
 0.098017343491383593
 0.065402499350452059
 0.032719746995007126
 -2.0280638606835089e-06


# name: x
# type: range
# base, limit, increment
0 1 0.010416666666666666


