# Created by Octave 6.2.0, Sat Jul 31 20:13:47 2021 -03 <kuroneko@kuroneko-VirtualBox>
# name: xl
# type: matrix
# rows: 97
# columns: 1
 0
 0.010416666666666666
 0.020833333333333332
 0.03125
 0.041666666666666664
 0.052083333333333329
 0.062499999999999993
 0.072916666666666657
 0.083333333333333329
 0.09375
 0.10416666666666667
 0.11458333333333334
 0.125
 0.13541666666666666
 0.14583333333333331
 0.15624999999999997
 0.16666666666666663
 0.17708333333333329
 0.18749999999999994
 0.1979166666666666
 0.20833333333333326
 0.21874999999999992
 0.22916666666666657
 0.23958333333333323
 0.24999999999999989
 0.26041666666666657
 0.27083333333333326
 0.28124999999999994
 0.29166666666666663
 0.30208333333333331
 0.3125
 0.32291666666666669
 0.33333333333333337
 0.34375000000000006
 0.35416666666666674
 0.36458333333333343
 0.37500000000000011
 0.3854166666666668
 0.39583333333333348
 0.40625000000000017
 0.41666666666666685
 0.42708333333333354
 0.43750000000000022
 0.44791666666666691
 0.45833333333333359
 0.46875000000000028
 0.47916666666666696
 0.48958333333333365
 0.50000000000000033
 0.51041666666666696
 0.52083333333333359
 0.53125000000000022
 0.54166666666666685
 0.55208333333333348
 0.56250000000000011
 0.57291666666666674
 0.58333333333333337
 0.59375
 0.60416666666666663
 0.61458333333333326
 0.62499999999999989
 0.63541666666666652
 0.64583333333333315
 0.65624999999999978
 0.66666666666666641
 0.67708333333333304
 0.68749999999999967
 0.6979166666666663
 0.70833333333333293
 0.71874999999999956
 0.72916666666666619
 0.73958333333333282
 0.74999999999999944
 0.76041666666666607
 0.7708333333333327
 0.78124999999999933
 0.79166666666666596
 0.80208333333333259
 0.81249999999999922
 0.82291666666666585
 0.83333333333333248
 0.84374999999999911
 0.85416666666666574
 0.86458333333333237
 0.874999999999999
 0.88541666666666563
 0.89583333333333226
 0.90624999999999889
 0.91666666666666552
 0.92708333333333215
 0.93749999999999878
 0.94791666666666541
 0.95833333333333204
 0.96874999999999867
 0.9791666666666653
 0.98958333333333193
 0.99999999999999856


# name: h
# type: scalar
0.020833333333333332


# name: u
# type: matrix
# rows: 97
# columns: 1
 -6.2831853071820474
 5.391042751822952
 0.17757669501170054
 3.8326226272932256
 2.1873015312459838
 3.3208883830512153
 2.7908990885645131
 3.1285967441070412
 2.9441591299561596
 3.0276312719712801
 2.9472201464372896
 2.9465694030603737
 2.8944762790306329
 2.8632059212128649
 2.8157839817103203
 2.770819540550074
 2.7207800664287389
 2.6675842953887945
 2.612790195994529
 2.5532449917878042
 2.4931929052605502
 2.4280724056602034
 2.3627878564991183
 2.2925338594614417
 2.2222237075976663
 2.1471881923841267
 2.0721306995676825
 1.9926510308117231
 1.9131604433850278
 1.8295820029986076
 1.7459964641992549
 1.6586787290458198
 1.571355459534437
 1.4806728338198654
 1.3899855438302702
 1.2963265002354951
 1.2026634571734502
 1.1064291069874403
 1.0101913685727055
 0.91179381739971677
 0.81339348155739111
 0.71325408763330389
 0.61311251755964979
 0.51166009465422413
 0.41020611125253376
 0.30787509468949908
 0.20554313928201298
 0.10277172633133973
 -5.4814640136327037e-13
 -0.10277172633056691
 -0.20554313928307363
 -0.30787509468874386
 -0.41020611125370032
 -0.51166009465341555
 -0.61311251756082208
 -0.71325408763252851
 -0.81339348155852054
 -0.91179381739895204
 -1.0101913685739274
 -1.1064291069865744
 -1.2026634571746551
 -1.2963265002345705
 -1.389985543830907
 -1.4806728338189941
 -1.5713554595348109
 -1.6586787290449911
 -1.7459964641996886
 -1.8295820029976413
 -1.9131604433852232
 -1.9926510308109486
 -2.0721306995679498
 -2.1471881923834535
 -2.2222237075984377
 -2.2925338594607099
 -2.3627878565007729
 -2.42807240565898
 -2.4931929052612096
 -2.5532449917868099
 -2.6127901959949105
 -2.6675842953879845
 -2.7207800664291564
 -2.7708195405492213
 -2.8157839817109074
 -2.8632059212122032
 -2.894476279031422
 -2.946569403059379
 -2.9472201464374299
 -3.0276312719705003
 -2.9441591299568115
 -3.1285967441053528
 -2.7908990885664009
 -3.3208883830501086
 -2.1873015312470216
 -3.8326226272926345
 -0.17757669501204359
 -5.3910427518222646
 6.2831853071814701


# name: p
# type: matrix
# rows: 97
# columns: 1
 0.034184123946783336
 0.08960940807643028
 0.11131481853513808
 0.15105537101160249
 0.18011869196139224
 0.21472468554440766
 0.2458380829701742
 0.27852601078339867
 0.30992939999384639
 0.34161532395898098
 0.37266362801917585
 0.40354331110858227
 0.43394331895655586
 0.46398855735112349
 0.49355979318664156
 0.52267457863574462
 0.55127462729608545
 0.57934453334890068
 0.60684597026593334
 0.63375401355843608
 0.6600375182566609
 0.68566948387694948
 0.71062201827131244
 0.73486846303611641
 0.7583830233542036
 0.78114021970426051
 0.80311606490886012
 0.82428659424570139
 0.84462960530352627
 0.86412282196594081
 0.88274588224428585
 0.90047831636030529
 0.91730167756948122
 0.93319739709882377
 0.94814901855680789
 0.96213995589094925
 0.97515581231281179
 0.98718205620521648
 0.99820641164956747
 1.0082164639074165
 1.0172021103773283
 1.0251531064294455
 1.032061566002705
 1.0379194584662761
 1.0427211480569627
 1.0464608525380619
 1.0491352105737308
 1.0507407130839341
 1.0512762875527528
 1.0507407130839348
 1.0491352105737322
 1.0464608525380636
 1.0427211480569651
 1.037919458466279
 1.0320615660027084
 1.0251531064294495
 1.0172021103773325
 1.0082164639074211
 0.99820641164957291
 0.98718205620522237
 0.975155812312818
 0.96213995589095602
 0.94814901855681222
 0.93319739709882721
 0.91730167756948255
 0.90047831636030495
 0.88274588224428419
 0.86412282196593726
 0.84462960530351971
 0.82428659424569317
 0.80311606490885046
 0.78114021970424985
 0.75838302335419472
 0.73486846303610787
 0.71062201827130866
 0.68566948387694704
 0.66003751825665447
 0.63375401355842831
 0.60684597026592291
 0.57934453334888902
 0.55127462729607268
 0.52267457863573041
 0.49355979318662691
 0.4639885573511095
 0.43394331895654364
 0.40354331110857006
 0.37266362801916025
 0.34161532395896371
 0.30992939999383012
 0.27852601078337552
 0.24583808297015058
 0.21472468554438728
 0.18011869196137065
 0.15105537101158462
 0.11131481853512029
 0.089609408076412614
 0.03418412394676882


# name: x
# type: range
# base, limit, increment
0 1 0.010416666666666666


