# Created by Octave 6.2.0, Sat Jul 31 20:13:46 2021 -03 <kuroneko@kuroneko-VirtualBox>
# name: xl
# type: matrix
# rows: 33
# columns: 1
 0
 0.03125
 0.0625
 0.09375
 0.125
 0.15625
 0.1875
 0.21875
 0.25
 0.28125
 0.3125
 0.34375
 0.375
 0.40625
 0.4375
 0.46875
 0.5
 0.53125
 0.5625
 0.59375
 0.625
 0.65625
 0.6875
 0.71875
 0.75
 0.78125
 0.8125
 0.84375
 0.875
 0.90625
 0.9375
 0.96875
 1


# name: h
# type: scalar
0.0625


# name: u
# type: matrix
# rows: 33
# columns: 1
 -6.2831853073584192
 5.3753234167948438
 0.12974515358898883
 3.7089553120148788
 1.9821738689996862
 2.9882915312523579
 2.3286387847003951
 2.4943419556852127
 2.1368662364755751
 2.0117328260611202
 1.7221429519834603
 1.4854494888352172
 1.197075282892978
 0.91260900083468488
 0.61226495857740848
 0.30790934412854792
 -1.2221120364546632e-13
 -0.30790934412838578
 -0.61226495857767793
 -0.91260900083451635
 -1.1970752828932478
 -1.485449488835096
 -1.7221429519837483
 -2.0117328260609666
 -2.1368662364758637
 -2.4943419556850586
 -2.3286387847006527
 -2.9882915312521825
 -1.9821738689998902
 -3.7089553120147851
 -0.12974515358899283
 -5.3753234167948261
 6.283185307358421


# name: p
# type: matrix
# rows: 33
# columns: 1
 0.10264741157880081
 0.26884582282470121
 0.33295458145748341
 0.44954546180700594
 0.53160184094940333
 0.62702625528030642
 0.70795899659764083
 0.78888259881528056
 0.86058550076424756
 0.92714151741033279
 0.98529094949516871
 1.0359396727151635
 1.0778085379049076
 1.1109234993675898
 1.1347473644558297
 1.149157740166121
 1.1539694876533617
 1.1491577401661208
 1.1347473644558297
 1.1109234993675898
 1.0778085379049076
 1.0359396727151644
 0.98529094949517093
 0.92714151741033557
 0.86058550076425111
 0.788882598815285
 0.70795899659764572
 0.62702625528031153
 0.53160184094940777
 0.44954546180701205
 0.33295458145748802
 0.26884582282470632
 0.10264741157880561


# name: x
# type: range
# base, limit, increment
0 1 0.03125


# name: exata
# type: matrix
# rows: 33
# columns: 1
 0
 0.098017140329560604
 0.19509032201612825
 0.29028467725446233
 0.38268343236508978
 0.47139673682599764
 0.55557023301960218
 0.63439328416364549
 0.70710678118654746
 0.77301045336273699
 0.83146961230254524
 0.88192126434835494
 0.92387953251128674
 0.95694033573220894
 0.98078528040323043
 0.99518472667219682
 1
 0.99518472667219693
 0.98078528040323043
 0.95694033573220894
 0.92387953251128674
 0.88192126434835505
 0.83146961230254546
 0.7730104533627371
 0.70710678118654757
 0.63439328416364549
 0.55557023301960218
 0.47139673682599786
 0.38268343236508989
 0.29028467725446239
 0.19509032201612861
 0.098017140329560826
 1.2246467991473532e-16


