# Created by Octave 6.2.0, Wed Aug 04 01:26:00 2021 -03 <kuroneko@kuroneko-VirtualBox>
# name: xl
# type: matrix
# rows: 65
# columns: 1
 0
 0.015625
 0.03125
 0.046875
 0.0625
 0.078125
 0.09375
 0.109375
 0.125
 0.140625
 0.15625
 0.171875
 0.1875
 0.203125
 0.21875
 0.234375
 0.25
 0.265625
 0.28125
 0.296875
 0.3125
 0.328125
 0.34375
 0.359375
 0.375
 0.390625
 0.40625
 0.421875
 0.4375
 0.453125
 0.46875
 0.484375
 0.5
 0.515625
 0.53125
 0.546875
 0.5625
 0.578125
 0.59375
 0.609375
 0.625
 0.640625
 0.65625
 0.671875
 0.6875
 0.703125
 0.71875
 0.734375
 0.75
 0.765625
 0.78125
 0.796875
 0.8125
 0.828125
 0.84375
 0.859375
 0.875
 0.890625
 0.90625
 0.921875
 0.9375
 0.953125
 0.96875
 0.984375
 1


# name: h
# type: scalar
0.03125


# name: u
# type: matrix
# rows: 65
# columns: 1
 -3.1415926535915499
 -3.1371540421662591
 -3.1281737935451606
 -3.1065362223961412
 -3.083440588008854
 -3.0462846310946792
 -3.0086391981285856
 -2.9567847489329329
 -2.9047459092503694
 -2.838837376721064
 -2.7728415893628067
 -2.6935592252871756
 -2.6142217579861984
 -2.5223433806768192
 -2.4304219228278474
 -2.3268368550184677
 -2.2232146600372338
 -2.1089218898180704
 -1.9945962682220884
 -1.8706969391306452
 -1.7467687120904944
 -1.6144561810225233
 -1.4821187832611329
 -1.3426673357290386
 -1.2031952293178072
 -1.0579478726490945
 -0.91268424412319182
 -0.76303979404851308
 -0.61338360964907246
 -0.46078322536984084
 -0.30817575536701891
 -0.15408906242013598
 1.7332061711764861e-12
 0.15408906241692988
 0.30817575537031394
 0.46078322536653954
 0.61338360965213667
 0.76303979404522271
 0.91268424412599014
 1.0579478726457627
 1.2031952293203234
 1.3426673357259036
 1.4821187832635907
 1.6144561810192652
 1.7467687120931668
 1.8706969391272879
 1.9945962682249447
 2.1089218898148423
 2.2232146600402021
 2.3268368550151748
 2.4304219228305155
 2.5223433806739082
 2.6142217579887896
 2.6935592252843548
 2.7728415893656559
 2.8388373767183355
 2.9047459092528363
 2.956784748930267
 3.0086391981313709
 3.0462846310922433
 3.0834405880111855
 3.1065362223940292
 3.1281737935466225
 3.1371540421645245
 3.1415926535911938


# name: p
# type: matrix
# rows: 65
# columns: 1
 -6.8216808805504659e-06
 0.049069900076424477
 0.098015049520526906
 0.1467311330584006
 0.19508975002274001
 0.24298032667898822
 0.29028461513173626
 0.33688982013943219
 0.38268356231556849
 0.42755498505102318
 0.47139695766671347
 0.51410259455522112
 0.555570511259313
 0.59569912533889735
 0.63439360727873328
 0.67155875113670538
 0.70710714297559751
 0.74095090006455155
 0.77301084937181397
 0.80320728709832701
 0.83147003841351197
 0.85772834897954886
 0.88192171636200545
 0.90398901800946363
 0.92388000604450249
 0.94154377863512972
 0.9569408262151935
 0.97003095797544614
 0.98078578310940923
 0.98917620891857228
 0.99518523675930015
 0.9987951522314058
 1.0000005125552887
 0.99879515223140736
 0.99518523675930326
 0.98917620891857727
 0.980785783109415
 0.9700309579754538
 0.95694082621520082
 0.9415437786351375
 0.92388000604450904
 0.90398901800947151
 0.88192171636201455
 0.8577283489795573
 0.83147003841352141
 0.80320728709833566
 0.77301084937182296
 0.74095090006456144
 0.70710714297560839
 0.67155875113671637
 0.63439360727874139
 0.59569912533890645
 0.55557051125932178
 0.51410259455522944
 0.47139695766672229
 0.42755498505103268
 0.38268356231557626
 0.33688982013943763
 0.29028461513174092
 0.24298032667899402
 0.19508975002274331
 0.14673113305840577
 0.098015049520526795
 0.049069900076426087
 -6.8216808897028636e-06


# name: x
# type: range
# base, limit, increment
0 1 0.015625


# name: exata
# type: matrix
# rows: 65
# columns: 1
 0
 0.049067674327418015
 0.098017140329560604
 0.14673047445536175
 0.19509032201612825
 0.24298017990326387
 0.29028467725446233
 0.33688985339222005
 0.38268343236508978
 0.42755509343028208
 0.47139673682599764
 0.51410274419322166
 0.55557023301960218
 0.59569930449243336
 0.63439328416364549
 0.67155895484701833
 0.70710678118654746
 0.74095112535495911
 0.77301045336273699
 0.80320753148064483
 0.83146961230254524
 0.85772861000027212
 0.88192126434835494
 0.90398929312344334
 0.92387953251128674
 0.94154406518302081
 0.95694033573220894
 0.97003125319454397
 0.98078528040323043
 0.98917650996478101
 0.99518472667219682
 0.99879545620517241
 1
 0.99879545620517241
 0.99518472667219693
 0.98917650996478101
 0.98078528040323043
 0.97003125319454397
 0.95694033573220894
 0.94154406518302081
 0.92387953251128674
 0.90398929312344345
 0.88192126434835505
 0.85772861000027212
 0.83146961230254546
 0.80320753148064494
 0.7730104533627371
 0.74095112535495899
 0.70710678118654757
 0.67155895484701855
 0.63439328416364549
 0.59569930449243347
 0.55557023301960218
 0.51410274419322177
 0.47139673682599786
 0.42755509343028203
 0.38268343236508989
 0.33688985339222033
 0.29028467725446239
 0.24298017990326407
 0.19509032201612861
 0.1467304744553618
 0.098017140329560826
 0.049067674327417966
 1.2246467991473532e-16


