# Created by Octave 6.2.0, Wed Aug 04 01:26:02 2021 -03 <kuroneko@kuroneko-VirtualBox>
# name: xl
# type: matrix
# rows: 129
# columns: 1
 0
 0.0078125
 0.015625
 0.0234375
 0.03125
 0.0390625
 0.046875
 0.0546875
 0.0625
 0.0703125
 0.078125
 0.0859375
 0.09375
 0.1015625
 0.109375
 0.1171875
 0.125
 0.1328125
 0.140625
 0.1484375
 0.15625
 0.1640625
 0.171875
 0.1796875
 0.1875
 0.1953125
 0.203125
 0.2109375
 0.21875
 0.2265625
 0.234375
 0.2421875
 0.25
 0.2578125
 0.265625
 0.2734375
 0.28125
 0.2890625
 0.296875
 0.3046875
 0.3125
 0.3203125
 0.328125
 0.3359375
 0.34375
 0.3515625
 0.359375
 0.3671875
 0.375
 0.3828125
 0.390625
 0.3984375
 0.40625
 0.4140625
 0.421875
 0.4296875
 0.4375
 0.4453125
 0.453125
 0.4609375
 0.46875
 0.4765625
 0.484375
 0.4921875
 0.5
 0.5078125
 0.515625
 0.5234375
 0.53125
 0.5390625
 0.546875
 0.5546875
 0.5625
 0.5703125
 0.578125
 0.5859375
 0.59375
 0.6015625
 0.609375
 0.6171875
 0.625
 0.6328125
 0.640625
 0.6484375
 0.65625
 0.6640625
 0.671875
 0.6796875
 0.6875
 0.6953125
 0.703125
 0.7109375
 0.71875
 0.7265625
 0.734375
 0.7421875
 0.75
 0.7578125
 0.765625
 0.7734375
 0.78125
 0.7890625
 0.796875
 0.8046875
 0.8125
 0.8203125
 0.828125
 0.8359375
 0.84375
 0.8515625
 0.859375
 0.8671875
 0.875
 0.8828125
 0.890625
 0.8984375
 0.90625
 0.9140625
 0.921875
 0.9296875
 0.9375
 0.9453125
 0.953125
 0.9609375
 0.96875
 0.9765625
 0.984375
 0.9921875
 1


# name: h
# type: scalar
0.015625


# name: u
# type: matrix
# rows: 129
# columns: 1
 -3.1415926535911249
 -3.140482025415265
 -3.1382398838172434
 -3.1328134521730879
 -3.1270298102903689
 -3.1176686074745601
 -3.1081932290130716
 -3.0950352945197483
 -3.0818394803282749
 -3.064952759621832
 -3.048052127608083
 -3.0274886786851569
 -3.0069188682293242
 -2.9827318008331449
 -2.958540773345856
 -2.9307894769040956
 -2.9030350106913119
 -2.8717866922395583
 -2.8405354933154219
 -2.805865543181572
 -2.7711928491657609
 -2.7331848249445465
 -2.6951741499377646
 -2.6539196271631416
 -2.6126625373588843
 -2.5682609052015324
 -2.5238567910185021
 -2.4764150179751798
 -2.4289708523321232
 -2.3786032301263207
 -2.3282333100268362
 -2.2750611787743926
 -2.2218868497214275
 -2.1660383057771351
 -2.1101876693737665
 -2.0517972567807696
 -1.9934048620964226
 -1.9326132484779432
 -1.8718197679040924
 -1.8087734055820563
 -1.7457252959368634
 -1.6805760691231812
 -1.6154252188248688
 -1.5483300777116737
 -1.4812334408662042
 -1.4123540235264476
 -1.3434732418081399
 -1.272975484790458
 -1.2024764980351523
 -1.1305302366123156
 -1.0585828830548338
 -0.98536144207165144
 -0.91213904918834177
 -0.83781882550911435
 -0.76349779245774396
 -0.68825783001173801
 -0.61301720267114301
 -0.53703876111771376
 -0.4610598007500965
 -0.38452591880893694
 -0.30799166538438688
 -0.23108671988129592
 -0.1541815511196506
 -0.077090812805096817
 7.0326984976295153e-12
 0.077090812792167188
 0.15418155113301937
 0.23108671986851234
 0.30799166539739037
 0.38452591879611203
 0.46105980076374009
 0.53703876110452242
 0.61301720268567894
 0.68825782999854379
 0.76349779247210992
 0.83781882549588327
 0.91213904920233657
 0.98536144205856147
 1.0585828830684798
 1.1305302365995904
 1.2024764980486584
 1.2729754847778316
 1.34347324182082
 1.4123540235137368
 1.481233440878988
 1.5483300776994906
 1.6154252188375409
 1.6805760691103857
 1.7457252959491061
 1.8087734055695102
 1.8718197679155673
 1.9326132484649585
 1.9934048621085303
 2.0517972567685829
 2.1101876693861055
 2.1660383057645713
 2.2218868497353199
 2.2750611787614106
 2.3282333100401194
 2.3786032301132884
 2.4289708523460196
 2.4764150179628803
 2.5238567910303802
 2.5682609051908312
 2.6126625373700865
 2.6539196271516126
 2.695174149950303
 2.7331848249329815
 2.7711928491788762
 2.805865543168836
 2.8405354933281468
 2.8717866922278206
 2.9030350107053522
 2.9307894768923939
 2.9585407733581399
 2.9827318008217745
 3.0069188682409411
 3.0274886786745601
 3.048052127619552
 3.0649527596112836
 3.081839480339744
 3.0950352945096462
 3.108193229022179
 3.1176686074648439
 3.127029810301623
 3.1328134521637274
 3.1382398838242431
 3.1404820254079939
 3.1415926535895782


# name: p
# type: matrix
# rows: 129
# columns: 1
 -8.5660262716391642e-07
 0.024541509417550986
 0.049067407054669769
 0.073564650501846851
 0.098017059103784332
 0.12241070057534303
 0.14673045269604504
 0.1709618941907447
 0.19509031998579232
 0.2191012386981413
 0.24298018511837338
 0.26671275323251903
 0.29028468578284528
 0.31368173467053356
 0.33688986398311871
 0.35989502973852905
 0.38268344460688197
 0.40524130628363653
 0.427555107172292
 0.44961132106675311
 0.47139675199707559
 0.49289818280861697
 0.51410276074489136
 0.53499760965923826
 0.55557025090824119
 0.57580818040916315
 0.59569932367377898
 0.6152315788180307
 0.63439330459111154
 0.65317283046572672
 0.67155897647127416
 0.68954053155367911
 0.70710680395546333
 0.72424706910451875
 0.74095114921367267
 0.75720883202933387
 0.77301047825376612
 0.78834641255412963
 0.80320755734401805
 0.81758479752008884
 0.83146963907596116
 0.84485354909685995
 0.8577286376192309
 0.87008697447342742
 0.8819212927463268
 0.8932242841178708
 0.90398932223200867
 0.91420973822466189
 0.92387956226032131
 0.93299278099675798
 0.94154409550085816
 0.94952816243891625
 0.95694036654580739
 0.9637760473689112
 0.97003128442967224
 0.97570211138398699
 0.9807853119846428
 0.98527762355132842
 0.98917654181639336
 0.99247951562340364
 0.99518475871727519
 0.99729043761140379
 0.99879548836651799
 0.99969879958287144
 1.000000032200131
 0.99969879958287311
 0.99879548836651966
 0.99729043761140679
 0.99518475871727863
 0.99247951562340664
 0.98917654181639847
 0.98527762355133264
 0.98078531198465013
 0.97570211138399698
 0.97003128442968301
 0.96377604736892342
 0.95694036654581993
 0.94952816243893068
 0.94154409550087292
 0.93299278099677563
 0.92387956226034007
 0.91420973822468277
 0.90398932223202888
 0.89322428411789101
 0.88192129274634812
 0.87008697447345285
 0.85772863761925922
 0.84485354909688881
 0.83146963907598959
 0.8175847975201187
 0.80320755734404603
 0.78834641255415294
 0.77301047825378688
 0.75720883202935474
 0.74095114921369398
 0.72424706910453696
 0.70710680395548442
 0.68954053155370021
 0.67155897647129337
 0.65317283046574359
 0.6343933045911283
 0.61523157881805146
 0.59569932367379552
 0.57580818040918491
 0.55557025090826517
 0.53499760965925913
 0.51410276074491468
 0.49289818280864023
 0.47139675199710002
 0.44961132106677221
 0.42755510717230549
 0.40524130628364841
 0.38268344460689618
 0.35989502973854581
 0.33688986398313137
 0.31368173467054489
 0.29028468578285249
 0.2667127532325263
 0.2429801851183801
 0.21910123869814738
 0.19509031998579818
 0.17096189419075392
 0.14673045269604737
 0.12241070057534016
 0.098017059103784429
 0.073564650501852721
 0.049067407054664579
 0.024541509417553911
 -8.5660264750614989e-07


# name: x
# type: range
# base, limit, increment
0 1 0.0078125


