# Created by Octave 6.2.0, Wed Aug 04 01:26:00 2021 -03 <kuroneko@kuroneko-VirtualBox>
# name: xl
# type: matrix
# rows: 33
# columns: 1
 0
 0.03125
 0.0625
 0.09375
 0.125
 0.15625
 0.1875
 0.21875
 0.25
 0.28125
 0.3125
 0.34375
 0.375
 0.40625
 0.4375
 0.46875
 0.5
 0.53125
 0.5625
 0.59375
 0.625
 0.65625
 0.6875
 0.71875
 0.75
 0.78125
 0.8125
 0.84375
 0.875
 0.90625
 0.9375
 0.96875
 1


# name: h
# type: scalar
0.0625


# name: u
# type: matrix
# rows: 33
# columns: 1
 -3.1415926536792202
 -3.123899362957959
 -3.0877994886550795
 -3.0023250307857188
 -2.9105860806945869
 -2.766509600786669
 -2.6200271905672117
 -2.4247354802841996
 -2.2283134453149036
 -1.9898920926229209
 -1.7508197770548517
 -1.4786133972021978
 -1.2059969618039192
 -0.91052341355691446
 -0.61481400969473665
 -0.30744588028913122
 2.2063832242717277e-13
 0.30744588028869929
 0.61481400969519517
 0.9105234135565029
 1.2059969618043522
 1.4786133972017945
 1.7508197770553788
 1.9898920926224803
 2.2283134453154658
 2.424735480283712
 2.6200271905678574
 2.7665096007862147
 2.9105860806952024
 3.002325030785288
 3.0877994886555258
 3.1238993629576628
 3.1415926536791923


# name: p
# type: matrix
# rows: 33
# columns: 1
 -5.3603150198114967e-05
 0.0980342793471949
 0.19507506588727447
 0.29028881807585333
 0.38268122723498194
 0.47139622175108764
 0.55557304021968867
 0.63439080124647806
 0.70711194320814919
 0.7730069355010587
 0.83147613047909319
 0.88191710965382364
 0.92388690495706061
 0.95693578661449596
 0.98079314420676422
 0.99517998464395441
 1.000008025781804
 0.99517998464395452
 0.98079314420676467
 0.95693578661449707
 0.92388690495706172
 0.88191710965382486
 0.83147613047909552
 0.77300693550106092
 0.70711194320815196
 0.63439080124647995
 0.55557304021969056
 0.47139622175108997
 0.38268122723498432
 0.2902888180758566
 0.19507506588727547
 0.098034279347197884
 -5.3603150200927374e-05


# name: x
# type: range
# base, limit, increment
0 1 0.03125


# name: exata
# type: matrix
# rows: 33
# columns: 1
 0
 0.098017140329560604
 0.19509032201612825
 0.29028467725446233
 0.38268343236508978
 0.47139673682599764
 0.55557023301960218
 0.63439328416364549
 0.70710678118654746
 0.77301045336273699
 0.83146961230254524
 0.88192126434835494
 0.92387953251128674
 0.95694033573220894
 0.98078528040323043
 0.99518472667219682
 1
 0.99518472667219693
 0.98078528040323043
 0.95694033573220894
 0.92387953251128674
 0.88192126434835505
 0.83146961230254546
 0.7730104533627371
 0.70710678118654757
 0.63439328416364549
 0.55557023301960218
 0.47139673682599786
 0.38268343236508989
 0.29028467725446239
 0.19509032201612861
 0.098017140329560826
 1.2246467991473532e-16


