# Created by Octave 6.2.0, Wed Aug 04 01:27:24 2021 -03 <kuroneko@kuroneko-VirtualBox>
# name: xl
# type: matrix
# rows: 49
# columns: 1
 0
 0.020833333333333332
 0.041666666666666664
 0.0625
 0.083333333333333329
 0.10416666666666666
 0.12499999999999999
 0.14583333333333331
 0.16666666666666666
 0.1875
 0.20833333333333334
 0.22916666666666669
 0.25
 0.27083333333333331
 0.29166666666666663
 0.31249999999999994
 0.33333333333333326
 0.35416666666666657
 0.37499999999999989
 0.3958333333333332
 0.41666666666666652
 0.43749999999999983
 0.45833333333333315
 0.47916666666666646
 0.49999999999999978
 0.52083333333333315
 0.54166666666666652
 0.56249999999999989
 0.58333333333333326
 0.60416666666666663
 0.625
 0.64583333333333337
 0.66666666666666674
 0.68750000000000011
 0.70833333333333348
 0.72916666666666685
 0.75000000000000022
 0.77083333333333359
 0.79166666666666696
 0.81250000000000033
 0.8333333333333337
 0.85416666666666707
 0.87500000000000044
 0.89583333333333381
 0.91666666666666718
 0.93750000000000056
 0.95833333333333393
 0.9791666666666673
 1.0000000000000007


# name: h
# type: scalar
0.0625


# name: u
# type: matrix
# rows: 49
# columns: 1
 0.079034126705279109
 -0.034973185734839186
 -0.048444655356037661
 -0.33465246886432298
 -1.6736587800276972
 -1.4846398118801825
 0.81823072224057625
 0.70387484190043526
 0.66601440225649167
 0.70385813799978547
 -0.39236733137162055
 -0.55775244079743569
 -1.1938117015877876
 -0.33185650180465892
 -0.15755494502932335
 -0.018012669282085891
 0.30092360415241437
 0.23108133401182585
 -1.02540625582687
 -0.11335727000077256
 0.036478160086705458
 -0.18457232543179192
 -1.1033476798312427
 -0.83584191013594555
 1.8636980046436804
 -0.5376122893695765
 -0.75442084822568845
 -0.35238504457134923
 -0.27089502547778466
 -0.10658235424695306
 0.4801422245126048
 -0.17569507061080003
 -0.20771754691395472
 0.15100314503321322
 0.66424976322190332
 0.72614986719889885
 0.58672730648746096
 0.093843188911705511
 0.10924559618808871
 0.78863632211995238
 -0.034912464986746272
 -0.13507807830308138
 -0.35449546439468804
 -0.14052428512079018
 -0.11607358257442968
 0.087996564686648071
 0.1405797863508127
 0.10931762113500554
 -0.32874446903583454


# name: p
# type: matrix
# rows: 49
# columns: 1
 3316264584176.3008
 -22325110118613.699
 -26146664929979.688
 302876623513873.56
 295020335373844.38
 316972650769174.81
 -21558460341809.957
 44716689697916.367
 9466215168177.627
 16473730835950.412
 110668593246736.88
 63508368551929.797
 17604013645400.133
 18002636092006.172
 15200301786949.711
 64458429116962.109
 -44015405958015.141
 12927110810900.656
 15757642951272.26
 -56972520967739.258
 -19751125622546.801
 344002008911.9472
 -17322293135528.826
 -7661280531357.9414
 -14557568566196.27
 -54353339646173.719
 -33840022869531.426
 -25635330825961.496
 2343827021792.7324
 -13843398518723.992
 13922308273551.639
 -8102529459922.5898
 7670885608384.8945
 -71775623354715.188
 -58711642079756.289
 -72456487443396.984
 58055761716187.273
 489281107166.26642
 31915802223000.594
 10476707112357.92
 -2784994953201.957
 3818744180743.7266
 10964721291374.6
 -14179614832843.646
 -1557676302258.4895
 10068852858805.215
 11978859396631.975
 11541343257866.725
 754084516138.95032


# name: x
# type: range
# base, limit, increment
0 1 0.020833333333333332


# name: exata
# type: matrix
# rows: 49
# columns: 1
 0
 0.065403129230143062
 0.13052619222005157
 0.19509032201612825
 0.25881904510252074
 0.32143946530316153
 0.38268343236508973
 0.44228869021900119
 0.49999999999999994
 0.55557023301960218
 0.60876142900872066
 0.65934581510006895
 0.70710678118654746
 0.75183980747897727
 0.79335334029123505
 0.83146961230254512
 0.86602540378443849
 0.89687274153268814
 0.92387953251128652
 0.94693012949510558
 0.9659258262890682
 0.98078528040323032
 0.99144486137381038
 0.99785892323860348
 1
 0.99785892323860359
 0.99144486137381049
 0.98078528040323054
 0.96592582628906842
 0.94693012949510569
 0.92387953251128674
 0.89687274153268837
 0.86602540378443849
 0.83146961230254512
 0.79335334029123483
 0.75183980747897716
 0.70710678118654691
 0.65934581510006829
 0.6087614290087201
 0.5555702330196014
 0.49999999999999917
 0.44228869021900014
 0.38268343236508862
 0.32143946530316009
 0.2588190451025193
 0.19509032201612686
 0.1305261922200498
 0.065403129230141341
 -2.0979813693355779e-15


