# Created by Octave 6.2.0, Sun Aug 01 13:51:10 2021 -03 <kuroneko@kuroneko-VirtualBox>
# name: xl
# type: matrix
# rows: 49
# columns: 1
 0
 0.020833333333333332
 0.041666666666666664
 0.0625
 0.083333333333333329
 0.10416666666666666
 0.12499999999999999
 0.14583333333333331
 0.16666666666666666
 0.1875
 0.20833333333333334
 0.22916666666666669
 0.25
 0.27083333333333331
 0.29166666666666663
 0.31249999999999994
 0.33333333333333326
 0.35416666666666657
 0.37499999999999989
 0.3958333333333332
 0.41666666666666652
 0.43749999999999983
 0.45833333333333315
 0.47916666666666646
 0.49999999999999978
 0.52083333333333315
 0.54166666666666652
 0.56249999999999989
 0.58333333333333326
 0.60416666666666663
 0.625
 0.64583333333333337
 0.66666666666666674
 0.68750000000000011
 0.70833333333333348
 0.72916666666666685
 0.75000000000000022
 0.77083333333333359
 0.79166666666666696
 0.81250000000000033
 0.8333333333333337
 0.85416666666666707
 0.87500000000000044
 0.89583333333333381
 0.91666666666666718
 0.93750000000000056
 0.95833333333333393
 0.9791666666666673
 1.0000000000000007


# name: h
# type: scalar
0.0625


# name: u
# type: matrix
# rows: 49
# columns: 1
 -0.067585907369377807
 0.012437482761400779
 -0.017222440366305942
 0.063312500302412533
 -0.047194895076759266
 0.031596601753000747
 -0.027278943707167172
 -0.015799681308416445
 -0.0043918186507283241
 -0.040883932251001412
 -0.0015270659061826296
 -0.012040318291853697
 0.062323838395156816
 -0.03738606350177591
 0.02819174953779802
 -0.051300422778738926
 0.01500883093757438
 -0.014735171538380915
 0.015751678933108113
 -0.012626763325531615
 0.0072567098476631342
 0.0054253220956097803
 -0.010268586113711229
 -0.00080017317043906688
 -0.0084801676758248234
 0.0057339696452416433
 -0.0026854112951436304
 -0.0057524903034682495
 0.0048614811792950796
 -0.0030859505757528521
 0.030396278703176183
 -0.00092349359204213499
 0.0086846039480887871
 -0.017520063822671572
 0.00055768061464633867
 -0.021369280584541794
 0.028838691913388781
 -0.011496203263749727
 -0.0045824401874550724
 0.0022954745434147217
 -0.0034082599851738005
 -0.014089010401144408
 0.014774937870479732
 -0.00032156200672617263
 -0.010444704684297978
 0.014476796070898912
 0.0021089456485872127
 -0.0082757863117810526
 -0.0054193648716756859


# name: p
# type: matrix
# rows: 49
# columns: 1
 -3650833767799.6655
 -668947415817.45715
 668953852957.87146
 8390277651178.3164
 -213040456714.91733
 213041122470.64917
 12225011863848.412
 1050577918638.387
 -1050577821843.4771
 -6685389800488.3574
 -105581651646.2901
 105581651494.52805
 -4784920072220.998
 344859510890.79901
 -344859510890.79852
 -10992391268255.367
 -1443693610795.0105
 1443693610795.0105
 14994093726054.818
 960854440366.35107
 -960854440366.35107
 -2301286200539.5371
 -103171673406.03323
 103171673406.03323
 -444196079230.92975
 -96463210241.267059
 96463210241.267059
 1292141705111.9121
 74188913420.711334
 -74188913420.711334
 -43258736460.886688
 59922414347.253014
 -59922414347.253014
 -1121862194711.4185
 -83864293045.322586
 83864293045.322586
 387695080104.37897
 27035844517.388474
 -27035844517.388474
 -98950121208.593735
 -17711161350.881752
 17711161350.881752
 219850783107.27097
 39649685255.992699
 -39649685255.992699
 -493843551500.57733
 -25419402583.341995
 22634572679.157471
 -61357774138.081528


# name: x
# type: range
# base, limit, increment
0 1 0.020833333333333332


# name: exata
# type: matrix
# rows: 49
# columns: 1
 0
 0.065403129230143062
 0.13052619222005157
 0.19509032201612825
 0.25881904510252074
 0.32143946530316153
 0.38268343236508973
 0.44228869021900119
 0.49999999999999994
 0.55557023301960218
 0.60876142900872066
 0.65934581510006895
 0.70710678118654746
 0.75183980747897727
 0.79335334029123505
 0.83146961230254512
 0.86602540378443849
 0.89687274153268814
 0.92387953251128652
 0.94693012949510558
 0.9659258262890682
 0.98078528040323032
 0.99144486137381038
 0.99785892323860348
 1
 0.99785892323860359
 0.99144486137381049
 0.98078528040323054
 0.96592582628906842
 0.94693012949510569
 0.92387953251128674
 0.89687274153268837
 0.86602540378443849
 0.83146961230254512
 0.79335334029123483
 0.75183980747897716
 0.70710678118654691
 0.65934581510006829
 0.6087614290087201
 0.5555702330196014
 0.49999999999999917
 0.44228869021900014
 0.38268343236508862
 0.32143946530316009
 0.2588190451025193
 0.19509032201612686
 0.1305261922200498
 0.065403129230141341
 -2.0979813693355779e-15


