# Created by Octave 6.2.0, Sun Aug 01 13:51:10 2021 -03 <kuroneko@kuroneko-VirtualBox>
# name: xl
# type: matrix
# rows: 97
# columns: 1
 0
 0.010416666666666666
 0.020833333333333332
 0.03125
 0.041666666666666664
 0.052083333333333329
 0.062499999999999993
 0.072916666666666657
 0.083333333333333329
 0.09375
 0.10416666666666667
 0.11458333333333334
 0.125
 0.13541666666666666
 0.14583333333333331
 0.15624999999999997
 0.16666666666666663
 0.17708333333333329
 0.18749999999999994
 0.1979166666666666
 0.20833333333333326
 0.21874999999999992
 0.22916666666666657
 0.23958333333333323
 0.24999999999999989
 0.26041666666666657
 0.27083333333333326
 0.28124999999999994
 0.29166666666666663
 0.30208333333333331
 0.3125
 0.32291666666666669
 0.33333333333333337
 0.34375000000000006
 0.35416666666666674
 0.36458333333333343
 0.37500000000000011
 0.3854166666666668
 0.39583333333333348
 0.40625000000000017
 0.41666666666666685
 0.42708333333333354
 0.43750000000000022
 0.44791666666666691
 0.45833333333333359
 0.46875000000000028
 0.47916666666666696
 0.48958333333333365
 0.50000000000000033
 0.51041666666666696
 0.52083333333333359
 0.53125000000000022
 0.54166666666666685
 0.55208333333333348
 0.56250000000000011
 0.57291666666666674
 0.58333333333333337
 0.59375
 0.60416666666666663
 0.61458333333333326
 0.62499999999999989
 0.63541666666666652
 0.64583333333333315
 0.65624999999999978
 0.66666666666666641
 0.67708333333333304
 0.68749999999999967
 0.6979166666666663
 0.70833333333333293
 0.71874999999999956
 0.72916666666666619
 0.73958333333333282
 0.74999999999999944
 0.76041666666666607
 0.7708333333333327
 0.78124999999999933
 0.79166666666666596
 0.80208333333333259
 0.81249999999999922
 0.82291666666666585
 0.83333333333333248
 0.84374999999999911
 0.85416666666666574
 0.86458333333333237
 0.874999999999999
 0.88541666666666563
 0.89583333333333226
 0.90624999999999889
 0.91666666666666552
 0.92708333333333215
 0.93749999999999878
 0.94791666666666541
 0.95833333333333204
 0.96874999999999867
 0.9791666666666653
 0.98958333333333193
 0.99999999999999856


# name: h
# type: scalar
0.03125


# name: u
# type: matrix
# rows: 97
# columns: 1
 -0.01858877133613434
 0.0042720913551476053
 -0.0041544413668026959
 0.0070833642584514061
 -0.0057216743489441925
 0.0057941639032419168
 -0.0058748782599086762
 0.0019341551217555691
 0.0022136975982123171
 -0.0034522333169991447
 0.0057961210520488136
 0.0048873827300353404
 0.0041380198181369052
 -0.0019517214305902891
 0.0061591479840105191
 -0.015221739791925291
 0.00076564457738438445
 -0.0040267862504019675
 -0.0061185361014497869
 -0.0034130195375732626
 -0.0015967542072151779
 0.0011463733651082553
 0.00049770775256108291
 0.0042164173204601255
 -0.00054833316299020447
 -0.00087189794250192021
 0.0025728618323149766
 -0.0059768333227251877
 0.00095363320973675288
 1.831678337521625e-05
 -0.0048273827105561606
 0.003140200036519783
 0.00093716481391530743
 0.0042306677005256796
 -0.0024124369381601923
 0.0036138718877847253
 -0.010325317096301176
 0.0007860260709504005
 -0.0039456787908378477
 0.0015462934329694353
 0.00080754492385184951
 0.0022190349434016571
 0.0021019400063105806
 -0.0015953559974086623
 0.00081257664058687062
 0.0034942842992729539
 9.8501421634672459e-05
 0.002475804851649166
 -0.0047078769961846137
 0.0021270570601816183
 -0.0020305785419499761
 0.0049243043365485711
 0.00090537444226149871
 0.0023394157453492798
 0.003683372514556589
 0.0014107457337053375
 0.0016632345754857558
 0.00043042582588492112
 -0.00069874750390495205
 -0.0015879502792719991
 -0.00018023512985007248
 0.0025622022027757055
 -0.00076777084344466229
 0.0010983650365176609
 7.9509275511148794e-05
 -0.0016891950073709729
 0.0012015291777816087
 0.001802782763031259
 -0.0010453460142549886
 -0.00054236528735392489
 0.0013209005190642411
 -0.003127901956280793
 0.009086556580438665
 -0.0015934515250768874
 0.00095244799323727491
 0.00059485709388386689
 0.00071372194408510171
 -0.0030240261918443941
 0.0029028912834898708
 -0.0014122860055850676
 -0.0030125223365079588
 0.0020078791834910827
 -0.0018522651878598246
 -0.0041631067348564107
 0.0062208402121230501
 -0.0016447401999632031
 -0.0017986222952991711
 0.0048819813180637946
 -0.00013544678817516986
 -0.0019571247865105769
 0.0056037757648653187
 5.4305793048700924e-05
 -0.001225401761407718
 -0.00018017105358825983
 0.0018282964432583748
 -0.0036995688935619123
 0.0016067936657398352


# name: p
# type: matrix
# rows: 97
# columns: 1
 1620754635639.3662
 135259015704.40125
 -135259015703.57816
 -813907647032.44775
 -43024085306.420105
 43024085306.371056
 -39474111517.327972
 45114041087.954346
 -45114041087.89621
 -851526851099.98315
 -77866089685.403168
 77866089685.403046
 550062763237.27271
 91144097018.702988
 -91144097018.702621
 -1090530983099.3779
 -73956917416.948898
 73956917416.948914
 240693530405.70221
 18330802656.300697
 -18330802656.30069
 -89260917407.7108
 -3410707895.1356735
 3410707895.1356688
 -27868175295.26902
 -8828881259.2036171
 8828881259.2036076
 131051687370.39589
 13454055535.713966
 -13454055535.713966
 -111121312272.45532
 -18390206536.770454
 18390206536.770309
 219902405389.41119
 13106804634.617325
 -13106804634.617325
 -16020078033.700953
 -3715069548.4522285
 3715069548.4522285
 50851173838.439095
 2930805143.9745622
 -2930805143.9745622
 -1903318753.1030095
 -3020195891.9367414
 3020195891.9367414
 52460207301.758179
 3803668820.754003
 -3803668820.754003
 -16005831471.813869
 -12979735.746110693
 12979735.746110693
 -15772196228.383749
 -493553865.05993778
 493553865.05993778
 -6888226657.3050728
 -326463378.57379615
 326463378.57379615
 -1011885842.9768696
 -87111163.283060342
 87111163.283060342
 556115096.11851299
 -554970996.21865499
 554970996.21865499
 10545593028.054531
 961210529.40405989
 -961210529.40405989
 -6756196501.2185116
 -235840210.90257868
 235840210.90257868
 -2511072704.9718599
 -97592525.373080283
 97592525.373080283
 -754407248.25611794
 -112094253.1114842
 112094253.1114842
 1263289307.7506242
 -23557830.765472077
 23557830.765472077
 1687330261.5293655
 94418443.736921668
 -94418443.736921668
 -12201725.735289657
 -16339602.712169211
 16339602.712169211
 281911123.08407605
 43684259.464770123
 -43684259.464770123
 -504405547.28155702
 -3420756.6983649274
 3420756.6983649274
 -442831926.71076393
 -26763329.68994711
 26763329.68994711
 38908007.70866669
 -1383384851.3953838
 -1458616706.4980037
 -638178688.21432722


# name: x
# type: range
# base, limit, increment
0 1 0.010416666666666666


