# Created by Octave 6.2.0, Wed Aug 04 01:27:27 2021 -03 <kuroneko@kuroneko-VirtualBox>
# name: xl
# type: matrix
# rows: 145
# columns: 1
 0
 0.0069444444444444441
 0.013888888888888888
 0.020833333333333332
 0.027777777777777776
 0.034722222222222224
 0.041666666666666671
 0.048611111111111119
 0.055555555555555566
 0.062500000000000014
 0.069444444444444461
 0.076388888888888909
 0.083333333333333356
 0.090277777777777804
 0.097222222222222252
 0.1041666666666667
 0.11111111111111115
 0.11805555555555559
 0.12500000000000003
 0.13194444444444448
 0.13888888888888892
 0.14583333333333337
 0.15277777777777782
 0.15972222222222227
 0.16666666666666671
 0.17361111111111116
 0.18055555555555561
 0.18750000000000006
 0.1944444444444445
 0.20138888888888895
 0.2083333333333334
 0.21527777777777785
 0.22222222222222229
 0.22916666666666674
 0.23611111111111119
 0.24305555555555564
 0.25000000000000006
 0.25694444444444448
 0.2638888888888889
 0.27083333333333331
 0.27777777777777773
 0.28472222222222215
 0.29166666666666657
 0.29861111111111099
 0.30555555555555541
 0.31249999999999983
 0.31944444444444425
 0.32638888888888867
 0.33333333333333309
 0.34027777777777751
 0.34722222222222193
 0.35416666666666635
 0.36111111111111077
 0.36805555555555519
 0.37499999999999961
 0.38194444444444403
 0.38888888888888845
 0.39583333333333287
 0.40277777777777729
 0.40972222222222171
 0.41666666666666613
 0.42361111111111055
 0.43055555555555497
 0.43749999999999939
 0.44444444444444381
 0.45138888888888823
 0.45833333333333265
 0.46527777777777707
 0.47222222222222149
 0.47916666666666591
 0.48611111111111033
 0.49305555555555475
 0.49999999999999917
 0.50694444444444364
 0.51388888888888806
 0.52083333333333248
 0.5277777777777769
 0.53472222222222132
 0.54166666666666574
 0.54861111111111016
 0.55555555555555458
 0.562499999999999
 0.56944444444444342
 0.57638888888888784
 0.58333333333333226
 0.59027777777777668
 0.5972222222222211
 0.60416666666666552
 0.61111111111110994
 0.61805555555555436
 0.62499999999999878
 0.6319444444444432
 0.63888888888888762
 0.64583333333333204
 0.65277777777777646
 0.65972222222222088
 0.6666666666666653
 0.67361111111110972
 0.68055555555555414
 0.68749999999999856
 0.69444444444444298
 0.7013888888888874
 0.70833333333333182
 0.71527777777777624
 0.72222222222222066
 0.72916666666666508
 0.7361111111111095
 0.74305555555555391
 0.74999999999999833
 0.75694444444444275
 0.76388888888888717
 0.77083333333333159
 0.77777777777777601
 0.78472222222222043
 0.79166666666666485
 0.79861111111110927
 0.80555555555555369
 0.81249999999999811
 0.81944444444444253
 0.82638888888888695
 0.83333333333333137
 0.84027777777777579
 0.84722222222222021
 0.85416666666666463
 0.86111111111110905
 0.86805555555555347
 0.87499999999999789
 0.88194444444444231
 0.88888888888888673
 0.89583333333333115
 0.90277777777777557
 0.90972222222221999
 0.91666666666666441
 0.92361111111110883
 0.93055555555555325
 0.93749999999999767
 0.94444444444444209
 0.95138888888888651
 0.95833333333333093
 0.96527777777777535
 0.97222222222221977
 0.97916666666666419
 0.98611111111110861
 0.99305555555555303
 0.99999999999999745


# name: h
# type: scalar
0.020833333333333332


# name: u
# type: matrix
# rows: 145
# columns: 1
 27.815183962362305
 5.467885417429863
 1.9983103280197108
 -3.3993914171702526
 0.050082473457496945
 -0.20722023769067732
 -6.2565052062229958
 0.64892131917306561
 1.3232923585648635
 -0.20235145108540564
 -0.93117988548251418
 -0.83979660491227603
 0.55291229138774511
 0.87217741405157767
 0.60453408752158566
 -1.9881951161317577
 0.43453048122359661
 0.51905273679699349
 -1.2292618082401532
 0.3003858809565827
 0.45896878838081534
 0.21920109695315659
 -0.80153015973883157
 -0.69004823184332054
 1.1955034442434282
 -0.0015583790030859745
 -0.29965277403061918
 -1.4978086226328742
 -0.25503806112101302
 0.15048521482185606
 2.0376668439039349
 -1.2820557282539085
 -0.91297051776200533
 5.0880260841395568
 0.78270003630314022
 -0.045338222305872478
 -2.5413173759750407
 1.6040398504846962
 0.9547743257280672
 -8.4497416834888099
 -0.79424127889069496
 -0.17194277179805795
 -3.1214295598292665
 -2.2439837757915484
 -2.4010405608141809
 -4.7834021895714613
 2.9352764029827085
 2.822116154122341
 -6.0867927865119782
 -0.84918954329259577
 0.005569684339207015
 1.6529078567270403
 0.21274238381738542
 -0.35286185163204209
 -3.5470005708847339
 0.4825038730250526
 0.57085462115446717
 -2.7519377372091185
 -1.5307305334572447
 -1.088117989442253
 1.2758811824846816
 -0.67199072832045204
 -0.36707885054784128
 4.0061787201589141
 -1.1177490693953587
 -1.5218856337751276
 0.27435595821759762
 0.25698273923899251
 0.50561159863400462
 2.2735243382368537
 0.18387718231042527
 -0.91088886468696728
 -7.8941497638830924
 0.066888361417113629
 1.0924694904865646
 1.3508749697827795
 -0.10124431591526672
 -0.13359898816463556
 1.1188088050107083
 0.127191013837745
 0.77708830276166907
 6.8936967725771474
 0.13525557804002375
 0.14000836640054537
 6.8163385162394672
 0.76288839118783391
 0.36422271261411798
 3.082438085798147
 4.5796872161853095
 4.389932433602235
 0.8627493710758426
 -1.2326089028366027
 -1.1098060901000151
 1.9236877269280417
 -1.1011274850922148
 -1.0694393330372352
 2.4420224083983899
 -2.6766837793089504
 -2.8832453528677751
 0.52558748579563863
 1.09553445662111
 1.2219667903114968
 1.3836090863825716
 -1.1546479493892967
 -1.4367731183257422
 -1.4878859672408435
 0.90361440187720976
 0.98418521875115961
 -0.67688739299096412
 1.2228706181039077
 1.2169821262369886
 -0.78344406187545934
 2.802576899528519
 2.766616821289047
 -1.3767397701740247
 0.93872503936290719
 1.064750671386719
 -0.10472486540675166
 0.82123714685440063
 0.79173493385314941
 -0.4807448536157608
 0.40086367726325989
 0.4154646098613739
 -0.12072286009788513
 -0.0042905807495117188
 0.042316317558288574
 0.35229030251502991
 -0.37155246734619141
 -0.43418669700622559
 -0.48472918570041656
 -0.17787668108940125
 -0.10609745979309082
 0.45447662472724915
 -0.12606775760650635
 -0.15427291393280029
 0.078339457511901855
 -0.70528334379196167
 -0.68891638517379761
 -0.1237722635269165
 0.6965487003326416
 0.81951087713241577
 0.96237094700336456
 -1.4204527735710144
 -1.5004388689994812
 0.29146453365683556


