# Created by Octave 6.2.0, Sun Aug 01 13:51:12 2021 -03 <kuroneko@kuroneko-VirtualBox>
# name: xl
# type: matrix
# rows: 145
# columns: 1
 0
 0.0069444444444444441
 0.013888888888888888
 0.020833333333333332
 0.027777777777777776
 0.034722222222222224
 0.041666666666666671
 0.048611111111111119
 0.055555555555555566
 0.062500000000000014
 0.069444444444444461
 0.076388888888888909
 0.083333333333333356
 0.090277777777777804
 0.097222222222222252
 0.1041666666666667
 0.11111111111111115
 0.11805555555555559
 0.12500000000000003
 0.13194444444444448
 0.13888888888888892
 0.14583333333333337
 0.15277777777777782
 0.15972222222222227
 0.16666666666666671
 0.17361111111111116
 0.18055555555555561
 0.18750000000000006
 0.1944444444444445
 0.20138888888888895
 0.2083333333333334
 0.21527777777777785
 0.22222222222222229
 0.22916666666666674
 0.23611111111111119
 0.24305555555555564
 0.25000000000000006
 0.25694444444444448
 0.2638888888888889
 0.27083333333333331
 0.27777777777777773
 0.28472222222222215
 0.29166666666666657
 0.29861111111111099
 0.30555555555555541
 0.31249999999999983
 0.31944444444444425
 0.32638888888888867
 0.33333333333333309
 0.34027777777777751
 0.34722222222222193
 0.35416666666666635
 0.36111111111111077
 0.36805555555555519
 0.37499999999999961
 0.38194444444444403
 0.38888888888888845
 0.39583333333333287
 0.40277777777777729
 0.40972222222222171
 0.41666666666666613
 0.42361111111111055
 0.43055555555555497
 0.43749999999999939
 0.44444444444444381
 0.45138888888888823
 0.45833333333333265
 0.46527777777777707
 0.47222222222222149
 0.47916666666666591
 0.48611111111111033
 0.49305555555555475
 0.49999999999999917
 0.50694444444444364
 0.51388888888888806
 0.52083333333333248
 0.5277777777777769
 0.53472222222222132
 0.54166666666666574
 0.54861111111111016
 0.55555555555555458
 0.562499999999999
 0.56944444444444342
 0.57638888888888784
 0.58333333333333226
 0.59027777777777668
 0.5972222222222211
 0.60416666666666552
 0.61111111111110994
 0.61805555555555436
 0.62499999999999878
 0.6319444444444432
 0.63888888888888762
 0.64583333333333204
 0.65277777777777646
 0.65972222222222088
 0.6666666666666653
 0.67361111111110972
 0.68055555555555414
 0.68749999999999856
 0.69444444444444298
 0.7013888888888874
 0.70833333333333182
 0.71527777777777624
 0.72222222222222066
 0.72916666666666508
 0.7361111111111095
 0.74305555555555391
 0.74999999999999833
 0.75694444444444275
 0.76388888888888717
 0.77083333333333159
 0.77777777777777601
 0.78472222222222043
 0.79166666666666485
 0.79861111111110927
 0.80555555555555369
 0.81249999999999811
 0.81944444444444253
 0.82638888888888695
 0.83333333333333137
 0.84027777777777579
 0.84722222222222021
 0.85416666666666463
 0.86111111111110905
 0.86805555555555347
 0.87499999999999789
 0.88194444444444231
 0.88888888888888673
 0.89583333333333115
 0.90277777777777557
 0.90972222222221999
 0.91666666666666441
 0.92361111111110883
 0.93055555555555325
 0.93749999999999767
 0.94444444444444209
 0.95138888888888651
 0.95833333333333093
 0.96527777777777535
 0.97222222222221977
 0.97916666666666419
 0.98611111111110861
 0.99305555555555303
 0.99999999999999745


# name: h
# type: scalar
0.020833333333333332


# name: u
# type: matrix
# rows: 145
# columns: 1
 0.00011347523727256434
 -0.00061400091097197447
 0.0018637071714156632
 -0.0024698550675872101
 6.88145383470212e-05
 0.00067030459393681362
 -0.0009820541296546156
 -0.0003762586015106762
 0.0012658467285079256
 -0.0011236608133174284
 -0.00023381301837373985
 0.0012565082342864539
 -0.0014736096682460918
 -0.00028501872333465753
 0.00098262762066619533
 -0.0011211947398543022
 -0.00035726699749617763
 0.0011151309056007569
 -0.0013927599997207597
 -0.00019469575120133632
 0.00097044516918806353
 -0.00091586180421271467
 -0.00022638873675085575
 0.0011984312164068991
 -0.0015891700562119567
 -0.00015252339228422431
 0.00076404532028388067
 -0.0009602934017075293
 -0.00028411346958344234
 0.00098127733356970486
 -0.0010487346491076313
 -0.00010792625137787115
 0.00094838368519670896
 -0.0011971712753485447
 -0.0001128639638635319
 0.00076941821037826083
 -0.0010350525939070987
 -0.0002468141300279586
 0.00068775178996322364
 -0.00077101993767097598
 -0.00024233409250700669
 0.00075546692361998669
 -0.0010492901123316284
 -0.00012021675208975444
 0.00053153772697877612
 -0.00053080349281962955
 -0.00024821635319164422
 0.00066560108953358371
 -0.00083389412859965562
 -5.8226074322376142e-05
 0.00047436501454477687
 -0.00071978967489859987
 -2.8772024707663692e-06
 0.00041904367847144831
 -0.00014370133548856703
 6.8911080054920651e-05
 0.00070054323483899686
 -0.00095619400844113543
 0.00018323223383244491
 0.00015469951717119942
 -0.00041100950583138757
 -2.5986337870063936e-05
 0.00023268906087835564
 -0.00049444274225560973
 4.1899032034833743e-05
 6.4846206044079716e-05
 3.639077653381801e-05
 -0.00011537196189868263
 0.00015476468895346887
 -3.8332541847131696e-07
 0.0001794646611843892
 0.00014730678769759968
 0.00011634606981039859
 8.8692057347075572e-05
 4.3546019912240469e-05
 1.7489900731183902e-05
 0.00010563457125842488
 -0.00012767562910884862
 -5.7674174984063017e-05
 -7.6118178427929921e-05
 -0.00040541235244705956
 0.00029316955819255709
 -4.4683344523204269e-05
 -0.00034564145539380426
 0.00072571355730069486
 -5.4001322360324788e-05
 -0.00021444903022510255
 0.00037958298297533568
 6.7294774958664307e-05
 -0.0004666973356399244
 0.00032337627869193623
 0.00019136016671273494
 -0.00056508031398197988
 0.00052329617270506111
 0.0001766821838587461
 -0.00058120249225770461
 0.00059613158745297251
 0.00031078019455352518
 -0.00060909794552690976
 0.0010382623167966628
 0.00017493322640198928
 -0.00049280110073313512
 0.00021538151224507934
 0.00017215791587596219
 -0.0011272797049439126
 0.0015396393730264621
 -6.0245730574062506e-05
 -0.00055040661118876456
 0.0005701076918245288
 0.00042388924268643718
 -0.000961879782098496
 0.001007774888740931
 0.00019886578255334797
 -0.00091409903870065534
 0.00096720339010314405
 0.00012013790560150284
 -0.0010541557165009152
 0.00096188614700398745
 0.00036687591628847827
 -0.0010236941637034036
 0.0013101831108741635
 0.00023197485447923327
 -0.00094244801364773423
 0.00095369571454395619
 0.00034946703702631865
 -0.0011587356487190448
 0.0013179668605949324
 0.00021021786135277942
 -0.0010749226846258342
 0.0012966851849545158
 0.00019856902776993479
 -0.0011338443502921791
 0.0012954442279462519
 0.00027797175943289343
 -0.0011314424844470761
 0.0013490232725076878
 0.00024813441464793806
 -0.0011388600455211062
 0.0012982931441350432
 0.00022346855557203726
 -0.0012082864956457495
 0.0015236330984003121
 0.0001936446323312635
 -0.0010459131804026467
 0.00032196619643039964


