# Created by Octave 6.2.0, Wed Aug 04 01:27:25 2021 -03 <kuroneko@kuroneko-VirtualBox>
# name: xl
# type: matrix
# rows: 97
# columns: 1
 0
 0.010416666666666666
 0.020833333333333332
 0.03125
 0.041666666666666664
 0.052083333333333329
 0.062499999999999993
 0.072916666666666657
 0.083333333333333329
 0.09375
 0.10416666666666667
 0.11458333333333334
 0.125
 0.13541666666666666
 0.14583333333333331
 0.15624999999999997
 0.16666666666666663
 0.17708333333333329
 0.18749999999999994
 0.1979166666666666
 0.20833333333333326
 0.21874999999999992
 0.22916666666666657
 0.23958333333333323
 0.24999999999999989
 0.26041666666666657
 0.27083333333333326
 0.28124999999999994
 0.29166666666666663
 0.30208333333333331
 0.3125
 0.32291666666666669
 0.33333333333333337
 0.34375000000000006
 0.35416666666666674
 0.36458333333333343
 0.37500000000000011
 0.3854166666666668
 0.39583333333333348
 0.40625000000000017
 0.41666666666666685
 0.42708333333333354
 0.43750000000000022
 0.44791666666666691
 0.45833333333333359
 0.46875000000000028
 0.47916666666666696
 0.48958333333333365
 0.50000000000000033
 0.51041666666666696
 0.52083333333333359
 0.53125000000000022
 0.54166666666666685
 0.55208333333333348
 0.56250000000000011
 0.57291666666666674
 0.58333333333333337
 0.59375
 0.60416666666666663
 0.61458333333333326
 0.62499999999999989
 0.63541666666666652
 0.64583333333333315
 0.65624999999999978
 0.66666666666666641
 0.67708333333333304
 0.68749999999999967
 0.6979166666666663
 0.70833333333333293
 0.71874999999999956
 0.72916666666666619
 0.73958333333333282
 0.74999999999999944
 0.76041666666666607
 0.7708333333333327
 0.78124999999999933
 0.79166666666666596
 0.80208333333333259
 0.81249999999999922
 0.82291666666666585
 0.83333333333333248
 0.84374999999999911
 0.85416666666666574
 0.86458333333333237
 0.874999999999999
 0.88541666666666563
 0.89583333333333226
 0.90624999999999889
 0.91666666666666552
 0.92708333333333215
 0.93749999999999878
 0.94791666666666541
 0.95833333333333204
 0.96874999999999867
 0.9791666666666653
 0.98958333333333193
 0.99999999999999856


# name: h
# type: scalar
0.03125


# name: u
# type: matrix
# rows: 97
# columns: 1
 0.12205426114678763
 -0.15578638011436141
 -0.45743682890504983
 -2.6641697939241151
 -1.6303798807240597
 -1.6451344776780186
 -2.8599800710719481
 2.1357409444605864
 1.9375786375859767
 -4.9255094740857936
 1.8417944216292175
 1.9768584597772667
 -3.4307969761886028
 1.2968081404845861
 1.8379437225859678
 1.6497771945851014
 -0.13085324756384442
 -0.24785868704718084
 -0.086826413204608599
 0.78002410110198606
 1.5383982580272124
 6.0163178864096949
 0.88101229685505444
 0.29498729104408383
 0.7524483729692506
 0.44530393821774084
 0.16724040967216069
 -1.8215033049528415
 2.0262225442527928
 1.848828460516927
 -3.5713454391511732
 1.9107434138668395
 1.8657506723937338
 -4.0860741249707679
 -0.62110558638948987
 -0.18583168080802182
 -0.6073846632232005
 -2.4206860670705694
 -2.5771516699474759
 -1.9668186543211483
 0.34807353896474069
 0.46509059799824115
 -0.89472031712561062
 -1.8880563378562911
 -1.918266869760167
 -1.6444259820224918
 0.89636948961009466
 0.69135820700913797
 -3.6634794629281942
 1.3933350338801453
 1.0786480623716628
 -6.9766952195322469
 1.1692620317025515
 2.1818437900239545
 2.0512734290254366
 1.2551818602238072
 0.78570378437139254
 -2.1619291696926481
 2.9456416995493839
 3.0206537435690848
 -1.7214776864337527
 -2.3317415689785008
 -2.4957481213511343
 -3.5241369598165964
 1.0313941743185921
 1.677351974384635
 1.778344950902305
 1.2549881914798533
 0.95147468287907344
 -1.0446205961336359
 -3.7395798870417867
 -3.7380444770741654
 -0.7679961452273858
 -0.67541224873819417
 0.065470947550353209
 5.496601516948032
 -3.591562771344269
 -3.4271097081249371
 7.1714479065757057
 -0.01114493917778718
 -0.84170966610956133
 -0.26549888255732773
 -2.2815232377979058
 -1.4024358749986801
 7.3930107893444683
 0.47222530056486184
 0.25281933509936122
 5.4585686557877127
 0.60280976267304409
 -0.0013141685841865792
 -0.25240906010463876
 2.0585156482456255
 1.9556896066978697
 -0.91073979968599417
 1.0089637168458692
 1.1686954259100908
 0.20472597190050029


# name: p
# type: matrix
# rows: 97
# columns: 1
 43056274654764.031
 160060429398418.16
 106791865576295.33
 -51146969239911.695
 -269326073723823.5
 -174538191735993.06
 206283095334344.91
 -15662775297731.754
 110532837958465.14
 -67725107588509.578
 126475224397356.17
 21390174813672.828
 76002797044999.609
 4085627532052.623
 45015634304317.727
 -13482799239250.191
 31611053670319.043
 16425801527852.854
 -145992936860981.69
 -145407707859208.44
 -149119915542287.38
 -84440259581520.391
 -168194973122548.34
 -132736500879257.27
 31099661908490.754
 9672156661076.8848
 22317470955652.793
 -3668448167150.7915
 -79800946278086.953
 -38584372082879.32
 -60374300682462.195
 41285179993658.789
 -19158635818696.18
 112679057854838.66
 -441069249805.78564
 54199753917620.219
 147225384782971.03
 -315700818532555.62
 -89004661336751.203
 233030385098229.28
 -80245180012263.375
 95795516827823.625
 -116222072028904.22
 25647863328049.457
 -49128117621169.133
 -47083833155552.273
 102953483228919.42
 23414865766740.375
 34275433703425.945
 17514851168103.971
 30251414751976.949
 -44137467988390.133
 -10041350721527.354
 -26371331756966.219
 -57062864752255.031
 52711822290487.773
 -16750508950839.842
 205286914206956.84
 -86017529350018.734
 71891457676180.438
 -15334860251849.01
 -16376662814545.162
 -13708973255145.43
 -53977049256779.281
 51709392803678.367
 2807886434497.2363
 -124927913155637.11
 137346140324243.53
 -5953243798236.1094
 93994519730071.047
 -90852670249660.375
 431563759819.80829
 114503017377010.86
 -9003052481023.2051
 57235463011525.305
 33764367233443.922
 6991432713153.2188
 19115952633256.715
 56479419354196.82
 -22489847869792.945
 3479991840727.0688
 299745709580743.69
 91848820750656.328
 211807012477442.75
 11570257969374.201
 135218477093816.92
 69010199258700.305
 90485286881488.438
 -31633262048919.875
 37618345544239.859
 -56976709421712.938
 42802198423493.633
 -12092674241679.779
 33120827944549.012
 118955475259118.39
 76411768689040.484
 26395720374827.285


# name: x
# type: range
# base, limit, increment
0 1 0.010416666666666666


