# Created by Octave 6.2.0, Tue Jul 06 14:54:19 2021 -03 <kuroneko@kuroneko-VirtualBox>
# name: xlSUPG
# type: matrix
# rows: 11
# columns: 1
 0
 0.20000000000000001
 0.40000000000000002
 0.60000000000000009
 0.80000000000000004
 1
 1.2
 1.3999999999999999
 1.5999999999999999
 1.7999999999999998
 1.9999999999999998


# name: hSUPG
# type: scalar
0.20000000000000001


# name: deltaT
# type: scalar
0.040000000000000008


# name: U
# type: matrix
# rows: 11
# columns: 32
 0 1.12332718893748e-11 7.4436160781634811e-12 4.3146969877460411e-12 2.2766325176964056e-12 1.1217674942553966e-12 5.2506845684702247e-13 2.3626525672562774e-13 1.0307538391995259e-13 4.3873125859559464e-14 1.8305004978569142e-14 7.513251299296763e-15 3.042177761510972e-15 1.2178546378285334e-15 4.8286285214060582e-16 1.8988310841439806e-16 7.4145799918071839e-17 2.8776592978041216e-17 1.1109375092914497e-17 4.2690000732567307e-18 1.6337764460465181e-18 6.230113180658747e-19 2.3681697682685172e-19 8.9762546587076876e-20 3.3937047981538072e-20 1.2801572265929117e-20 4.8190574206185142e-21 1.8107448339913663e-21 6.7924285715700817e-22 2.5440924487758496e-22 9.5156896002755636e-23 3.5546769254327428e-23
 0 -0.022271555548045413 -0.03537132335082592 -0.040914523957096133 -0.040683845579294366 -0.036385548898938302 -0.029558447712365092 -0.021512791477077034 -0.013297267900960759 -0.0056906856041978116 0.00078618480494427312 0.0058436687353983444 0.0093862586797926958 0.011470479772753872 0.012261712143570603 0.011993330876397408 0.010930638021763334 0.0093411743035862194 0.0074721783348598763 0.0055352567544746881 0.0036977691689351658 0.002080028795335925 0.00075716929746083095 -0.00023558609790863617 -0.00089552031969241351 -0.0012440688519700436 -0.0013185585937747584 -0.001164886494769556 -0.00083174580091304059 -0.00036673037471589797 0.00018564890997475105 0.00078428326821882582
 0 0.29878694107519799 0.23079907214098805 0.16745559574473839 0.11130840500427748 0.063949015683520183 0.026095860171204167 -0.0022761232417234365 -0.021780873634981827 -0.033457351006130981 -0.038609853778737005 -0.038663006330380098 -0.03503877736982218 -0.029059817736619951 -0.021880618621502788 -0.014445644972712519 -0.0074717857901218602 -0.0014512154765218728 0.0033299396092209992 0.0067619448832628567 0.0088754304708757985 0.0098031094219691254 0.0097426539595936376 0.0089233414758574953 0.007578273247633569 0.0059232179473899327 0.0041424700947154305 0.0023815377130304988 0.00074596391799610566 -0.00069486372845880314 -0.001900427750921019 -0.002850051413041284
 0 0.40005892682975219 0.4117332521434473 0.40490396171017157 0.38250240234504285 0.3480216355794768 0.3051734270983521 0.25759116683695488 0.20859230704898435 0.16100692458362545 0.11707281148676567 0.078392415511618505 0.045943177751970349 0.020130397990007928 0.0008706320831554943 -0.012306367188106888 -0.020148230957569496 -0.023572550387170651 -0.023568915463321301 -0.021115700589053113 -0.01711472685647613 -0.012344971696730378 -0.0074348552520652096 -0.0028513881321258262 0.0010963524687276857 0.0042423705233719747 0.0065405886965048728 0.0080363873455375524 0.0088357622941925146 0.0090749344505958261 0.0088931109522388963 0.0084107820578345864
 0 0.058240439712434561 0.11847428879720931 0.17601762643692767 0.22684046341514394 0.26790043758425408 0.29723953472874121 0.31397881677096456 0.31822893043580452 0.31093782795734259 0.29369840405520092 0.26853796523895296 0.23770903436536919 0.20349744565912115 0.16805949742288523 0.13329555794787473 0.10076335255620937 0.071630495969461097 0.046662877393509897 0.026243363841581283 0.010413983543646487 -0.0010657579378717981 -0.0086515805263489287 -0.012944522449642386 -0.014623583491975112 -0.014384650018075271 -0.012888061843506991 -0.010716153018712442 -0.0083415807193010245 -0.006107171359294593 -0.0042180318008319465 -0.0027463768445726276
 0 -0.0049334846335518266 -1.0502939828473328e-05 0.014779179539516733 0.038389688915384017 0.068945964920035005 0.1040152613900487 0.14089162700157612 0.17686589813650636 0.20945955934157459 0.23660754229976794 0.25678190386292277 0.26905472617491055 0.27310404542608824 0.26917083231300054 0.25797787025091523 0.24062280574564826 0.2184577978898537 0.19296727777714023 0.16565360458494918 0.13793815213870103 0.11108283931021495 0.086134544426141019 0.063892384107876302 0.044895656055033109 0.029428588735314273 0.0175372557304041 0.0090543998652555177 0.0036294341035312157 0.00076294922572128201 -0.00015335614623043336 0.00020976253419230145
 0 0.00042053055041832893 -0.00085126905864433254 -0.0020488342286449773 -0.0014323152767411842 0.0024827139939923399 0.010754995145203779 0.023915113302284473 0.041931884031801057 0.064241663000549995 0.089829348487259028 0.11734647379548423 0.14525033179303323 0.17194835855744159 0.19593371926465733 0.21590079922304969 0.23083268742428786 0.24005634222550407 0.24326458896023964 0.24050713173128715 0.23215517707556954 0.21884599280182532 0.20141480938186435 0.18082202705747241 0.15808373797394176 0.13421284033685055 0.11017596927114277 0.086867723981014083 0.065098726858011352 0.04558959091235304 0.028961152331620665 0.015713793787110002
 0 -3.5844856122045649e-05 0.00014518976178946354 9.473153634108847e-05 -0.00030700073362270879 -0.00085518354108036977 -0.001074111373981904 -0.00030668142147143121 0.002176383903772755 0.0070635820968065061 0.014900203435813501 0.026007675541447253 0.040432143311389918 0.057925703868119523 0.077959855303354419 0.099767399993966541 0.12240652012694429 0.14483915215462145 0.16601515453641327 0.18495401289787416 0.20081678125290076 0.21296232856161459 0.22098336319542974 0.22471882017893755 0.22424012273074828 0.2198104599504658 0.21181996732969918 0.20070622168098029 0.18687711377927585 0.17065775196052776 0.152280037869547 0.13192152038005237
 0 3.0522208315560064e-06 -1.8537007708970387e-05 1.1209538193869383e-05 6.0475111383641981e-05 5.1552163276201482e-05 -7.6511360790115218e-05 -0.00031530699858985442 -0.00055224781593975062 -0.0005577609273230336 4.8141683333002289e-06 0.0015490597906616778 0.00451993019440075 0.0093392814200071866 0.016349601980599471 0.025762845940061941 0.037620304215395736 0.051767927866070838 0.067849663489322393 0.085319423809958439 0.10347058971759579 0.12148081855733477 0.13846989224065853 0.15356956238147951 0.16600590493044096 0.17519394358242046 0.18083800569518504 0.1830189511726889 0.18223654933459987 0.17937229371567562 0.17555347055510062 0.17193209124121819
 0 -2.5188230163326267e-07 2.026037438367206e-06 -3.4573060537420281e-06 -5.6265106532856812e-06 4.9614886545123224e-06 2.3643684602643195e-05 3.0404795422574777e-05 -1.4377571553495372e-06 -8.9407798366824615e-05 -0.00022257983932612969 -0.00034276347519325025 -0.00032979863500191261 6.1601872732201005e-06 0.00092355764429296716 0.0027389477915853722 0.0058077021657196122 0.010497574424327099 0.017157579171976106 0.026085063106086367 0.037493659728125607 0.051483529665091739 0.068012229180575437 0.086859847705263116 0.10757853725210881 0.12942056867655219 0.15125677311716879 0.17152634352246537 0.1882828363316208 0.19939523485333324 0.20291340916487202 0.19752843922843158
 0 1.4535033522001284e-80 3.9622403281429166e-67 1.0758042141813852e-56 2.2010432769344063e-48 1.2500788026109838e-41 4.7426265711290953e-36 2.218613982414948e-31 1.9888057853983341e-27 4.7291625223286955e-24 3.8116786852254326e-21 1.2570546516311827e-18 1.9648829840834523e-16 1.635434178352792e-14 7.9582936058320875e-13 2.4424921606231163e-11 5.031357148891784e-10 7.3238429662420093e-09 7.8644357811319706e-08 6.4592800190722582e-07 4.1841418479136506e-06 2.1943014463880156e-05 9.5280939201895681e-05 0.00034926373167220936 0.0010991141423155552 0.0030133015037492107 0.0072900601384936065 0.01574037635784566 0.030635707246983449 0.054226398992859685 0.087979354788221734 0.13176128659718059


# name: x
# type: range
# base, limit, increment
0 2 0.20000000000000001


