# Created by Octave 6.2.0, Mon May 31 23:22:30 2021 -03 <kuroneko@kuroneko-VirtualBox>
# name: xl
# type: matrix
# rows: 769
# columns: 1
 0
 0.0013020833333333333
 0.0026041666666666665
 0.00390625
 0.005208333333333333
 0.0065104166666666661
 0.0078124999999999991
 0.0091145833333333322
 0.010416666666666666
 0.01171875
 0.013020833333333334
 0.014322916666666668
 0.015625
 0.016927083333333332
 0.018229166666666664
 0.019531249999999997
 0.020833333333333329
 0.022135416666666661
 0.023437499999999993
 0.024739583333333325
 0.026041666666666657
 0.02734374999999999
 0.028645833333333322
 0.029947916666666654
 0.031249999999999986
 0.032552083333333322
 0.033854166666666657
 0.035156249999999993
 0.036458333333333329
 0.037760416666666664
 0.0390625
 0.040364583333333336
 0.041666666666666671
 0.042968750000000007
 0.044270833333333343
 0.045572916666666678
 0.046875000000000014
 0.04817708333333335
 0.049479166666666685
 0.050781250000000021
 0.052083333333333356
 0.053385416666666692
 0.054687500000000028
 0.055989583333333363
 0.057291666666666699
 0.058593750000000035
 0.05989583333333337
 0.061197916666666706
 0.062500000000000042
 0.06380208333333337
 0.065104166666666699
 0.066406250000000028
 0.067708333333333356
 0.069010416666666685
 0.070312500000000014
 0.071614583333333343
 0.072916666666666671
 0.07421875
 0.075520833333333329
 0.076822916666666657
 0.078124999999999986
 0.079427083333333315
 0.080729166666666644
 0.082031249999999972
 0.083333333333333301
 0.08463541666666663
 0.085937499999999958
 0.087239583333333287
 0.088541666666666616
 0.089843749999999944
 0.091145833333333273
 0.092447916666666602
 0.093749999999999931
 0.095052083333333259
 0.096354166666666588
 0.097656249999999917
 0.098958333333333245
 0.10026041666666657
 0.1015624999999999
 0.10286458333333323
 0.10416666666666656
 0.10546874999999989
 0.10677083333333322
 0.10807291666666655
 0.10937499999999988
 0.1106770833333332
 0.11197916666666653
 0.11328124999999986
 0.11458333333333319
 0.11588541666666652
 0.11718749999999985
 0.11848958333333318
 0.1197916666666665
 0.12109374999999983
 0.12239583333333316
 0.12369791666666649
 0.12499999999999982
 0.12630208333333315
 0.12760416666666649
 0.12890624999999983
 0.13020833333333318
 0.13151041666666652
 0.13281249999999986
 0.1341145833333332
 0.13541666666666655
 0.13671874999999989
 0.13802083333333323
 0.13932291666666657
 0.14062499999999992
 0.14192708333333326
 0.1432291666666666
 0.14453124999999994
 0.14583333333333329
 0.14713541666666663
 0.14843749999999997
 0.14973958333333331
 0.15104166666666666
 0.15234375
 0.15364583333333334
 0.15494791666666669
 0.15625000000000003
 0.15755208333333337
 0.15885416666666671
 0.16015625000000006
 0.1614583333333334
 0.16276041666666674
 0.16406250000000008
 0.16536458333333343
 0.16666666666666677
 0.16796875000000011
 0.16927083333333345
 0.1705729166666668
 0.17187500000000014
 0.17317708333333348
 0.17447916666666682
 0.17578125000000017
 0.17708333333333351
 0.17838541666666685
 0.17968750000000019
 0.18098958333333354
 0.18229166666666688
 0.18359375000000022
 0.18489583333333356
 0.18619791666666691
 0.18750000000000025
 0.18880208333333359
 0.19010416666666693
 0.19140625000000028
 0.19270833333333362
 0.19401041666666696
 0.19531250000000031
 0.19661458333333365
 0.19791666666666699
 0.19921875000000033
 0.20052083333333368
 0.20182291666666702
 0.20312500000000036
 0.2044270833333337
 0.20572916666666705
 0.20703125000000039
 0.20833333333333373
 0.20963541666666707
 0.21093750000000042
 0.21223958333333376
 0.2135416666666671
 0.21484375000000044
 0.21614583333333379
 0.21744791666666713
 0.21875000000000047
 0.22005208333333381
 0.22135416666666716
 0.2226562500000005
 0.22395833333333384
 0.22526041666666718
 0.22656250000000053
 0.22786458333333387
 0.22916666666666721
 0.23046875000000056
 0.2317708333333339
 0.23307291666666724
 0.23437500000000058
 0.23567708333333393
 0.23697916666666727
 0.23828125000000061
 0.23958333333333395
 0.2408854166666673
 0.24218750000000064
 0.24348958333333398
 0.24479166666666732
 0.24609375000000067
 0.24739583333333401
 0.24869791666666735
 0.25000000000000067
 0.25130208333333398
 0.2526041666666673
 0.25390625000000061
 0.25520833333333393
 0.25651041666666724
 0.25781250000000056
 0.25911458333333387
 0.26041666666666718
 0.2617187500000005
 0.26302083333333381
 0.26432291666666713
 0.26562500000000044
 0.26692708333333376
 0.26822916666666707
 0.26953125000000039
 0.2708333333333337
 0.27213541666666702
 0.27343750000000033
 0.27473958333333365
 0.27604166666666696
 0.27734375000000028
 0.27864583333333359
 0.27994791666666691
 0.28125000000000022
 0.28255208333333354
 0.28385416666666685
 0.28515625000000017
 0.28645833333333348
 0.2877604166666668
 0.28906250000000011
 0.29036458333333343
 0.29166666666666674
 0.29296875000000006
 0.29427083333333337
 0.29557291666666669
 0.296875
 0.29817708333333331
 0.29947916666666663
 0.30078124999999994
 0.30208333333333326
 0.30338541666666657
 0.30468749999999989
 0.3059895833333332
 0.30729166666666652
 0.30859374999999983
 0.30989583333333315
 0.31119791666666646
 0.31249999999999978
 0.31380208333333309
 0.31510416666666641
 0.31640624999999972
 0.31770833333333304
 0.31901041666666635
 0.32031249999999967
 0.32161458333333298
 0.3229166666666663
 0.32421874999999961
 0.32552083333333293
 0.32682291666666624
 0.32812499999999956
 0.32942708333333287
 0.33072916666666619
 0.3320312499999995
 0.33333333333333282
 0.33463541666666613
 0.33593749999999944
 0.33723958333333276
 0.33854166666666607
 0.33984374999999939
 0.3411458333333327
 0.34244791666666602
 0.34374999999999933
 0.34505208333333265
 0.34635416666666596
 0.34765624999999928
 0.34895833333333259
 0.35026041666666591
 0.35156249999999922
 0.35286458333333254
 0.35416666666666585
 0.35546874999999917
 0.35677083333333248
 0.3580729166666658
 0.35937499999999911
 0.36067708333333243
 0.36197916666666574
 0.36328124999999906
 0.36458333333333237
 0.36588541666666569
 0.367187499999999
 0.36848958333333232
 0.36979166666666563
 0.37109374999999895
 0.37239583333333226
 0.37369791666666557
 0.37499999999999889
 0.3763020833333322
 0.37760416666666552
 0.37890624999999883
 0.38020833333333215
 0.38151041666666546
 0.38281249999999878
 0.38411458333333209
 0.38541666666666541
 0.38671874999999872
 0.38802083333333204
 0.38932291666666535
 0.39062499999999867
 0.39192708333333198
 0.3932291666666653
 0.39453124999999861
 0.39583333333333193
 0.39713541666666524
 0.39843749999999856
 0.39973958333333187
 0.40104166666666519
 0.4023437499999985
 0.40364583333333182
 0.40494791666666513
 0.40624999999999845
 0.40755208333333176
 0.40885416666666508
 0.41015624999999839
 0.41145833333333171
 0.41276041666666502
 0.41406249999999833
 0.41536458333333165
 0.41666666666666496
 0.41796874999999828
 0.41927083333333159
 0.42057291666666491
 0.42187499999999822
 0.42317708333333154
 0.42447916666666485
 0.42578124999999817
 0.42708333333333148
 0.4283854166666648
 0.42968749999999811
 0.43098958333333143
 0.43229166666666474
 0.43359374999999806
 0.43489583333333137
 0.43619791666666469
 0.437499999999998
 0.43880208333333132
 0.44010416666666463
 0.44140624999999795
 0.44270833333333126
 0.44401041666666458
 0.44531249999999789
 0.44661458333333121
 0.44791666666666452
 0.44921874999999784
 0.45052083333333115
 0.45182291666666446
 0.45312499999999778
 0.45442708333333109
 0.45572916666666441
 0.45703124999999772
 0.45833333333333104
 0.45963541666666435
 0.46093749999999767
 0.46223958333333098
 0.4635416666666643
 0.46484374999999761
 0.46614583333333093
 0.46744791666666424
 0.46874999999999756
 0.47005208333333087
 0.47135416666666419
 0.4726562499999975
 0.47395833333333082
 0.47526041666666413
 0.47656249999999745
 0.47786458333333076
 0.47916666666666408
 0.48046874999999739
 0.48177083333333071
 0.48307291666666402
 0.48437499999999734
 0.48567708333333065
 0.48697916666666397
 0.48828124999999728
