# Created by Octave 6.2.0, Mon May 31 23:22:27 2021 -03 <kuroneko@kuroneko-VirtualBox>
# name: xl
# type: matrix
# rows: 49
# columns: 1
 0
 0.020833333333333332
 0.041666666666666664
 0.0625
 0.083333333333333329
 0.10416666666666666
 0.12499999999999999
 0.14583333333333331
 0.16666666666666666
 0.1875
 0.20833333333333334
 0.22916666666666669
 0.25
 0.27083333333333331
 0.29166666666666663
 0.31249999999999994
 0.33333333333333326
 0.35416666666666657
 0.37499999999999989
 0.3958333333333332
 0.41666666666666652
 0.43749999999999983
 0.45833333333333315
 0.47916666666666646
 0.49999999999999978
 0.52083333333333315
 0.54166666666666652
 0.56249999999999989
 0.58333333333333326
 0.60416666666666663
 0.625
 0.64583333333333337
 0.66666666666666674
 0.68750000000000011
 0.70833333333333348
 0.72916666666666685
 0.75000000000000022
 0.77083333333333359
 0.79166666666666696
 0.81250000000000033
 0.8333333333333337
 0.85416666666666707
 0.87500000000000044
 0.89583333333333381
 0.91666666666666718
 0.93750000000000056
 0.95833333333333393
 0.9791666666666673
 1.0000000000000007


# name: h
# type: scalar
0.0625


# name: u
# type: matrix
# rows: 49
# columns: 1
 1
 953.69752526659931
 968.04045403384464
 130.33463570062776
 112.65108678036897
 103.65734698244719
 49.407002628315645
 34.727124737257007
 31.360014783329689
 19.106995896312569
 13.391033489684894
 12.09131371621506
 7.4113713929433747
 4.711437003309479
 4.0894632338499441
 1.81469260064292
 0.33921276588931365
 -0.0047336204853821329
 -1.2801092046059759
 -2.1713168738395145
 -2.3810021971718922
 -3.1667689741274576
 -3.7439634265580679
 -3.8807467076346129
 -4.3974397481734124
 -4.7897708267158645
 -4.8832644574600872
 -5.2385910645651448
 -5.5137493231687822
 -5.5796012168291043
 -5.8310299536551273
 -6.0270757999881646
 -6.0741426303470281
 -6.2544519415922002
 -6.3939763493276836
 -6.4275426332151442
 -6.556408784653474
 -6.6533957736196516
 -6.6767424187962563
 -6.7664232515877041
 -6.8300240440873337
 -6.8450692676341367
 -6.9017549677753056
 -6.9527115289203261
 -6.9483089187141811
 -6.8619944210445318
 -7.9131576362807596
 -7.0403502093800183
 1.0000004915325686


# name: x
# type: range
# base, limit, increment
0 1 0.020833333333333332


# name: exata
# type: matrix
# rows: 49
# columns: 1
 1
 0.97917570891203709
 0.95840567129629628
 0.937744140625
 0.91724537037037035
 0.89696361400462965
 0.876953125
 0.85726815682870372
 0.83796296296296302
 0.819091796875
 0.80070891203703698
 0.78286856192129628
 0.765625
 0.74903247974537046
 0.73314525462962965
 0.718017578125
 0.70370370370370372
 0.69025788483796302
 0.677734375
 0.66618742766203709
 0.65567129629629639
 0.646240234375
 0.63794849537037046
 0.63085033275462976
 0.625
 0.62045175057870372
 0.61725983796296302
 0.615478515625
 0.61516203703703698
 0.61636465567129628
 0.619140625
 0.62354419849537046
 0.62962962962962965
 0.637451171875
 0.64706307870370372
 0.65851960358796302
 0.67187500000000022
 0.6871835214120372
 0.7044994212962965
 0.72387695312500033
 0.74537037037037079
 0.76903392650463009
 0.79492187500000056
 0.82308846932870439
 0.8535879629629638
 0.88647460937500089
 0.92180266203703809
 0.9596263744212975
 1.0000000000000013


