# Created by Octave 6.2.0, Mon May 31 17:48:41 2021 -03 <kuroneko@kuroneko-VirtualBox>
# name: xl
# type: matrix
# rows: 1
# columns: 2049
 0 0.005208333333333333 0.010416666666666666 0.015625 0.020833333333333332 0.026041666666666664 0.031249999999999997 0.036458333333333329 0.041666666666666664 0.046875 0.052083333333333336 0.057291666666666671 0.0625 0.067708333333333329 0.072916666666666657 0.078124999999999986 0.083333333333333315 0.088541666666666644 0.093749999999999972 0.098958333333333301 0.10416666666666663 0.10937499999999996 0.11458333333333329 0.11979166666666662 0.12499999999999994 0.13020833333333329 0.13541666666666663 0.14062499999999997 0.14583333333333331 0.15104166666666666 0.15625 0.16145833333333334 0.16666666666666669 0.17187500000000003 0.17708333333333337 0.18229166666666671 0.18750000000000006 0.1927083333333334 0.19791666666666674 0.20312500000000008 0.20833333333333343 0.21354166666666677 0.21875000000000011 0.22395833333333345 0.2291666666666668 0.23437500000000014 0.23958333333333348 0.24479166666666682 0.25000000000000017 0.25520833333333348 0.2604166666666668 0.26562500000000011 0.27083333333333343 0.27604166666666674 0.28125000000000006 0.28645833333333337 0.29166666666666669 0.296875 0.30208333333333331 0.30729166666666663 0.31249999999999994 0.31770833333333326 0.32291666666666657 0.32812499999999989 0.3333333333333332 0.33854166666666652 0.34374999999999983 0.34895833333333315 0.35416666666666646 0.35937499999999978 0.36458333333333309 0.36979166666666641 0.37499999999999972 0.38020833333333304 0.38541666666666635 0.39062499999999967 0.39583333333333298 0.4010416666666663 0.40624999999999961 0.41145833333333293 0.41666666666666624 0.42187499999999956 0.42708333333333287 0.43229166666666619 0.4374999999999995 0.44270833333333282 0.44791666666666613 0.45312499999999944 0.45833333333333276 0.46354166666666607 0.46874999999999939 0.4739583333333327 0.47916666666666602 0.48437499999999933 0.48958333333333265 0.49479166666666596 0.49999999999999928 0.50520833333333259 0.51041666666666596 0.51562499999999933 0.5208333333333327 0.52604166666666607 0.53124999999999944 0.53645833333333282 0.54166666666666619 0.54687499999999956 0.55208333333333293 0.5572916666666663 0.56249999999999967 0.56770833333333304 0.57291666666666641 0.57812499999999978 0.58333333333333315 0.58854166666666652 0.59374999999999989 0.59895833333333326 0.60416666666666663 0.609375 0.61458333333333337 0.61979166666666674 0.62500000000000011 0.63020833333333348 0.63541666666666685 0.64062500000000022 0.64583333333333359 0.65104166666666696 0.65625000000000033 0.6614583333333337 0.66666666666666707 0.67187500000000044 0.67708333333333381 0.68229166666666718 0.68750000000000056 0.69270833333333393 0.6979166666666673 0.70312500000000067 0.70833333333333404 0.71354166666666741 0.71875000000000078 0.72395833333333415 0.72916666666666752 0.73437500000000089 0.73958333333333426 0.74479166666666763 0.750000000000001 0.75520833333333437 0.76041666666666774 0.76562500000000111 0.77083333333333448 0.77604166666666785 0.78125000000000122 0.78645833333333459 0.79166666666666796 0.79687500000000133 0.8020833333333347 0.80729166666666807 0.81250000000000144 0.81770833333333481 0.82291666666666818 0.82812500000000155 0.83333333333333492 0.83854166666666829 0.84375000000000167 0.84895833333333504 0.85416666666666841 0.85937500000000178 0.86458333333333515 0.86979166666666852 0.87500000000000189 0.88020833333333526 0.88541666666666863 0.890625000000002 0.89583333333333537 0.90104166666666874 0.90625000000000211 0.91145833333333548 0.91666666666666885 0.92187500000000222 0.92708333333333559 0.93229166666666896 0.93750000000000233 0.9427083333333357 0.94791666666666907 0.95312500000000244 0.95833333333333581 0.96354166666666918 0.96875000000000255 0.97395833333333592 0.97916666666666929 0.98437500000000266 0.98958333333333603 0.99479166666666941 1.0000000000000027 0.09423828125 0.0947265625 0.09521484375 0.095703125 0.09619140625 0.0966796875 0.09716796875 0.09765625 0.09814453125 0.0986328125 0.09912109375 0.099609375 0.10009765625 0.1005859375 0.10107421875 0.1015625 0.10205078125 0.1025390625 0.10302734375 0.103515625 0.10400390625 0.1044921875 0.10498046875 0.10546875 0.10595703125 0.1064453125 0.10693359375 0.107421875 0.10791015625 0.1083984375 0.10888671875 0.109375 0.10986328125 0.1103515625 0.11083984375 0.111328125 0.11181640625 0.1123046875 0.11279296875 0.11328125 0.11376953125 0.1142578125 0.11474609375 0.115234375 0.11572265625 0.1162109375 0.11669921875 0.1171875 0.11767578125 0.1181640625 0.11865234375 0.119140625 0.11962890625 0.1201171875 0.12060546875 0.12109375 0.12158203125 0.1220703125 0.12255859375 0.123046875 0.12353515625 0.1240234375 0.12451171875 0.125 0.12548828125 0.1259765625 0.12646484375 0.126953125 0.12744140625 0.1279296875 0.12841796875 0.12890625 0.12939453125 0.1298828125 0.13037109375 0.130859375 0.13134765625 0.1318359375 0.13232421875 0.1328125 0.13330078125 0.1337890625 0.13427734375 0.134765625 0.13525390625 0.1357421875 0.13623046875 0.13671875 0.13720703125 0.1376953125 0.13818359375 0.138671875 0.13916015625 0.1396484375 0.14013671875 0.140625 0.14111328125 0.1416015625 0.14208984375 0.142578125 0.14306640625 0.1435546875 0.14404296875 0.14453125 0.14501953125 0.1455078125 0.14599609375 0.146484375 0.14697265625 0.1474609375 0.14794921875 0.1484375 0.14892578125 0.1494140625 0.14990234375 0.150390625 0.15087890625 0.1513671875 0.15185546875 0.15234375 0.15283203125 0.1533203125 0.15380859375 0.154296875 0.15478515625 0.1552734375 0.15576171875 0.15625 0.15673828125 0.1572265625 0.15771484375 0.158203125 0.15869140625 0.1591796875 0.15966796875 0.16015625 0.16064453125 0.1611328125 0.16162109375 0.162109375 0.16259765625 0.1630859375 0.16357421875 0.1640625 0.16455078125 0.1650390625 0.16552734375 0.166015625 0.16650390625 0.1669921875 0.16748046875 0.16796875 0.16845703125 0.1689453125 0.16943359375 0.169921875 0.17041015625 0.1708984375 0.17138671875 0.171875 0.17236328125 0.1728515625 0.17333984375 0.173828125 0.17431640625 0.1748046875 0.17529296875 0.17578125 0.17626953125 0.1767578125 0.17724609375 0.177734375 0.17822265625 0.1787109375 0.17919921875 0.1796875 0.18017578125 0.1806640625 0.18115234375 0.181640625 0.18212890625 0.1826171875 0.18310546875 0.18359375 0.18408203125 0.1845703125 0.18505859375 0.185546875 0.18603515625 0.1865234375 0.18701171875 0.1875 0.18798828125 0.1884765625 0.18896484375 0.189453125 0.18994140625 0.1904296875 0.19091796875 0.19140625 0.19189453125 0.1923828125 0.19287109375 0.193359375 0.19384765625 0.1943359375 0.19482421875 0.1953125 0.19580078125 0.1962890625 0.19677734375 0.197265625 0.19775390625 0.1982421875 0.19873046875 0.19921875 0.19970703125 0.2001953125 0.20068359375 0.201171875 0.20166015625 0.2021484375 0.20263671875 0.203125 0.20361328125 0.2041015625 0.20458984375 0.205078125 0.20556640625 0.2060546875 0.20654296875 0.20703125 0.20751953125 0.2080078125 0.20849609375 0.208984375 0.20947265625 0.2099609375 0.21044921875 0.2109375 0.21142578125 0.2119140625 0.21240234375 0.212890625 0.21337890625 0.2138671875 0.21435546875 0.21484375 0.21533203125 0.2158203125 0.21630859375 0.216796875 0.21728515625 0.2177734375 0.21826171875 0.21875 0.21923828125 0.2197265625 0.22021484375 0.220703125 0.22119140625 0.2216796875 0.22216796875 0.22265625 0.22314453125 0.2236328125 0.22412109375 0.224609375 0.22509765625 0.2255859375 0.22607421875 0.2265625 0.22705078125 0.2275390625 0.22802734375 0.228515625 0.22900390625 0.2294921875 0.22998046875 0.23046875 0.23095703125 0.2314453125 0.23193359375 0.232421875 0.23291015625 0.2333984375 0.23388671875 0.234375 0.23486328125 0.2353515625 0.23583984375 0.236328125 0.23681640625 0.2373046875 0.23779296875 0.23828125 0.23876953125 0.2392578125 0.23974609375 0.240234375 0.24072265625 0.2412109375 0.24169921875 0.2421875 0.24267578125 0.2431640625 0.24365234375 0.244140625 0.24462890625 0.2451171875 0.24560546875 0.24609375 0.24658203125 0.2470703125 