# Created by Octave 6.2.0, Wed Aug 04 01:49:35 2021 -03 <kuroneko@kuroneko-VirtualBox>
# name: erro
# type: matrix
# rows: 4
# columns: 1
 2.5737399860133978e-05
 3.2186686872652503e-06
 9.5376087433130723e-07
 4.0237984732793146e-07


# name: hh
# type: matrix
# rows: 4
# columns: 1
 0.0625
 0.03125
 0.020833333333333332
 0.015625


