# Created by Octave 6.2.0, Wed Aug 04 01:49:40 2021 -03 <kuroneko@kuroneko-VirtualBox>
# name: erro
# type: matrix
# rows: 4
# columns: 1
 5166304916595.1807
 3566804876.6760998
 622431766758.70996
 279488881660.1662


# name: hh
# type: matrix
# rows: 4
# columns: 1
 0.0625
 0.03125
 0.020833333333333332
 0.015625


