# Created by Octave 6.3.0, Sat Sep 25 16:16:30 2021 -03 <kuroneko@kuroneko-VirtualBox>
# name: erro
# type: matrix
# rows: 4
# columns: 1
 7.1713974553429068e-05
 2.8205475093748663e-07
 1.1022480730426876e-09
 2.248649109969843e-11


# name: derro
# type: matrix
# rows: 4
# columns: 1
 9.4190517189756941e-05
 3.9707803186208944e-07
 1.5583710932191766e-09
 6.1223964411218925e-12


# name: hh
# type: matrix
# rows: 4
# columns: 1
 0.25
 0.0625
 0.015625
 0.00390625


