# Created by Octave 6.3.0, Sat Sep 25 16:16:18 2021 -03 <kuroneko@kuroneko-VirtualBox>
# name: erro
# type: matrix
# rows: 4
# columns: 1
 0.0016634394648078817
 2.6216660622236427e-05
 4.0985599557277466e-07
 6.4042403549648384e-09


# name: derro
# type: matrix
# rows: 4
# columns: 1
 0.00083905673650039553
 3.3894141737275401e-06
 1.3267606616752931e-08
 5.1733452575167322e-11


# name: hh
# type: matrix
# rows: 4
# columns: 1
 0.25
 0.0625
 0.015625
 0.00390625


