# Created by Octave 6.3.0, Sat Sep 25 16:16:13 2021 -03 <kuroneko@kuroneko-VirtualBox>
# name: erro
# type: matrix
# rows: 4
# columns: 1
 0.038037751305804071
 0.0024024926424249648
 0.00015025645521351164
 9.3914265671749732e-06


# name: derro
# type: matrix
# rows: 4
# columns: 1
 0.051454926120359581
 0.0033883276745257812
 0.00021245841155451668
 1.3281335136464484e-05


# name: hh
# type: matrix
# rows: 4
# columns: 1
 0.25
 0.0625
 0.015625
 0.00390625


