# Created by Octave 6.3.0, Fri Sep 24 18:13:56 2021 -03 <kuroneko@kuroneko-VirtualBox>
# name: beta
# type: scalar
0


# name: Lambda
# type: matrix
# rows: 17
# columns: 17
 1 0 0 0 0 0 0 0 0 0 0 0 0 0 0 0 0
 0.98078528040323043 0 0 0 0 0 0 0 0 0 0 0 0 0 0 0 0
 0.92387953251128674 0 0 0 0 0 0 0 0 0 0 0 0 0 0 0 0
 0.83146961230254524 0 0 0 0 0 0 0 0 0 0 0 0 0 0 0 0
 0.70710678118654757 0 0 0 0 0 0 0 0 0 0 0 0 0 0 0 0
 0.55557023301960229 0 0 0 0 0 0 0 0 0 0 0 0 0 0 0 0
 0.38268343236508984 0 0 0 0 0 0 0 0 0 0 0 0 0 0 0 0
 0.19509032201612833 0 0 0 0 0 0 0 0 0 0 0 0 0 0 0 0
 6.123233995736766e-17 0 0 0 0 0 0 0 0 0 0 0 0 0 0 0 0
 -0.19509032201612819 0 0 0 0 0 0 0 0 0 0 0 0 0 0 0 0
 -0.38268343236508973 0 0 0 0 0 0 0 0 0 0 0 0 0 0 0 0
 -0.55557023301960196 0 0 0 0 0 0 0 0 0 0 0 0 0 0 0 0
 -0.70710678118654746 0 0 0 0 0 0 0 0 0 0 0 0 0 0 0 0
 -0.83146961230254535 0 0 0 0 0 0 0 0 0 0 0 0 0 0 0 0
 -0.92387953251128674 0 0 0 0 0 0 0 0 0 0 0 0 0 0 0 0
 -0.98078528040323043 0 0 0 0 0 0 0 0 0 0 0 0 0 0 0 0
 -1 0 0 0 0 0 0 0 0 0 0 0 0 0 0 0 0


# name: nen
# type: scalar
2


# name: nel
# type: scalar
16


# name: h
# type: scalar
0.0625


# name: xl
# type: matrix
# rows: 17
# columns: 1
 0
 0.0625
 0.125
 0.1875
 0.25
 0.3125
 0.375
 0.4375
 0.5
 0.5625
 0.625
 0.6875
 0.75
 0.8125
 0.875
 0.9375
 1


# name: U
# type: matrix
# rows: 16
# columns: 2
 -0.61487134507483832 -0.0019772337740686652
 -1.2080907629563427 -0.61874982863788297
 -1.754883930322537 -1.2117442145860435
 -2.2342378923966844 -1.7581719499216475
 -2.6277313452410733 -2.2370341232159543
 -2.9202425561365608 -2.6299283296982581
 -3.1005304832906155 -2.9217558653510594
 -3.1616667627693391 -3.1013019616379842
 -3.1013019616379842 -3.1616667627693387
 -2.9217558653510607 -3.1005304832906173
 -2.629928329698255 -2.9202425561365581
 -2.2370341232159565 -2.6277313452410751
 -1.7581719499216539 -2.2342378923966901
 -1.2117442145860424 -1.7548839303225359
 -0.61874982863788264 -1.2080907629563429
 -0.0019772337740692572 -0.61487134507483887


# name: P
# type: matrix
# rows: 16
# columns: 2
 -0.99837302233902481 -0.97922010123451408
 -0.97915902808908828 -0.92243630079252026
 -0.92231650150839717 -0.83020379061930727
 -0.83002986901579134 -0.70606701435624386
 -0.70584565414302214 -0.55479647869841353
 -0.55453618662433968 -0.38220542549765296
 -0.38191620444116015 -0.1949264321382895
 -0.19461939670238182 -0.00015652530785412679
 0.00015652530785399362 0.19461939670238165
 0.19492643213828934 0.38191620444116009
 0.3822054254976528 0.55453618662433934
 0.55479647869841331 0.70584565414302203
 0.70606701435624375 0.83002986901579157
 0.83020379061930738 0.92231650150839717
 0.92243630079252037 0.97915902808908828
 0.97922010123451408 0.99837302233902492


# name: x
# type: range
# base, limit, increment
0 1 0.0625


# name: exata
# type: matrix
# rows: 17
# columns: 1
 1
 0.98078528040323043
 0.92387953251128674
 0.83146961230254524
 0.70710678118654757
 0.55557023301960229
 0.38268343236508984
 0.19509032201612833
 6.123233995736766e-17
 -0.19509032201612819
 -0.38268343236508973
 -0.55557023301960196
 -0.70710678118654746
 -0.83146961230254535
 -0.92387953251128674
 -0.98078528040323043
 -1


