# Created by Octave 6.3.0, Sat Sep 25 14:05:29 2021 -03 <kuroneko@kuroneko-VirtualBox>
# name: beta
# type: scalar
0


# name: Lambda
# type: matrix
# rows: 65
# columns: 1
 1
 0.99879545620517241
 0.99518472667219693
 0.98917650996478101
 0.98078528040323043
 0.97003125319454397
 0.95694033573220882
 0.94154406518302081
 0.92387953251128674
 0.90398929312344334
 0.88192126434835505
 0.85772861000027212
 0.83146961230254524
 0.80320753148064494
 0.77301045336273699
 0.74095112535495911
 0.70710678118654757
 0.67155895484701833
 0.63439328416364549
 0.59569930449243347
 0.55557023301960229
 0.51410274419322166
 0.47139673682599781
 0.4275550934302822
 0.38268343236508984
 0.33688985339222005
 0.29028467725446233
 0.24298017990326398
 0.19509032201612833
 0.14673047445536175
 0.09801714032956077
 0.049067674327418126
 6.123233995736766e-17
 -0.049067674327418008
 -0.098017140329560645
 -0.14673047445536164
 -0.19509032201612819
 -0.24298017990326387
 -0.29028467725446216
 -0.33688985339221994
 -0.38268343236508973
 -0.42755509343028186
 -0.4713967368259977
 -0.51410274419322166
 -0.55557023301960196
 -0.59569930449243336
 -0.63439328416364538
 -0.67155895484701844
 -0.70710678118654746
 -0.74095112535495888
 -0.77301045336273699
 -0.80320753148064483
 -0.83146961230254535
 -0.85772861000027201
 -0.88192126434835494
 -0.90398929312344334
 -0.92387953251128674
 -0.9415440651830207
 -0.95694033573220882
 -0.97003125319454397
 -0.98078528040323043
 -0.98917650996478101
 -0.99518472667219682
 -0.99879545620517241
 -1


# name: nen
# type: scalar
2


# name: nel
# type: scalar
64


# name: h
# type: scalar
0.015625


# name: xl
# type: matrix
# rows: 65
# columns: 1
 0
 0.015625
 0.03125
 0.046875
 0.0625
 0.078125
 0.09375
 0.109375
 0.125
 0.140625
 0.15625
 0.171875
 0.1875
 0.203125
 0.21875
 0.234375
 0.25
 0.265625
 0.28125
 0.296875
 0.3125
 0.328125
 0.34375
 0.359375
 0.375
 0.390625
 0.40625
 0.421875
 0.4375
 0.453125
 0.46875
 0.484375
 0.5
 0.515625
 0.53125
 0.546875
 0.5625
 0.578125
 0.59375
 0.609375
 0.625
 0.640625
 0.65625
 0.671875
 0.6875
 0.703125
 0.71875
 0.734375
 0.75
 0.765625
 0.78125
 0.796875
 0.8125
 0.828125
 0.84375
 0.859375
 0.875
 0.890625
 0.90625
 0.921875
 0.9375
 0.953125
 0.96875
 0.984375
 1


# name: U
# type: matrix
# rows: 64
# columns: 2
 -3.1086244689504383e-10 0.15415064467769923
 0.15415064405670145 0.30792992663948127
 0.30792992602074659 0.46096737843653202
 0.46096737782153835 0.61289431944296169
 0.61289431883316092 0.7633447443506185
 0.76334474374752637 0.91195620490805851
 0.91195620431309388 1.0583706830899438
 1.0583706825045596 1.2022354535939428
 1.2022354530195318 1.3432039335868389
 1.3432039330247829 1.480936517652939
 1.4809365171046298 1.6151013959333262
 1.6151013954000426 1.7453753534847216
 1.7453753529677603 1.8714445489327431
 1.8714445484333595 1.9930052705432075
 1.9930052700625953 2.1097646678902855
 2.1097646674296002 2.2214414573588463
 2.2214414569192305 2.3277665997813646
 2.3277665993638195 2.4284839485767051
 2.4284839481822762 2.5233508668298601
 2.5233508664595132 2.6121388118254156
 2.6121388114799982 2.6946338856269261
 2.6946338853072707 2.7706373503758908
 2.7706373500828256 2.8399661070686655
 2.8399661068028372 2.9024531366578366
 2.9024531364199162 2.9579479024159419
 2.9579479022064832 3.00631671259148
 3.0063167124109924 3.0474430424841357
 3.0474430423330752 3.0812278151629799
 3.0812278150416907 3.1075896401514091
 3.1075896400601657 3.1264650095039888
 3.1264650094430628 3.1378084508027118
 3.1378084507722046 3.1415926367038756
 3.1415926367038765 3.137808450772205
 3.1378084508027122 3.1264650094430628
 3.1264650095039901 3.1075896400601675
 3.1075896401514043 3.0812278150416823
 3.0812278151629831 3.0474430423330805
 3.0474430424841326 3.0063167124109871
 3.0063167125914845 2.9579479022064854
 2.9579479024159441 2.9024531364199175
 2.9024531366578259 2.8399661068028195
 2.8399661070686797 2.7706373500828398
 2.7706373503758956 2.6946338853072778
 2.6946338856269105 2.6121388114799853
 2.6121388118254329 2.523350866459527
 2.5233508668298579 2.428483948182274
 2.4284839485767189 2.3277665993638319
 2.3277665997813446 2.2214414569192034
 2.2214414573588339 2.109764667429582
 2.1097646678902904 1.9930052700626
 1.9930052705431887 1.8714445484333453
 1.8714445489327527 1.7453753529677698
 1.7453753534847098 1.6151013954000355
 1.6151013959333167 1.4809365171046203
 1.4809365176529568 1.3432039330248031
 1.3432039335868282 1.2022354530195329
 1.2022354535939332 1.0583706825045454
 1.0583706830899509 0.91195620431311042
 0.91195620490805374 0.76334474374751693
 0.76334474435062682 0.61289431883316681
 0.61289431944295103 0.4609673778215253
 0.46096737843652491 0.3079299260207442
 0.30792992663948837 0.1541506440567133
 0.15415064467768858 -3.1086599960872263e-10


# name: P
# type: matrix
# rows: 64
# columns: 2
 1.0001004794356871 0.99889569375514764
 0.99889593546280964 0.99528448085542276
 0.99528496368845176 0.98927554046469246
 0.9892762632599017 0.98088334864667925
 0.9808843096627915 0.97012812292654194
 0.97012931984838535 0.95703577358508685
 0.95703720352917176 0.94163784123863192
 0.94163950076009784 0.92397142085489903
 0.9239733059558134 0.90407907238798868
 0.90408117852697822 0.88200871824772153
 0.88201104035091282 0.85781352785035581
 0.85781606032359914 0.83155178952880759
 0.83155452627115289 0.80328677011094995
 0.80328970452934534 0.77308656250428376
 0.77308968752945828 0.74102392165415931
 0.74102722975765356 0.70717608927074027
 0.70717957248304308 0.67162460774695787
 0.67162825767670586 0.63445512371574553
 0.63445893156993827 0.59575718171979652
 0.59576113832497957 0.55562400849091809
 0.55562810431528309 0.51415228835866977
 0.51415651353501701 0.47144193032934401
 0.47144627467885364 0.42759582739641838
 0.42760028045317194 0.3827196086623238
 0.38272415969851753 0.33692138486868306
 0.33692602292047208 0.29031148794806577
 0.29031620184197715 0.24300220522469862
 0.24300698360454895 0.19510750890446563
 0.1951123402587194 0.1467427815058823
 0.14674765419538391 0.098024537893501934
 0.098029440179515551 0.049070144583400394
 0.049075064655889643 -2.4630030395938545e-06
 2.4630030397190561e-06 -0.049075064655889532
 -0.049070144583400276 -0.098029440179515426
 -0.098024537893501795 -0.1467476541953838
 -0.14674278150588221 -0.19511234025871924
 -0.19510750890446549 -0.24300698360454887
 -0.24300220522469848 -0.29031620184197693
 -0.29031148794806561 -0.33692602292047197
 -0.33692138486868295 -0.38272415969851742
 -0.38271960866232368 -0.42760028045317161
 -0.42759582739641805 -0.47144627467885347
 -0.47144193032934378 -0.5141565135350169
 -0.51415228835866966 -0.55562810431528276
 -0.55562400849091775 -0.59576113832497946
 -0.59575718171979641 -0.63445893156993804
 -0.63445512371574542 -0.67162825767670598
 -0.67162460774695809 -0.70717957248304297
 -0.70717608927074016 -0.74102722975765323
 -0.74102392165415909 -0.77308968752945817
 -0.77308656250428387 -0.80328970452934523
 -0.80328677011094984 -0.83155452627115312
 -0.83155178952880771 -0.85781606032359914
 -0.85781352785035581 -0.88201104035091271
 -0.88200871824772131 -0.90408117852697822
 -0.90407907238798879 -0.9239733059558134
 -0.92397142085489903 -0.94163950076009761
 -0.9416378412386317 -0.95703720352917176
 -0.95703577358508696 -0.97012931984838535
 -0.97012812292654205 -0.98088430966279161
 -0.98088334864667936 -0.9892762632599017
 -0.98927554046469257 -0.99528496368845176
 -0.99528448085542265 -0.99889593546280964
 -0.99889569375514764 -1.0001004794356869


# name: x
# type: range
# base, limit, increment
0 1 0.015625


