# Created by Octave 6.3.0, Sat Sep 25 14:05:29 2021 -03 <kuroneko@kuroneko-VirtualBox>
# name: beta
# type: scalar
0


# name: Lambda
# type: matrix
# rows: 5
# columns: 1
 1
 0.70710678118654757
 6.123233995736766e-17
 -0.70710678118654746
 -1


# name: nen
# type: scalar
2


# name: nel
# type: scalar
4


# name: h
# type: scalar
0.25


# name: xl
# type: matrix
# rows: 5
# columns: 1
 0
 0.25
 0.5
 0.75
 1


# name: U
# type: matrix
# rows: 4
# columns: 2
 -0.0003199156900834943 2.220921994126432
 2.2204695650187016 3.1405380893762178
 3.1405380893762174 2.2204695650187021
 2.2209219941264329 -0.00031991569008171794


# name: P
# type: matrix
# rows: 4
# columns: 2
 1.030796916065043 0.72258573824268202
 0.73518124050886302 -0.0089063650648670643
 0.0089063650648672464 -0.73518124050886291
 -0.7225857382426818 -1.0307969160650432


# name: x
# type: range
# base, limit, increment
0 1 0.25


# name: exata
# type: matrix
# rows: 5
# columns: 1
 1
 0.70710678118654757
 6.123233995736766e-17
 -0.70710678118654746
 -1


