# Created by Octave 6.3.0, Sat Sep 25 14:05:29 2021 -03 <kuroneko@kuroneko-VirtualBox>
# name: beta
# type: scalar
0


# name: Lambda
# type: matrix
# rows: 17
# columns: 1
 1
 0.98078528040323043
 0.92387953251128674
 0.83146961230254524
 0.70710678118654757
 0.55557023301960229
 0.38268343236508984
 0.19509032201612833
 6.123233995736766e-17
 -0.19509032201612819
 -0.38268343236508973
 -0.55557023301960196
 -0.70710678118654746
 -0.83146961230254535
 -0.92387953251128674
 -0.98078528040323043
 -1


# name: nen
# type: scalar
2


# name: nel
# type: scalar
16


# name: h
# type: scalar
0.0625


# name: xl
# type: matrix
# rows: 17
# columns: 1
 0
 0.0625
 0.125
 0.1875
 0.25
 0.3125
 0.375
 0.4375
 0.5
 0.5625
 0.625
 0.6875
 0.75
 0.8125
 0.875
 0.9375
 1


# name: U
# type: matrix
# rows: 16
# columns: 2
 -3.1797821264945014e-07 0.61289379332255578
 0.61289316958585494 1.2022341039043134
 1.2022335163571904 1.7453732320936828
 1.7453727033152406 2.2214386457902764
 2.2214381961011758 2.6121354181262939
 2.6121350648078354 2.9024492912461382
 2.9024490478761518 3.0812236658157088
 3.0812235417467648 3.1415883428781193
 3.1415883428781206 3.0812235417467657
 3.0812236658157093 2.9024490478761522
 2.9024492912461359 2.6121350648078328
 2.6121354181262997 2.2214381961011811
 2.2214386457902786 1.7453727033152431
 1.7453732320936819 1.2022335163571878
 1.2022341039043145 0.61289316958585616
 0.61289379332255844 -3.1797821176127172e-07


# name: P
# type: matrix
# rows: 16
# columns: 2
 1.0016269776609752 0.98235045957194689
 0.98241153271737258 0.92532276423005322
 0.92544256351417631 0.8327354339857832
 0.83290935558929913 0.70814654801685128
 0.70836790823007301 0.55634398734079105
 0.5566042794148649 0.38316143923252682
 0.38345066028901953 0.19525421189396722
 0.19556124732987484 -0.00015652530785398259
 0.00015652530785411614 -0.19556124732987473
 -0.19525421189396705 -0.38345066028901936
 -0.38316143923252666 -0.55660427941486457
 -0.5563439873407906 -0.7083679082300729
 -0.70814654801685117 -0.83290935558929913
 -0.83273543398578331 -0.92544256351417631
 -0.92532276423005311 -0.98241153271737258
 -0.98235045957194678 -1.0016269776609752


# name: x
# type: range
# base, limit, increment
0 1 0.0625


# name: exata
# type: matrix
# rows: 17
# columns: 1
 1
 0.98078528040323043
 0.92387953251128674
 0.83146961230254524
 0.70710678118654757
 0.55557023301960229
 0.38268343236508984
 0.19509032201612833
 6.123233995736766e-17
 -0.19509032201612819
 -0.38268343236508973
 -0.55557023301960196
 -0.70710678118654746
 -0.83146961230254535
 -0.92387953251128674
 -0.98078528040323043
 -1


