# Created by Octave 6.2.0, Mon Aug 30 22:19:14 2021 -03 <kuroneko@kuroneko-VirtualBox>
# name: alfa
# type: scalar
1


# name: beta
# type: scalar
10


# name: h
# type: scalar
0.00390625


# name: xl
# type: matrix
# rows: 257
# columns: 1
 0
 0.00390625
 0.0078125
 0.01171875
 0.015625
 0.01953125
 0.0234375
 0.02734375
 0.03125
 0.03515625
 0.0390625
 0.04296875
 0.046875
 0.05078125
 0.0546875
 0.05859375
 0.0625
 0.06640625
 0.0703125
 0.07421875
 0.078125
 0.08203125
 0.0859375
 0.08984375
 0.09375
 0.09765625
 0.1015625
 0.10546875
 0.109375
 0.11328125
 0.1171875
 0.12109375
 0.125
 0.12890625
 0.1328125
 0.13671875
 0.140625
 0.14453125
 0.1484375
 0.15234375
 0.15625
 0.16015625
 0.1640625
 0.16796875
 0.171875
 0.17578125
 0.1796875
 0.18359375
 0.1875
 0.19140625
 0.1953125
 0.19921875
 0.203125
 0.20703125
 0.2109375
 0.21484375
 0.21875
 0.22265625
 0.2265625
 0.23046875
 0.234375
 0.23828125
 0.2421875
 0.24609375
 0.25
 0.25390625
 0.2578125
 0.26171875
 0.265625
 0.26953125
 0.2734375
 0.27734375
 0.28125
 0.28515625
 0.2890625
 0.29296875
 0.296875
 0.30078125
 0.3046875
 0.30859375
 0.3125
 0.31640625
 0.3203125
 0.32421875
 0.328125
 0.33203125
 0.3359375
 0.33984375
 0.34375
 0.34765625
 0.3515625
 0.35546875
 0.359375
 0.36328125
 0.3671875
 0.37109375
 0.375
 0.37890625
 0.3828125
 0.38671875
 0.390625
 0.39453125
 0.3984375
 0.40234375
 0.40625
 0.41015625
 0.4140625
 0.41796875
 0.421875
 0.42578125
 0.4296875
 0.43359375
 0.4375
 0.44140625
 0.4453125
 0.44921875
 0.453125
 0.45703125
 0.4609375
 0.46484375
 0.46875
 0.47265625
 0.4765625
 0.48046875
 0.484375
 0.48828125
 0.4921875
 0.49609375
 0.5
 0.50390625
 0.5078125
 0.51171875
 0.515625
 0.51953125
 0.5234375
 0.52734375
 0.53125
 0.53515625
 0.5390625
 0.54296875
 0.546875
 0.55078125
 0.5546875
 0.55859375
 0.5625
 0.56640625
 0.5703125
 0.57421875
 0.578125
 0.58203125
 0.5859375
 0.58984375
 0.59375
 0.59765625
 0.6015625
 0.60546875
 0.609375
 0.61328125
 0.6171875
 0.62109375
 0.625
 0.62890625
 0.6328125
 0.63671875
 0.640625
 0.64453125
 0.6484375
 0.65234375
 0.65625
 0.66015625
 0.6640625
 0.66796875
 0.671875
 0.67578125
 0.6796875
 0.68359375
 0.6875
 0.69140625
 0.6953125
 0.69921875
 0.703125
 0.70703125
 0.7109375
 0.71484375
 0.71875
 0.72265625
 0.7265625
 0.73046875
 0.734375
 0.73828125
 0.7421875
 0.74609375
 0.75
 0.75390625
 0.7578125
 0.76171875
 0.765625
 0.76953125
 0.7734375
 0.77734375
 0.78125
 0.78515625
 0.7890625
 0.79296875
 0.796875
 0.80078125
 0.8046875
 0.80859375
 0.8125
 0.81640625
 0.8203125
 0.82421875
 0.828125
 0.83203125
 0.8359375
 0.83984375
 0.84375
 0.84765625
 0.8515625
 0.85546875
 0.859375
 0.86328125
 0.8671875
 0.87109375
 0.875
 0.87890625
 0.8828125
 0.88671875
 0.890625
 0.89453125
 0.8984375
 0.90234375
 0.90625
 0.91015625
 0.9140625
 0.91796875
 0.921875
 0.92578125
 0.9296875
 0.93359375
 0.9375
 0.94140625
 0.9453125
 0.94921875
 0.953125
 0.95703125
 0.9609375
 0.96484375
 0.96875
 0.97265625
 0.9765625
 0.98046875
 0.984375
 0.98828125
 0.9921875
 0.99609375
 1


# name: u
# type: matrix
# rows: 257
# columns: 1
 -50.200000000002525
 -50.200075298163291
 -50.200301181306145
 -50.200677615413916
 -50.201204543797012
 -50.201881887101955
 -50.202709543323337
 -50.203687387819173
 -50.204815273329679
 -50.206093029999444
 -50.207520465403014
 -50.209097364573871
 -50.210823490036802
 -50.212698581843661
 -50.214722357612516
 -50.216894512570178
 -50.219214719598106
 -50.221682629281652
 -50.224297869962697
 -50.227060047795611
 -50.229968746806577
 -50.233023528956224
 -50.23622393420559
 -50.239569480585423
 -50.243059664268742
 -50.24669395964672
 -50.250471819407842
 -50.254392674620327
 -50.258455934817796
 -50.262660988088214
 -50.267007201166024
 -50.271493919527522
 -50.276120467489427
 -50.280886148310636
 -50.285790244297147
 -50.290832016910144
 -50.296010706877212
 -50.301325534306692
 -50.306775698805126
 -50.312360379597784
 -50.318078735652286
 -50.323929905805237
 -50.329913008891936
 -50.336027143879065
 -50.342271390000384
 -50.3486448068954
 -50.355146434750971
 -50.361775294445856
 -50.368530387698165
 -50.375410697215706
 -50.382415186849173
 -50.389542801748185
 -50.396792468520161
 -50.404163095391951
 -50.411653572374256
 -50.419262771428791
 -50.426989546638175
 -50.434832734378482
 -50.442791153494483
 -50.450863605477529
 -50.459048874646051
 -50.467345728328617
 -50.475752917049583
 -50.484269174717255
 -50.492893218814551
 -50.501623750592152
 -50.51045945526409
 -50.519399002205738
 -50.528441045154196
 -50.537584222411063
 -50.546827157047495
 -50.556168457111511
 -50.565606715837689
 -50.575140511858983
 -50.584768409420796
 -50.59448895859714
 -50.604300695509082
 -50.614202142545125
 -50.624191808583774
 -50.634268189218055
 -50.644429766982114
 -50.654675011579712
 -50.665002380114714
 -50.67541031732339
 -50.685897255808683
 -50.696461616276224
 -50.707101807772197
 -50.717816227922896
 -50.728603263176062
 -50.739461289043852
 -50.750388670347519
 -50.761383761463634
 -50.77244490657192
 -50.783570439904601
 -50.794758685997287
 -50.806007959941269
 -50.81731656763727
 -50.828682806050566
 -50.840104963467454
 -50.851581319753045
 -50.863110146610296
 -50.874689707840282
 -50.886318259603691
 -50.897994050683394
 -50.909715322748198
 -50.921480310617653
 -50.933287242527847
 -50.945134340398276
 -50.957019820099582
 -50.968941891722238
 -50.980898759846106
 -50.992888623810821
 -51.004909677986966
 -51.016960112048018
 -51.029038111242919
 -51.041141856669419
 -51.053269525547989
 -51.065419291496283
 -51.077589324804251
 -51.08977779270964
 -51.101982859674024
 -51.114202687659201
 -51.12643543640403
 -51.138679263701555
 -51.150932325676415
 -51.163192777062548
 -51.175458771481075
 -51.187728461718343
 -51.200000000004145
 -51.212271538289947
 -51.224541228527215
 -51.236807222945743
 -51.249067674331876
 -51.261320736306736
 -51.273564563604261
 -51.285797312349104
 -51.298017140334295
 -51.310222207298686
 -51.32241067520409
 -51.334580708512071
 -51.346730474460387
 -51.358858143338949
 -51.370961888765457
 -51.383039887960358
 -51.395090322021403
 -51.407111376197555
 -51.41910124016227
 -51.431058108286138
 -51.442980179908794
 -51.454865659610107
 -51.466712757480551
 -51.478519689390758
 -51.49028467726022
 -51.502005949325039
 -51.513681740404749
 -51.525310292168164
 -51.536889853398165
 -51.548418680255431
 -51.559895036541029
 -51.571317193957924
 -51.582683432371219
 -51.593992040067214
 -51.605241314011188
 -51.61642956010386
 -51.627555093436534
 -51.638616238544806
 -51.649611329660914
 -51.660538710964587
 -51.671396736832371
 -51.682183772085516
 -51.6928981922362
 -51.703538383732159
 -51.714102744199678
 -51.724589682684943
 -51.734997619893583
 -51.745324988428543
 -51.755570233026113
 -51.765731810790136
 -51.775808191424382
 -51.785797857462995
 -51.795699304499003
 -51.805511041410909
 -51.815231590587224
 -51.824859488148995
 -51.834393284170275
 -51.843831542896432
 -51.853172842960433
 -51.862415777596837
 -51.871558954853697
 -51.880600997802148
 -51.889540544743781
 -51.898376249415698
 -51.907106781193292
 -51.915730825290566
 -51.924247082958217
 -51.932654271679169
 -51.940951125361721
 -51.949136394530221
 -51.957208846513247
 -51.965167265629226
 -51.973010453369511
 -51.98073722857886
 -51.98834642763336
 -51.995836904615629
 -52.003207531487377
 -52.01045719825931
 -52.01758481315828
 -52.024589302791689
 -52.031469612309195
 -52.038224705561476
 -52.044853565256332
 -52.051355193111874
 -52.057728610006862
 -52.063972856128153
 -52.070086991115247
 -52.076070094201896
 -52.081921264354804
 -52.087639620409263
 -52.093224301201872
 -52.098674465700263
 -52.103989293129708
 -52.109167983096739
 -52.114209755709695
 -52.11911385169617
 -52.123879532517343
 -52.128506080479205
 -52.132992798840661
 -52.137339011918428
 -52.141544065188803
 -52.14560732538623
 -52.149528180598672
 -52.153306040359752
 -52.15694033573768
