# Created by Octave 6.2.0, Mon Aug 30 22:19:13 2021 -03 <kuroneko@kuroneko-VirtualBox>
# name: alfa
# type: scalar
1


# name: beta
# type: scalar
10


# name: h
# type: scalar
0.25


# name: xl
# type: matrix
# rows: 5
# columns: 1
 0
 0.25
 0.5
 0.75
 1


# name: u
# type: matrix
# rows: 5
# columns: 1
 0.19994538697560524
 -0.09289127819938095
 -0.80005461302439485
 -1.5072179478494088
 -1.8000546130243951


# name: x
# type: range
# base, limit, increment
0 1 0.25


# name: exata
# type: matrix
# rows: 5
# columns: 1
 1
 0.70710678118654757
 6.123233995736766e-17
 -0.70710678118654746
 -1


