# Created by Octave 6.2.0, Mon Aug 30 22:19:13 2021 -03 <kuroneko@kuroneko-VirtualBox>
# name: alfa
# type: scalar
1


# name: beta
# type: scalar
10


# name: h
# type: scalar
0.0625


# name: xl
# type: matrix
# rows: 17
# columns: 1
 0
 0.0625
 0.125
 0.1875
 0.25
 0.3125
 0.375
 0.4375
 0.5
 0.5625
 0.625
 0.6875
 0.75
 0.8125
 0.875
 0.9375
 1


# name: u
# type: matrix
# rows: 17
# columns: 1
 -2.2000002068584794
 -2.2192148170423378
 -2.276120494504914
 -2.3685303810059835
 -2.4928932114629618
 -2.644429787076457
 -2.8173166372599234
 -3.0049098123484628
 -3.2000002068584776
 -3.3950906013684925
 -3.5826837764570318
 -3.7555706266404973
 -3.9071072022539921
 -4.0314700327109714
 -4.1238799192120421
 -4.1807855966746192
 -4.2000002068584781


# name: x
# type: range
# base, limit, increment
0 1 0.0625


# name: exata
# type: matrix
# rows: 17
# columns: 1
 1
 0.98078528040323043
 0.92387953251128674
 0.83146961230254524
 0.70710678118654757
 0.55557023301960229
 0.38268343236508984
 0.19509032201612833
 6.123233995736766e-17
 -0.19509032201612819
 -0.38268343236508973
 -0.55557023301960196
 -0.70710678118654746
 -0.83146961230254535
 -0.92387953251128674
 -0.98078528040323043
 -1


