# Created by Octave 6.2.0, Mon Aug 30 22:19:13 2021 -03 <kuroneko@kuroneko-VirtualBox>
# name: alfa
# type: scalar
1


# name: beta
# type: scalar
10


# name: h
# type: scalar
0.015625


# name: xl
# type: matrix
# rows: 65
# columns: 1
 0
 0.015625
 0.03125
 0.046875
 0.0625
 0.078125
 0.09375
 0.109375
 0.125
 0.140625
 0.15625
 0.171875
 0.1875
 0.203125
 0.21875
 0.234375
 0.25
 0.265625
 0.28125
 0.296875
 0.3125
 0.328125
 0.34375
 0.359375
 0.375
 0.390625
 0.40625
 0.421875
 0.4375
 0.453125
 0.46875
 0.484375
 0.5
 0.515625
 0.53125
 0.546875
 0.5625
 0.578125
 0.59375
 0.609375
 0.625
 0.640625
 0.65625
 0.671875
 0.6875
 0.703125
 0.71875
 0.734375
 0.75
 0.765625
 0.78125
 0.796875
 0.8125
 0.828125
 0.84375
 0.859375
 0.875
 0.890625
 0.90625
 0.921875
 0.9375
 0.953125
 0.96875
 0.984375
 1


# name: u
# type: matrix
# rows: 65
# columns: 1
 -11.800000000806506
 -11.801204544480175
 -11.804815273901696
 -11.810823490507325
 -11.819214719976697
 -11.829968747102734
 -11.843059664491843
 -11.858455934977101
 -11.876120467594053
 -11.896010706936089
 -11.918078735674152
 -11.942271389993778
 -11.968530387671379
 -11.996792468481232
 -12.026989546594896
 -12.059048874605935
 -12.092893218784805
 -12.128441045141665
 -12.16560671584889
 -12.204300695550117
 -12.244429767058749
 -12.285897255926328
 -12.328603263339744
 -12.372444906786232
 -12.417316567906349
 -12.463110146937861
 -12.509715323137536
 -12.557019820553471
 -12.604909678507704
 -12.653269526137462
 -12.701982860333679
 -12.75093232640719
 -12.800000000806453
 -12.849067675205717
 -12.898017141279231
 -12.946730475475452
 -12.995090323105211
 -13.042980181059443
 -13.090284678475376
 -13.136889854675049
 -13.182683433706559
 -13.227555094826675
 -13.271396738273163
 -13.314102745686583
 -13.355570234554165
 -13.395699306062802
 -13.434393285764033
 -13.471558956471261
 -13.507106782828123
 -13.540951127006995
 -13.573010455018036
 -13.603207533131698
 -13.631469613941551
 -13.657728611619152
 -13.681921265938778
 -13.703989294676839
 -13.723879534018877
 -13.74154406663583
 -13.756940337121092
 -13.770031254510206
 -13.78078528163625
 -13.789176511105627
 -13.795184727711259
 -13.798795457132785
 -13.80000000080646


# name: x
# type: range
# base, limit, increment
0 1 0.015625


# name: exata
# type: matrix
# rows: 65
# columns: 1
 1
 0.99879545620517241
 0.99518472667219693
 0.98917650996478101
 0.98078528040323043
 0.97003125319454397
 0.95694033573220882
 0.94154406518302081
 0.92387953251128674
 0.90398929312344334
 0.88192126434835505
 0.85772861000027212
 0.83146961230254524
 0.80320753148064494
 0.77301045336273699
 0.74095112535495911
 0.70710678118654757
 0.67155895484701833
 0.63439328416364549
 0.59569930449243347
 0.55557023301960229
 0.51410274419322166
 0.47139673682599781
 0.4275550934302822
 0.38268343236508984
 0.33688985339222005
 0.29028467725446233
 0.24298017990326398
 0.19509032201612833
 0.14673047445536175
 0.09801714032956077
 0.049067674327418126
 6.123233995736766e-17
 -0.049067674327418008
 -0.098017140329560645
 -0.14673047445536164
 -0.19509032201612819
 -0.24298017990326387
 -0.29028467725446216
 -0.33688985339221994
 -0.38268343236508973
 -0.42755509343028186
 -0.4713967368259977
 -0.51410274419322166
 -0.55557023301960196
 -0.59569930449243336
 -0.63439328416364538
 -0.67155895484701844
 -0.70710678118654746
 -0.74095112535495888
 -0.77301045336273699
 -0.80320753148064483
 -0.83146961230254535
 -0.85772861000027201
 -0.88192126434835494
 -0.90398929312344334
 -0.92387953251128674
 -0.9415440651830207
 -0.95694033573220882
 -0.97003125319454397
 -0.98078528040323043
 -0.98917650996478101
 -0.99518472667219682
 -0.99879545620517241
 -1


