# Created by Octave 6.3.0, Wed Sep 15 02:22:18 2021 -03 <kuroneko@kuroneko-VirtualBox>
# name: alfa
# type: scalar
-1


# name: beta
# type: scalar
1440


# name: Lambda
# type: matrix
# rows: 17
# columns: 1
 0
 0.19509032201604937
 0.38268343236493452
 0.55557023301937614
 0.7071067811862588
 0.83146961230220462
 0.92387953251090715
 0.98078528040282631
 0.99999999999958689
 0.98078528040282431
 0.92387953251090316
 0.83146961230219918
 0.70710678118625248
 0.55557023301936981
 0.3826834323649293
 0.1950903220160462
 1.2246467991473532e-16


# name: nen
# type: scalar
4


# name: nel
# type: scalar
16


# name: h
# type: scalar
0.0625


# name: xl
# type: matrix
# rows: 49
# columns: 1
 0
 0.020833333333333332
 0.041666666666666664
 0.0625
 0.083333333333333329
 0.10416666666666666
 0.12499999999999999
 0.14583333333333331
 0.16666666666666666
 0.1875
 0.20833333333333334
 0.22916666666666669
 0.25
 0.27083333333333331
 0.29166666666666663
 0.31249999999999994
 0.33333333333333326
 0.35416666666666657
 0.37499999999999989
 0.3958333333333332
 0.41666666666666652
 0.43749999999999983
 0.45833333333333315
 0.47916666666666646
 0.49999999999999978
 0.52083333333333315
 0.54166666666666652
 0.56249999999999989
 0.58333333333333326
 0.60416666666666663
 0.625
 0.64583333333333337
 0.66666666666666674
 0.68750000000000011
 0.70833333333333348
 0.72916666666666685
 0.75000000000000022
 0.77083333333333359
 0.79166666666666696
 0.81250000000000033
 0.8333333333333337
 0.85416666666666707
 0.87500000000000044
 0.89583333333333381
 0.91666666666666718
 0.93750000000000056
 0.95833333333333393
 0.9791666666666673
 1.0000000000000007


# name: U
# type: matrix
# rows: 16
# columns: 4
 9.9795279987640755e-09 0.065403102037343078 0.13052616199484429 0.19509030453491663
 0.19509035518744178 0.25881894916273585 0.32143938861238275 0.38268338472625901
 0.3826834874534335 0.44228852921914308 0.49999987979083266 0.55557015705388557
 0.55557030790796147 0.60876120913592302 0.6593456559920835 0.70710667981326436
 0.70710687299700414 0.75183953718282814 0.79335314839886217 0.83146948941741361
 0.83146971750687437 0.86602509345226697 0.89687252423024355 0.92387939283671316
 0.92387964706654502 0.94692979105280284 0.96592559192736294 0.98078512930683037
 0.98078539990712332 0.99144450782752402 0.99785868082402585 0.99999984328832359
 1.0000001198600601 0.99785856817491925 0.99144462022221735 0.98078512409861918
 0.98078539601330272 0.9659254833528842 0.94692989887381762 0.92387938262043923
 0.92387963942854101 0.89687242390285016 0.86602519255610255 0.83146947458568288
 0.83146970641821161 0.79335306017407947 0.75183962376097979 0.70710666093605257
 0.70710685888381397 0.65934558326034087 0.60876127986124129 0.55557013485663387
 0.5555702913126066 0.49999982534717091 0.44228858137369476 0.38268336006199627
 0.38268346901366496 0.32143935454904216 0.25881898074225146 0.19509027835147724
 0.19509033561189035 0.13052614962086076 0.065403111828240421 -1.334819990743786e-08


# name: x
# type: range
# base, limit, increment
0 1 0.020833333333333332


# name: exata
# type: matrix
# rows: 49
# columns: 1
 0
 0.065403129230143062
 0.13052619222005157
 0.19509032201612825
 0.25881904510252074
 0.32143946530316153
 0.38268343236508973
 0.44228869021900119
 0.49999999999999994
 0.55557023301960218
 0.60876142900872066
 0.65934581510006895
 0.70710678118654746
 0.75183980747897727
 0.79335334029123505
 0.83146961230254512
 0.86602540378443849
 0.89687274153268814
 0.92387953251128652
 0.94693012949510558
 0.9659258262890682
 0.98078528040323032
 0.99144486137381038
 0.99785892323860348
 1
 0.99785892323860359
 0.99144486137381049
 0.98078528040323054
 0.96592582628906842
 0.94693012949510569
 0.92387953251128674
 0.89687274153268837
 0.86602540378443849
 0.83146961230254512
 0.79335334029123483
 0.75183980747897716
 0.70710678118654691
 0.65934581510006829
 0.6087614290087201
 0.5555702330196014
 0.49999999999999917
 0.44228869021900014
 0.38268343236508862
 0.32143946530316009
 0.2588190451025193
 0.19509032201612686
 0.1305261922200498
 0.065403129230141341
 -2.0979813693355779e-15


