# Created by Octave 6.3.0, Wed Sep 15 02:22:21 2021 -03 <kuroneko@kuroneko-VirtualBox>
# name: alfa
# type: scalar
-1


# name: beta
# type: scalar
23040


# name: Lambda
# type: matrix
# rows: 257
# columns: 1
 0
 0.012271538284401298
 0.024541228520275196
 0.036807222937403641
 0.049067674322145274
 0.061320736295619037
 0.073564563591762056
 0.085797312335219839
 0.098017140319027238
 0.11022220728203794
 0.12241067518606108
 0.13458070849266301
 0.1467304744395927
 0.1588581433167888
 0.17096188874192753
 0.18303988793546894
 0.19509032199516085
 0.20711137616995892
 0.21910124013332127
 0.23105810825583722
 0.24298017987714832
 0.25486565957712126
 0.26671275744623141
 0.27851968935511678
 0.29028467722326118
 0.30200594928676655
 0.31368174036517454
 0.32531029212729562
 0.33688985335600757
 0.34841868021198241
 0.35989503649630189
 0.37131719391192297
 0.38268343232395291
 0.39399204001869509
 0.40524131396142699
 0.41642956005287096
 0.42755509338431913
 0.43861623849137482
 0.44961132960627093
 0.46053871090872872
 0.47139673677531813
 0.48218377202728258
 0.49289819217679093
 0.50353838367157944
 0.51410274413794677
 0.52458968262206529
 0.5349976198295735
 0.54532498836341137
 0.55557023295986463
 0.56573181072278189
 0.57580819135592953
 0.58579785739344792
 0.59569930442837671
 0.60551104133921296
 0.6152315905144683
 0.62485948807519165
 0.63439328409542461
 0.64383154282055466
 0.6531728428835345
 0.66241577751893455
 0.6715589547747971
 0.68060099772225846
 0.68954054466291004
 0.69837624933386477
 0.70710678111049952
 0.71573082520684206
 0.72424708287357342
 0.73265427159361429
 0.74095112527526741
 0.74913639444288649
 0.75720884642504271
 0.76516726554016035
 0.77301045327959395
 0.78073722848811944
 0.78834642754181183
 0.79583690452328248
 0.80320753139425027
 0.8104571981654195
 0.81758481306364106
 0.82458930269632846
 0.83146961221310767
 0.83822470546467309
 0.84485356515882848
 0.85135519301368645
 0.85772860990800714
 0.8639728560286497
 0.87008699101511611
 0.87607009410116699
 0.88192126425348538
 0.88763962030736865
 0.89322430109942863
 0.89867446559728037
 0.90398929302619757
 0.90916798299271884
 0.91420975560518403
 0.91911385159118275
 0.92387953241189824
 0.9285060803733286
 0.93299279873436847
 0.93733901181173618
 0.94154406508172883
 0.94560732527879121
 0.94952818049088394
 0.95330604025163379
 0.95694033562925684
 0.96043051931223722
 0.96377606569175012
 0.96697647094081696
 0.97003125309017901
 0.97293995210088113
 0.97570212993355132
 0.97831737061436808
 0.98078528029770462
 0.98310548732544001
 0.98527764228293047
 0.98730141805162919
 0.98917650985834937
 0.9909026353211623
 0.99247953449192228
 0.99390696989541449
 0.99518472656511747
 0.99631261207557675
 0.99729045657138349
 0.99811811279275331
 0.99879545609770348
 0.99932238448082378
 0.99969881858863763
 0.99992470173155323
 0.99999999989240007
 0.99992470173155223
 0.99969881858863563
 0.99932238448082067
 0.99879545609769949
 0.99811811279274842
 0.9972904565713776
 0.99631261207556987
 0.99518472656510926
 0.99390696989540517
 0.99247953449191206
 0.99090263532115108
 0.98917650985833705
 0.98730141805161542
 0.98527764228291503
 0.9831054873254228
 0.98078528029768564
 0.97831737061434743
 0.97570212993352889
 0.97293995210085671
 0.97003125309015248
 0.9669764709407882
 0.96377606569171925
 0.96043051931220413
 0.95694033562922176
 0.95330604025159682
 0.94952818049084531
 0.94560732527875102
 0.94154406508168687
 0.93733901181169266
 0.9329927987343235
 0.92850608037328208
 0.92387953241185017
 0.91911385159113312
 0.91420975560513273
 0.9091679829926661
 0.90398929302614328
 0.89867446559722464
 0.89322430109937168
 0.88763962030731036
 0.88192126425342587
 0.87607009410110614
 0.87008699101505405
 0.86397285602858631
 0.85772860990794286
 0.85135519301362095
 0.84485356515876164
 0.83822470546460515
 0.8314696122130385
 0.82458930269625819
 0.81758481306356967
 0.81045719816534723
 0.803207531394177
 0.7958369045232081
 0.78834642754173634
 0.78073722848804283
 0.77301045327951623
 0.76516726554008174
 0.75720884642496322
 0.74913639444280622
 0.74095112527518636
 0.73265427159353247
 0.72424708287349082
 0.71573082520675857
 0.70710678111041492
 0.69837624933377918
 0.68954054466282355
 0.6806009977221712
 0.67155895477470917
 0.66241577751884606
 0.65317284288344524
 0.64383154282046473
 0.63439328409533413
 0.62485948807510061
 0.61523159051437704
 0.6055110413391217
 0.59569930442828534
 0.58579785739335632
 0.57580819135583772
 0.56573181072268997
 0.5555702329597727
 0.54532498836331977
 0.53499761982948213
 0.52458968262197414
 0.51410274413785573
 0.50353838367148862
 0.49289819217670044
 0.48218377202719243
 0.47139673677522848
 0.46053871090863957
 0.44961132960618233
 0.43861623849128684
 0.42755509338423198
 0.4164295600527847
 0.40524131396134183
 0.3939920400186111
 0.3826834323238702
 0.37131719391184165
 0.35989503649622184
 0.34841868021190375
 0.33688985335593047
 0.32531029212722007
 0.31368174036510071
 0.30200594928669455
 0.29028467722319107
 0.27851968935504873
 0.26671275744616552
 0.25486565957705754
 0.24298017987708689
 0.23105810825577811
 0.21910124013326451
 0.2071113761699046
 0.19509032199510909
 0.18303988793541978
 0.17096188874188106
 0.15885814331674511
 0.14673047443955192
 0.13458070849262527
 0.12241067518602639
 0.11022220728200638
 0.098017140318998899
 0.085797312335194803
 0.073564563591740392
 0.061320736295600829
 0.049067674322130571
 0.036807222937392525
 0.024541228520267754
 0.012271538284397599
 1.2246467991473532e-16


# name: nen
# type: scalar
4


# name: nel
# type: scalar
256


# name: h
# type: scalar
0.00390625


