# Created by Octave 6.2.0, Sun May 16 16:27:55 2021 -03 <kuroneko@kuroneko-VirtualBox>
# name: erro
# type: matrix
# rows: 5
# columns: 1
 0
 0.00051883561753612579
 4.9831729076609799e-07
 4.8577057696671946e-10
 4.7432868741502699e-13


# name: hh
# type: matrix
# rows: 5
# columns: 1
 0
 0.25
 0.0625
 0.015625
 0.00390625


