# Created by Octave 6.2.0, Sun May 16 16:27:43 2021 -03 <kuroneko@kuroneko-VirtualBox>
# name: erro
# type: matrix
# rows: 5
# columns: 1
 0
 0.049562115811379835
 0.00069206892697269999
 1.0735711875661478e-05
 1.6766972960937002e-07


# name: hh
# type: matrix
# rows: 5
# columns: 1
 0
 0.25
 0.0625
 0.015625
 0.00390625


