# Created by Octave 6.2.0, Wed Aug 04 01:26:08 2021 -03 <kuroneko@kuroneko-VirtualBox>
# name: xl
# type: matrix
# rows: 65
# columns: 1
 0
 0.015625
 0.03125
 0.046875
 0.0625
 0.078125
 0.09375
 0.109375
 0.125
 0.140625
 0.15625
 0.171875
 0.1875
 0.203125
 0.21875
 0.234375
 0.25
 0.265625
 0.28125
 0.296875
 0.3125
 0.328125
 0.34375
 0.359375
 0.375
 0.390625
 0.40625
 0.421875
 0.4375
 0.453125
 0.46875
 0.484375
 0.5
 0.515625
 0.53125
 0.546875
 0.5625
 0.578125
 0.59375
 0.609375
 0.625
 0.640625
 0.65625
 0.671875
 0.6875
 0.703125
 0.71875
 0.734375
 0.75
 0.765625
 0.78125
 0.796875
 0.8125
 0.828125
 0.84375
 0.859375
 0.875
 0.890625
 0.90625
 0.921875
 0.9375
 0.953125
 0.96875
 0.984375
 1


# name: h
# type: scalar
0.0625


# name: u
# type: matrix
# rows: 65
# columns: 1
 -3.1415926535901022
 -3.1378087570854616
 -3.1264643651839039
 -3.1075902747634858
 -3.0812257384782384
 -3.0474437184056113
 -3.0063158216920436
 -2.9579486300692532
 -2.9024507523140688
 -2.8399668134984921
 -2.7706364739414009
 -2.6946345743506659
 -2.6121365790114019
 -2.5233515091550514
 -2.428483169151114
 -2.3277672007014911
 -2.2214395410654246
 -2.1097652068918271
 -1.9930046286064442
 -1.8714450341280295
 -1.7453738444181057
 -1.6151018077658656
 -1.480936040142304
 -1.3432042833718598
 -1.2022344134188163
 -1.0583709512530248
 -0.91195591066211623
 -0.76334494506028461
 -0.61289378892223823
 -0.46096749248040714
 -0.30792982707016869
 -0.15415068855197395
 5.4422674411006947e-12
 0.15415068854445299
 0.30792982706948435
 0.46096749247263269
 0.61289378893319457
 0.76334494505284556
 0.91195591066204285
 1.0583709512453729
 1.2022344134309575
 1.3432042833644204
 1.4809360401423846
 1.6151018077579857
 1.7453738444321498
 1.8714450341199047
 1.9930046286075591
 2.1097652068826722
 2.2214395410844725
 2.3277672006927155
 2.4284831691527478
 2.5233515091463663
 2.612136579029122
 2.6946345743430311
 2.7706364739430014
 2.8399668134912419
 2.902450752328662
 2.9579486300639171
 3.0063158216935268
 3.0474437184005754
 3.0812257384885777
 3.1075902747594553
 3.1264643651838071
 3.137808757082841
 3.1415926535894489


# name: p
# type: matrix
# rows: 65
# columns: 1
 5.5168820572614823e-09
 0.049067677468345575
 0.098017141553707651
 0.14673046942856727
 0.19509032305900192
 0.24298018440547384
 0.29028467742724018
 0.3368898486276819
 0.38268343233540464
 0.42755509792554652
 0.47139673672506777
 0.51410273986010901
 0.55557023265992911
 0.59569930855050246
 0.63439328396184724
 0.6715589511088369
 0.70710678067043098
 0.74095112876441083
 0.77301045310422889
 0.80320752848041643
 0.83146961168423372
 0.85772861261811861
 0.88192126405090732
 0.90398929097631198
 0.92387953182195515
 0.94154406690608961
 0.95694033540894563
 0.97003125198299456
 0.98078527967096873
 0.98917651072629864
 0.9951847263359016
 0.99879545597574293
 0.99999999925329774
 0.99879545597575303
 0.99518472633589605
 0.98917651072627455
 0.98078527967095208
 0.97003125198298912
 0.95694033540893209
 0.94154406690606296
 0.92387953182193971
 0.90398929097630887
 0.88192126405089222
 0.85772861261808497
 0.83146961168421762
 0.80320752848040511
 0.77301045310420147
 0.74095112876435343
 0.70710678067039179
 0.67155895110881525
 0.63439328396180106
 0.59569930855043252
 0.5555702326598696
 0.51410273986007293
 0.47139673672501053
 0.42755509792547186
 0.38268343233533597
 0.33688984862764576
 0.29028467742719799
 0.24298018440543018
 0.19509032305896828
 0.1467304694285651
 0.09801714155369394
 0.049067677468339059
 5.5168567249241882e-09


# name: x
# type: range
# base, limit, increment
0 1 0.015625


# name: exata
# type: matrix
# rows: 65
# columns: 1
 0
 0.049067674327418015
 0.098017140329560604
 0.14673047445536175
 0.19509032201612825
 0.24298017990326387
 0.29028467725446233
 0.33688985339222005
 0.38268343236508978
 0.42755509343028208
 0.47139673682599764
 0.51410274419322166
 0.55557023301960218
 0.59569930449243336
 0.63439328416364549
 0.67155895484701833
 0.70710678118654746
 0.74095112535495911
 0.77301045336273699
 0.80320753148064483
 0.83146961230254524
 0.85772861000027212
 0.88192126434835494
 0.90398929312344334
 0.92387953251128674
 0.94154406518302081
 0.95694033573220894
 0.97003125319454397
 0.98078528040323043
 0.98917650996478101
 0.99518472667219682
 0.99879545620517241
 1
 0.99879545620517241
 0.99518472667219693
 0.98917650996478101
 0.98078528040323043
 0.97003125319454397
 0.95694033573220894
 0.94154406518302081
 0.92387953251128674
 0.90398929312344345
 0.88192126434835505
 0.85772861000027212
 0.83146961230254546
 0.80320753148064494
 0.7730104533627371
 0.74095112535495899
 0.70710678118654757
 0.67155895484701855
 0.63439328416364549
 0.59569930449243347
 0.55557023301960218
 0.51410274419322177
 0.47139673682599786
 0.42755509343028203
 0.38268343236508989
 0.33688985339222033
 0.29028467725446239
 0.24298017990326407
 0.19509032201612861
 0.1467304744553618
 0.098017140329560826
 0.049067674327417966
 1.2246467991473532e-16


