# Created by Octave 6.2.0, Sat Jul 31 20:13:53 2021 -03 <kuroneko@kuroneko-VirtualBox>
# name: xl
# type: matrix
# rows: 65
# columns: 1
 0
 0.015625
 0.03125
 0.046875
 0.0625
 0.078125
 0.09375
 0.109375
 0.125
 0.140625
 0.15625
 0.171875
 0.1875
 0.203125
 0.21875
 0.234375
 0.25
 0.265625
 0.28125
 0.296875
 0.3125
 0.328125
 0.34375
 0.359375
 0.375
 0.390625
 0.40625
 0.421875
 0.4375
 0.453125
 0.46875
 0.484375
 0.5
 0.515625
 0.53125
 0.546875
 0.5625
 0.578125
 0.59375
 0.609375
 0.625
 0.640625
 0.65625
 0.671875
 0.6875
 0.703125
 0.71875
 0.734375
 0.75
 0.765625
 0.78125
 0.796875
 0.8125
 0.828125
 0.84375
 0.859375
 0.875
 0.890625
 0.90625
 0.921875
 0.9375
 0.953125
 0.96875
 0.984375
 1


# name: h
# type: scalar
0.0625


# name: u
# type: matrix
# rows: 65
# columns: 1
 -6.2831853071796457
 4.8677256106767146
 1.8735481352291274
 3.6821443441204211
 1.0507695968095629
 3.4201336972802792
 2.7363899453910716
 3.0817294593874567
 2.4650131678050058
 2.9202584287366355
 2.7124841618562616
 2.7213016759791193
 2.5178958816027177
 2.5406493757339899
 2.4159549581750754
 2.3335122935905277
 2.2011365952718154
 2.1134918007647321
 1.9903056302309423
 1.8726826694036807
 1.741000233644689
 1.6159045400118703
 1.4803548304332077
 1.3434705618338549
 1.2012941068624423
 1.0585433425863022
 0.91183189044918833
 0.763400662325188
 0.61270019640087958
 0.46100208957850825
 0.30790865288729174
 0.15415503681751419
 6.072289757427945e-14
 -0.15415503681746462
 -0.30790865288705027
 -0.46100208957826549
 -0.6127001964008767
 -0.76340066232512893
 -0.91183189044907687
 -1.0585433425862347
 -1.2012941068623775
 -1.3434705618338145
 -1.4803548304331624
 -1.6159045400118468
 -1.7410002336444808
 -1.8726826694037439
 -1.9903056302308155
 -2.1134918007646286
 -2.2011365952714255
 -2.3335122935904828
 -2.4159549581749222
 -2.5406493757340547
 -2.5178958816024934
 -2.7213016759791611
 -2.7124841618561311
 -2.9202584287366777
 -2.4650131678046869
 -3.0817294593875433
 -2.7363899453909304
 -3.4201336972800434
 -1.050769596809848
 -3.6821443441203501
 -1.873548135229077
 -4.8677256106768478
 6.2831853071798944


# name: p
# type: matrix
# rows: 65
# columns: 1
 0.038022914055176577
 0.11270457178145843
 0.15071890219560499
 0.20384175837736312
 0.24802890100157082
 0.30143699046823524
 0.34638563919920595
 0.39394079075139732
 0.43883541356731931
 0.48489591568073548
 0.52823001588185792
 0.57114068098987725
 0.6124145033214794
 0.65279969991920916
 0.69138433214336847
 0.72859409137874076
 0.76410019670079832
 0.79799972313482281
 0.83003549059236881
 0.86024206556765126
 0.88849515864768569
 0.91476604795468419
 0.93895362343212718
 0.96102369917900377
 0.98091199794864259
 0.99857909821929192
 1.0139742689641218
 1.0270656373576119
 1.0378192222287856
 1.0462110243883713
 1.0522189839857325
 1.0558298593556383
 1.0570341938847414
 1.0558298593556397
 1.0522189839857339
 1.0462110243883704
 1.0378192222287841
 1.0270656373576112
 1.0139742689641211
 0.99857909821929092
 0.98091199794864181
 0.96102369917900321
 0.93895362343212685
 0.91476604795468452
 0.88849515864768602
 0.86024206556765304
 0.83003549059237114
 0.79799972313482459
 0.76410019670079854
 0.72859409137873998
 0.69138433214336703
 0.65279969991920783
 0.61241450332147906
 0.57114068098987747
 0.52823001588185814
 0.48489591568073598
 0.43883541356731998
 0.39394079075139848
 0.3463856391992079
 0.30143699046823463
 0.24802890100157046
 0.20384175837736476
 0.15071890219560646
 0.11270457178146083
 0.038022914055176174


# name: x
# type: range
# base, limit, increment
0 1 0.015625


# name: exata
# type: matrix
# rows: 65
# columns: 1
 0
 0.049067674327418015
 0.098017140329560604
 0.14673047445536175
 0.19509032201612825
 0.24298017990326387
 0.29028467725446233
 0.33688985339222005
 0.38268343236508978
 0.42755509343028208
 0.47139673682599764
 0.51410274419322166
 0.55557023301960218
 0.59569930449243336
 0.63439328416364549
 0.67155895484701833
 0.70710678118654746
 0.74095112535495911
 0.77301045336273699
 0.80320753148064483
 0.83146961230254524
 0.85772861000027212
 0.88192126434835494
 0.90398929312344334
 0.92387953251128674
 0.94154406518302081
 0.95694033573220894
 0.97003125319454397
 0.98078528040323043
 0.98917650996478101
 0.99518472667219682
 0.99879545620517241
 1
 0.99879545620517241
 0.99518472667219693
 0.98917650996478101
 0.98078528040323043
 0.97003125319454397
 0.95694033573220894
 0.94154406518302081
 0.92387953251128674
 0.90398929312344345
 0.88192126434835505
 0.85772861000027212
 0.83146961230254546
 0.80320753148064494
 0.7730104533627371
 0.74095112535495899
 0.70710678118654757
 0.67155895484701855
 0.63439328416364549
 0.59569930449243347
 0.55557023301960218
 0.51410274419322177
 0.47139673682599786
 0.42755509343028203
 0.38268343236508989
 0.33688985339222033
 0.29028467725446239
 0.24298017990326407
 0.19509032201612861
 0.1467304744553618
 0.098017140329560826
 0.049067674327417966
 1.2246467991473532e-16


