# Created by Octave 6.2.0, Wed Aug 04 01:26:09 2021 -03 <kuroneko@kuroneko-VirtualBox>
# name: xl
# type: matrix
# rows: 129
# columns: 1
 0
 0.0078125
 0.015625
 0.0234375
 0.03125
 0.0390625
 0.046875
 0.0546875
 0.0625
 0.0703125
 0.078125
 0.0859375
 0.09375
 0.1015625
 0.109375
 0.1171875
 0.125
 0.1328125
 0.140625
 0.1484375
 0.15625
 0.1640625
 0.171875
 0.1796875
 0.1875
 0.1953125
 0.203125
 0.2109375
 0.21875
 0.2265625
 0.234375
 0.2421875
 0.25
 0.2578125
 0.265625
 0.2734375
 0.28125
 0.2890625
 0.296875
 0.3046875
 0.3125
 0.3203125
 0.328125
 0.3359375
 0.34375
 0.3515625
 0.359375
 0.3671875
 0.375
 0.3828125
 0.390625
 0.3984375
 0.40625
 0.4140625
 0.421875
 0.4296875
 0.4375
 0.4453125
 0.453125
 0.4609375
 0.46875
 0.4765625
 0.484375
 0.4921875
 0.5
 0.5078125
 0.515625
 0.5234375
 0.53125
 0.5390625
 0.546875
 0.5546875
 0.5625
 0.5703125
 0.578125
 0.5859375
 0.59375
 0.6015625
 0.609375
 0.6171875
 0.625
 0.6328125
 0.640625
 0.6484375
 0.65625
 0.6640625
 0.671875
 0.6796875
 0.6875
 0.6953125
 0.703125
 0.7109375
 0.71875
 0.7265625
 0.734375
 0.7421875
 0.75
 0.7578125
 0.765625
 0.7734375
 0.78125
 0.7890625
 0.796875
 0.8046875
 0.8125
 0.8203125
 0.828125
 0.8359375
 0.84375
 0.8515625
 0.859375
 0.8671875
 0.875
 0.8828125
 0.890625
 0.8984375
 0.90625
 0.9140625
 0.921875
 0.9296875
 0.9375
 0.9453125
 0.953125
 0.9609375
 0.96875
 0.9765625
 0.984375
 0.9921875
 1


# name: h
# type: scalar
0.03125


# name: u
# type: matrix
# rows: 129
# columns: 1
 -3.1415926535945466
 -3.1406464829052561
 -3.1378084257821341
 -3.1330804115991291
 -3.1264648912902477
 -3.1179664575767596
 -3.1075895975070225
 -3.095341050170795
 -3.081227669905231
 -3.0652586911834323
 -3.0474429968397034
 -3.0277918558255759
 -3.0063165647172578
 -2.9830308037263906
 -2.957947857269879
 -2.9310833693509144
 -2.9024529925248399
 -2.8720746980315695
 -2.8399660635207065
 -2.8061469474212695
 -2.7706372125166885
 -2.7334589427502531
 -2.6946338442432345
 -2.6541857963318987
 -2.6121386817650114
 -2.5685184835547803
 -2.5233508280348382
 -2.4766633850865349
 -2.4284838276058638
 -2.378841787261567
 -2.3277665639526646
 -2.2752893515637793
 -2.2214413466293279
 -2.1662555441496063
 -2.1097646353766115
 -2.0520030377725162
 -1.9930051711829007
 -1.9328070759410374
 -1.8714445200522705
 -1.8089548129942268
 -1.7453752664250115
 -1.6807446190170847
 -1.6151013709606723
 -1.5484853644924752
 -1.4809364437265047
 -1.4124956726243385
 -1.3432039127613478
 -1.2731031554424261
 -1.2022353935116945
 -1.130643620755442
 -1.0583706666116175
 -0.98546026705805623
 -0.91195615924620732
 -0.83790285274706888
 -0.76334473237808409
 -0.6883268575937227
 -0.61289428863999684
 -0.53709262222326404
 -0.46096737108394842
 -0.38456448421347089
 -0.30792991099119765
 -0.23110989614443112
 -0.15415064201731582
 -0.077098544629455423
 3.8230964039797282e-11
 0.077098544574782865
 0.15415064199960504
 0.23110989608944604
 0.30792991105391099
 0.38456448416235661
 0.46096737106679736
 0.53709262217170972
 0.61289428870090212
 0.68832685754283773
 0.76334473236078759
 0.83790285269572962
 0.91195615930832963
 0.98546026700720935
 1.0583706665966477
 1.1306436207036257
 1.2022353935773682
 1.2731031553926209
 1.3432039127490796
 1.412495672571435
 1.4809364437988808
 1.5484853644407515
 1.6151013709514745
 1.6807446189650841
 1.7453752665027225
 1.8089548129439013
 1.8714445200487604
 1.9328070758869211
 1.993005171275029
 2.0520030377184209
 2.109764635379987
 2.1662555440894145
 2.2214413467544314
 2.2752893515070904
 2.3277665639592904
 2.3788417872054843
 2.4284838277146781
 2.47666338503491
 2.5233508280458472
 2.5685184835018764
 2.6121386818768424
 2.6541857962811393
 2.6946338442565052
 2.7334589426970592
 2.7706372126433747
 2.8061469473666927
 2.8399660635420196
 2.8720746979674101
 2.9024529927005021
 2.9310833692896741
 2.9579478572940281
 2.9830308036698669
 3.0063165648577135
 3.0277918557739061
 3.0474429968587575
 3.0652586911340221
 3.0812276700245911
 3.0953410501271206
 3.1075895975242083
 3.1179664575376309
 3.1264648913812829
 3.1330804115666178
 3.1378084257880201
 3.1406464828858551
 3.1415926535901311


# name: p
# type: matrix
# rows: 129
# columns: 1
 1.7461467093677581e-10
 0.024541228621122197
 0.049067674366976143
 0.073564563440581807
 0.098017140366074659
 0.12241067534393713
 0.14673047446322388
 0.17096188860374842
 0.19509032202201648
 0.21910124030923434
 0.2429801799039096
 0.26671275732193189
 0.29028467725289997
 0.31368174054936143
 0.33688985339094485
 0.35989503638697584
 0.38268343236112529
 0.40524131415049142
 0.42755509342830472
 0.44961132951307864
 0.47139673682074601
 0.49289819236841137
 0.51410274419074031
 0.53499761975329307
 0.55557023301331099
 0.5758081915481813
 0.59569930448950059
 0.61523159045581843
 0.63439328415641205
 0.65317284307454015
 0.67155895484366224
 0.68954054462242353
 0.70710678117844394
 0.72424708306155761
 0.7409511253512534
 0.75720884640321384
 0.77301045335386143
 0.78834642772488139
 0.80320753147659174
 0.81758481306059283
 0.83146961229295246
 0.84485356533521849
 0.85772860999589151
 0.87008699103086862
 0.8819212643381289
 0.89322430126743912
 0.90398929311877307
 0.9142097556395824
 0.92387953250052168
 0.93299279889238029
 0.94154406517810818
 0.94952818054359789
 0.95694033572100434
 0.96377606583824005
 0.97003125318942773
 0.97570213000407113
 0.98078528039169799
 0.98527764241648863
 0.98917650995951278
 0.9924795345795715
 0.99518472666045255
 0.99729045669071925
 0.99879545619979304
 0.99969881869254018
 0.99999999998812683
 0.99969881869260946
 0.99879545619975685
 0.99729045669058025
 0.99518472666033897
 0.9924795345795081
 0.98917650995936179
 0.9852776424162486
 0.98078528039149915
 0.97570213000391637
 0.97003125318918548
 0.96377606583790798
 0.95694033572071724
 0.94952818054335197
 0.94154406517777944
 0.93299279889196252
 0.92387953250014854
 0.91420975563925766
 0.90398929311837717
 0.89322430126695485
 0.88192126433769302
 0.87008699103047726
 0.85772860999542744
 0.84485356533467848
 0.83146961229247063
 0.81758481306016184
 0.8032075314761089
 0.78834642772432384
 0.77301045335337182
 0.75720884640276509
 0.74095112535075358
 0.72424708306096652
 0.70710678117794912
 0.6895405446220334
 0.67155895484320383
 0.65317284307401902
 0.63439328415594631
 0.61523159045542564
 0.59569930448907182
 0.57580819154770757
 0.55557023301290631
 0.53499761975295912
 0.51410274419037061
 0.49289819236798743
 0.47139673682041655
 0.44961132951279986
 0.42755509342799103
 0.40524131415008008
 0.38268343236084473
 0.35989503638683046
 0.33688985339071742
 0.31368174054908265
 0.29028467725267548
 0.26671275732180727
 0.2429801799037207
 0.21910124030899628
 0.19509032202182558
 0.17096188860364919
 0.14673047446308074
 0.12241067534377767
 0.098017140365945027
 0.073564563440563113
 0.049067674366909536
 0.024541228621096426
 1.7449263908786381e-10


# name: x
# type: range
# base, limit, increment
0 1 0.0078125


