# Created by Octave 6.2.0, Sat Jul 31 20:13:54 2021 -03 <kuroneko@kuroneko-VirtualBox>
# name: xl
# type: matrix
# rows: 129
# columns: 1
 0
 0.0078125
 0.015625
 0.0234375
 0.03125
 0.0390625
 0.046875
 0.0546875
 0.0625
 0.0703125
 0.078125
 0.0859375
 0.09375
 0.1015625
 0.109375
 0.1171875
 0.125
 0.1328125
 0.140625
 0.1484375
 0.15625
 0.1640625
 0.171875
 0.1796875
 0.1875
 0.1953125
 0.203125
 0.2109375
 0.21875
 0.2265625
 0.234375
 0.2421875
 0.25
 0.2578125
 0.265625
 0.2734375
 0.28125
 0.2890625
 0.296875
 0.3046875
 0.3125
 0.3203125
 0.328125
 0.3359375
 0.34375
 0.3515625
 0.359375
 0.3671875
 0.375
 0.3828125
 0.390625
 0.3984375
 0.40625
 0.4140625
 0.421875
 0.4296875
 0.4375
 0.4453125
 0.453125
 0.4609375
 0.46875
 0.4765625
 0.484375
 0.4921875
 0.5
 0.5078125
 0.515625
 0.5234375
 0.53125
 0.5390625
 0.546875
 0.5546875
 0.5625
 0.5703125
 0.578125
 0.5859375
 0.59375
 0.6015625
 0.609375
 0.6171875
 0.625
 0.6328125
 0.640625
 0.6484375
 0.65625
 0.6640625
 0.671875
 0.6796875
 0.6875
 0.6953125
 0.703125
 0.7109375
 0.71875
 0.7265625
 0.734375
 0.7421875
 0.75
 0.7578125
 0.765625
 0.7734375
 0.78125
 0.7890625
 0.796875
 0.8046875
 0.8125
 0.8203125
 0.828125
 0.8359375
 0.84375
 0.8515625
 0.859375
 0.8671875
 0.875
 0.8828125
 0.890625
 0.8984375
 0.90625
 0.9140625
 0.921875
 0.9296875
 0.9375
 0.9453125
 0.953125
 0.9609375
 0.96875
 0.9765625
 0.984375
 0.9921875
 1


# name: h
# type: scalar
0.03125


# name: u
# type: matrix
# rows: 129
# columns: 1
 -6.2831853071798021
 4.8705633365014247
 1.8848921957353155
 3.7076344810887449
 1.0960087487989121
 3.4906564366798283
 2.8376637206468596
 3.2191218802558299
 2.6437900811252235
 3.1455503076235773
 2.9892906820761178
 3.0544589611443249
 2.9120758471142634
 3.0003286760129808
 2.9454196337917726
 2.936828479493415
 2.8821499526467793
 2.8758013185250193
 2.8372670070273003
 2.8073846629360175
 2.7662631644998692
 2.7342617987161009
 2.6940523646841568
 2.6544524473670053
 2.6111963452950309
 2.5686914492803741
 2.5232255552002578
 2.4767208318469418
 2.4282808125093447
 2.3788790506364967
 2.327739575423045
 2.2753017277496186
 2.221397609538688
 2.1662635720666872
 2.1097588210278437
 2.0520057040485824
 1.9929957485993404
 1.9328088054350696
 1.871443267421854
 1.8089553873861131
 1.7453732364898347
 1.6807449915909447
 1.6151011010958749
 1.5484854882137091
 1.4809360064436263
 1.4124957528672109
 1.3432038546198997
 1.273103182073734
 1.2022352993413816
 1.1306436380209155
 1.0583706540829028
 0.98546027277216564
 0.91195613899369388
 0.83790285644478257
 0.76334472967547073
 0.68832685880161448
 0.61289428431633564
 0.53709262299633831
 0.46096737050250297
 0.38456448444572172
 0.30792991012913623
 0.23110989627745696
 0.15415064191135627
 0.077098544621431106
 -2.348962941328865e-13
 -0.077098544620078757
 -0.15415064191044747
 -0.23110989627673365
 -0.30792991012826854
 -0.38456448444499652
 -0.46096737050185571
 -0.53709262299541527
 -0.61289428431573911
 -0.68832685880053546
 -0.76334472967469968
 -0.83790285644403917
 -0.91195613899343198
 -0.98546027277142412
 -1.0583706540818996
 -1.1306436380200575
 -1.2022352993408318
 -1.273103182073049
 -1.3432038546194589
 -1.412495752866852
 -1.480936006442477
 -1.5484854882133703
 -1.6151011010952592
 -1.6807449915906223
 -1.74537323648815
 -1.8089553873855466
 -1.8714432674209971
 -1.9328088054342423
 -1.9929957485989169
 -2.0520057040478763
 -2.1097588210269085
 -2.1662635720658638
 -2.221397609539006
 -2.2753017277488077
 -2.3277395754224233
 -2.3788790506360624
 -2.4282808125089361
 -2.4767208318464196
 -2.5232255551995304
 -2.5686914492802559
 -2.611196345292492
 -2.6544524473669604
 -2.6940523646830488
 -2.7342617987153499
 -2.7662631644980409
 -2.8073846629353327
 -2.8372670070263917
 -2.8758013185240707
 -2.8821499526453831
 -2.9368284794923785
 -2.94541963379059
 -3.0003286760128729
 -2.912075847111733
 -3.0544589611442019
 -2.9892906820751115
 -3.1455503076232971
 -2.6437900811228068
 -3.2191218802554533
 -2.8376637206457804
 -3.4906564366799828
 -1.09600874879683
 -3.7076344810889488
 -1.8848921957348883
 -4.8705633365010046
 6.2831853071805206


# name: p
# type: matrix
# rows: 129
# columns: 1
 0.019011462194633552
 0.056359683528144786
 0.075418562438701583
 0.10212021566522073
 0.12448643708885043
 0.15163908612575935
 0.1747809631007205
 0.19948736741461578
 0.2231663203928812
 0.24777165693718856
 0.27139682723745373
 0.2952317356302312
 0.31870682035461351
 0.34223194398375251
 0.36538538525381392
 0.38841261423943646
 0.41118014822173998
 0.43376561908420025
 0.45606762002325363
 0.47812860565388993
 0.49990951849391424
 0.52141691777869215
 0.54261893209827805
 0.56351483089395171
 0.58408647587442308
 0.60432571491661724
 0.62421628118324102
 0.6437487875929887
 0.66291027268925284
 0.68169010747741043
 0.70007610147202382
 0.71805773874276357
 0.73562393035740004
 0.75276429167334291
 0.76946830858999282
 0.78572603987355549
 0.80152763714211206
 0.8168636243171965
 0.83172472260262964
 0.84610200639095123
 0.85998680353739976
 0.87337075933811958
 0.88624580282119536
 0.89860418433111022
 0.9104384571889691
 0.92174149471252786
 0.93250648631020949
 0.94272694893338027
 0.95239672569748357
 0.96150999221734013
 0.97006125844845914
 0.97804537383604417
 0.98545752899257333
 0.99229325913736188
 0.99854844647682339
 1.0042193232962719
 1.0093024736793714
 1.0137948357100863
 1.0176937032506119
 1.0209967278717635
 1.0237019199515931
 1.0258076499831665
 1.0273126494916993
 1.02821601198484
 1.0285171932799189
 1.0282160119848396
 1.0273126494916944
 1.0258076499831603
 1.0237019199515862
 1.0209967278717558
 1.0176937032506046
 1.0137948357100781
 1.0093024736793617
 1.00421932329626
 0.99854844647680885
 0.99229325913734612
 0.98545752899255767
 0.97804537383602941
 0.97006125844844227
 0.96150999221732114
 0.95239672569746492
 0.94272694893336206
 0.93250648631019228
 0.9217414947125131
 0.91043845718895444
 0.89860418433109646
 0.88624580282118337
 0.87337075933810993
 0.85998680353738977
 0.84610200639093958
 0.83172472260261798
 0.81686362431718329
 0.80152763714209918
 0.78572603987354339
 0.76946830858997939
 0.75276429167332715
 0.7356239303573866
 0.71805773874275214
 0.70007610147201182
 0.68169010747739989
 0.66291027268924496
 0.64374878759298382
 0.62421628118323691
 0.6043257149166168
 0.58408647587442208
 0.56351483089395149
 0.54261893209828038
 0.52141691777869381
 0.49990951849391474
 0.47812860565388837
 0.45606762002325218
 0.43376561908419753
 0.41118014822173465
 0.3884126142394288
 0.36538538525380326
 0.34223194398374335
 0.31870682035460396
 0.29523173563022137
 0.27139682723744596
 0.24777165693718209
 0.22316632039287407
 0.19948736741460765
 0.17478096310071312
 0.15163908612575502
 0.12448643708884924
 0.10212021566522146
 0.075418562438708689
 0.056359683528152252
 0.019011462194633448


# name: x
# type: range
# base, limit, increment
0 1 0.0078125


