# Created by Octave 6.2.0, Sat Jul 31 20:14:02 2021 -03 <kuroneko@kuroneko-VirtualBox>
# name: xl
# type: matrix
# rows: 257
# columns: 1
 0
 0.00390625
 0.0078125
 0.01171875
 0.015625
 0.01953125
 0.0234375
 0.02734375
 0.03125
 0.03515625
 0.0390625
 0.04296875
 0.046875
 0.05078125
 0.0546875
 0.05859375
 0.0625
 0.06640625
 0.0703125
 0.07421875
 0.078125
 0.08203125
 0.0859375
 0.08984375
 0.09375
 0.09765625
 0.1015625
 0.10546875
 0.109375
 0.11328125
 0.1171875
 0.12109375
 0.125
 0.12890625
 0.1328125
 0.13671875
 0.140625
 0.14453125
 0.1484375
 0.15234375
 0.15625
 0.16015625
 0.1640625
 0.16796875
 0.171875
 0.17578125
 0.1796875
 0.18359375
 0.1875
 0.19140625
 0.1953125
 0.19921875
 0.203125
 0.20703125
 0.2109375
 0.21484375
 0.21875
 0.22265625
 0.2265625
 0.23046875
 0.234375
 0.23828125
 0.2421875
 0.24609375
 0.25
 0.25390625
 0.2578125
 0.26171875
 0.265625
 0.26953125
 0.2734375
 0.27734375
 0.28125
 0.28515625
 0.2890625
 0.29296875
 0.296875
 0.30078125
 0.3046875
 0.30859375
 0.3125
 0.31640625
 0.3203125
 0.32421875
 0.328125
 0.33203125
 0.3359375
 0.33984375
 0.34375
 0.34765625
 0.3515625
 0.35546875
 0.359375
 0.36328125
 0.3671875
 0.37109375
 0.375
 0.37890625
 0.3828125
 0.38671875
 0.390625
 0.39453125
 0.3984375
 0.40234375
 0.40625
 0.41015625
 0.4140625
 0.41796875
 0.421875
 0.42578125
 0.4296875
 0.43359375
 0.4375
 0.44140625
 0.4453125
 0.44921875
 0.453125
 0.45703125
 0.4609375
 0.46484375
 0.46875
 0.47265625
 0.4765625
 0.48046875
 0.484375
 0.48828125
 0.4921875
 0.49609375
 0.5
 0.50390625
 0.5078125
 0.51171875
 0.515625
 0.51953125
 0.5234375
 0.52734375
 0.53125
 0.53515625
 0.5390625
 0.54296875
 0.546875
 0.55078125
 0.5546875
 0.55859375
 0.5625
 0.56640625
 0.5703125
 0.57421875
 0.578125
 0.58203125
 0.5859375
 0.58984375
 0.59375
 0.59765625
 0.6015625
 0.60546875
 0.609375
 0.61328125
 0.6171875
 0.62109375
 0.625
 0.62890625
 0.6328125
 0.63671875
 0.640625
 0.64453125
 0.6484375
 0.65234375
 0.65625
 0.66015625
 0.6640625
 0.66796875
 0.671875
 0.67578125
 0.6796875
 0.68359375
 0.6875
 0.69140625
 0.6953125
 0.69921875
 0.703125
 0.70703125
 0.7109375
 0.71484375
 0.71875
 0.72265625
 0.7265625
 0.73046875
 0.734375
 0.73828125
 0.7421875
 0.74609375
 0.75
 0.75390625
 0.7578125
 0.76171875
 0.765625
 0.76953125
 0.7734375
 0.77734375
 0.78125
 0.78515625
 0.7890625
 0.79296875
 0.796875
 0.80078125
 0.8046875
 0.80859375
 0.8125
 0.81640625
 0.8203125
 0.82421875
 0.828125
 0.83203125
 0.8359375
 0.83984375
 0.84375
 0.84765625
 0.8515625
 0.85546875
 0.859375
 0.86328125
 0.8671875
 0.87109375
 0.875
 0.87890625
 0.8828125
 0.88671875
 0.890625
 0.89453125
 0.8984375
 0.90234375
 0.90625
 0.91015625
 0.9140625
 0.91796875
 0.921875
 0.92578125
 0.9296875
 0.93359375
 0.9375
 0.94140625
 0.9453125
 0.94921875
 0.953125
 0.95703125
 0.9609375
 0.96484375
 0.96875
 0.97265625
 0.9765625
 0.98046875
 0.984375
 0.98828125
 0.9921875
 0.99609375
 1


# name: h
# type: scalar
0.015625


# name: u
# type: matrix
# rows: 257
# columns: 1
 -6.2831853071866455
 4.8712729522053371
 1.887730231941849
 3.7140179339862063
 1.107352316583297
 3.5083705127423146
 2.8631544915771383
 3.2537892162180269
 2.6890274271148895
 3.202742454814171
 3.0598140959844513
 3.1396795483203674
 3.0133489284810095
 3.1189967575677682
 3.0828127755837924
 3.0942620902840914
 3.0609247810342728
 3.0772012883349222
 3.0625595833446155
 3.057818724839017
 3.0430690001636798
 3.0386490366635242
 3.02721032451932
 3.0175481181647501
 3.0053743817299456
 2.9950722217505197
 2.9829054798222145
 2.9707704763620124
 2.9577448928190981
 2.9447746201004734
 2.931056330339028
 2.9170002603713234
 2.9024094049244287
 2.887489355123376
 2.8720688342842657
 2.856238125721593
 2.8399566897465456
 2.8232708317389088
 2.8061456463800809
 2.7886026877041283
 2.7706353255654728
 2.7522557473060045
 2.7334586258514055
 2.7142509041566436
 2.694633453319689
 2.6746113031960599
 2.6541856923764739
 2.6333606063218937
 2.6121387224647385
 2.5905237157375978
 2.5685184268364494
 2.5461263883687439
 2.5233508512047438
 2.5001953791958118
 2.47666333961517
 2.4527583453581068
 2.4284839486820169
 2.4038438636492918
 2.3788417457611359
 2.3534813961913681
 2.3277666031136035
 2.3017012799758279
 2.2752893121177626
 2.2485347049657589
 2.2214414612151678
 2.194013696810015
 2.1662555068712233
 2.1381710968512802
 2.1097646716807188
 2.0810405425830343
 2.0520030022893874
 2.0226564473171882
 1.9930052741344289
 1.9630539794325685
 1.9328070427253348
 1.9022690412488505
 1.8714445522856422
 1.8403382473105074
 1.808954781696797
 1.777298902437763
 1.745375356590364
 1.7131889791526977
 1.6807445901523996
 1.6480470949004258
 1.6151013987794116
 1.5819124886885159
 1.5484853376754371
 1.5148249975614949
 1.4809365202322382
 1.4468250324822425
 1.4124956483879321
 1.3779535541183787
 1.3432039358928314
 1.3082520480438531
 1.2731031333637861
 1.2377624998705528
 1.202235455621947
 1.1665273698338658
 1.1306436013812631
 1.0945895673438406
 1.0583706848364158
 1.0219924250123027
 0.98546024992861059
 0.94877967267165553
 0.91195620637036656
 0.87499541092059763
 0.83790283842023616
 0.80068408467032071
 0.76334474552086984
 0.72589045624937665
 0.68832684557955959
 0.65065957857639012
 0.61289432031806657
 0.57503676788666314
 0.53709261308076228
 0.4990675765650196
 0.46096737901770751
 0.42279776558126297
 0.38456447743141192
 0.34627327704837058
 0.30792992692530102
 0.2695402064249009
 0.23110989227088807
 0.1926447748776445
 0.15415064466358455
 0.11563330130415629
 0.077098543139563269
 0.038552174571386356
 6.5232544591895905e-13
 -0.038552174566852823
 -0.077098543136243605
 -0.11563330130059775
 -0.15415064466318878
 -0.19264477487428058
 -0.23110989226887912
 -0.26954020642246074
 -0.30792992692044174
 -0.3462732770448938
 -0.38456447742723493
 -0.42279776557820853
 -0.4609673790122375
 -0.49906757656217654
 -0.53709261307544587
 -0.57503676788440439
 -0.61289432031171887
 -0.65065957857509871
 -0.6883268455773216
 -0.72589045624882576
 -0.76334474551413267
 -0.80068408467070429
 -0.83790283841623736
 -0.87499541092018673
 -0.91195620636425001
 -0.94877967267214292
 -0.98546024992676684
 -1.0219924250118335
 -1.0583706848304952
 -1.0945895673433661
 -1.1306436013784118
 -1.16652736983174
 -1.2022354556177015
 -1.2377624998681105
 -1.2731031333607383
 -1.308252048042968
 -1.3432039358877927
 -1.3779535541176366
 -1.4124956483852573
 -1.446825032481182
 -1.4809365202266651
 -1.514824997560752
 -1.548485337672094
 -1.5819124886896916
 -1.6151013987716478
 -1.6480470949012473
 -1.6807445901492053
 -1.7131889791520605
 -1.7453753565834511
 -1.7772989024368919
 -1.808954781692709
 -1.840338247307139
 -1.8714445522815963
 -1.9022690412453491
 -1.9328070427216888
 -1.9630539794328123
 -1.9930052741266642
 -2.0226564473176225
 -2.0520030022856957
 -2.0810405425835521
 -2.1097646716723966
 -2.1381710968523704
 -2.1662555068672265
 -2.1940136968089963
 -2.221441461209209
 -2.2485347049641216
 -2.2752893121140461
 -2.3017012799744547
 -2.3277666031091209
 -2.3534813961898871
 -2.3788417457574158
 -2.4038438636477912
 -2.4284839486771941
 -2.4527583453560275
 -2.4766633396113837
 -2.5001953791938978
 -2.5233508511998473
 -2.5461263883673109
 -2.5685184268332981
 -2.5905237157385121
 -2.6121387224545924
 -2.6333606063233375
 -2.6541856923725886
 -2.6746113031989243
 -2.6946334533082448
 -2.714250904159706
 -2.7334586258477303
 -2.7522557473071139
 -2.7706353255572398
 -2.7886026877048078
 -2.8061456463766663
 -2.8232708317400981
 -2.8399566897364497
 -2.8562381257228666
 -2.8720688342808725
 -2.887489355122971
 -2.9024094049165408
 -2.917000260371287
 -2.9310563303346777
 -2.9447746201004348
 -2.9577448928123595
 -2.9707704763615119
 -2.9829054798187378
 -2.9950722217515517
 -3.005374381720411
 -3.017548118166113
 -3.0272103245154298
 -3.0386490366639305
 -3.0430690001535674
 -3.0578187248389268
 -3.0625595833407342
 -3.0772012883340936
