# Created by Octave 6.2.0, Wed Aug 04 01:26:16 2021 -03 <kuroneko@kuroneko-VirtualBox>
# name: xl
# type: matrix
# rows: 257
# columns: 1
 0
 0.00390625
 0.0078125
 0.01171875
 0.015625
 0.01953125
 0.0234375
 0.02734375
 0.03125
 0.03515625
 0.0390625
 0.04296875
 0.046875
 0.05078125
 0.0546875
 0.05859375
 0.0625
 0.06640625
 0.0703125
 0.07421875
 0.078125
 0.08203125
 0.0859375
 0.08984375
 0.09375
 0.09765625
 0.1015625
 0.10546875
 0.109375
 0.11328125
 0.1171875
 0.12109375
 0.125
 0.12890625
 0.1328125
 0.13671875
 0.140625
 0.14453125
 0.1484375
 0.15234375
 0.15625
 0.16015625
 0.1640625
 0.16796875
 0.171875
 0.17578125
 0.1796875
 0.18359375
 0.1875
 0.19140625
 0.1953125
 0.19921875
 0.203125
 0.20703125
 0.2109375
 0.21484375
 0.21875
 0.22265625
 0.2265625
 0.23046875
 0.234375
 0.23828125
 0.2421875
 0.24609375
 0.25
 0.25390625
 0.2578125
 0.26171875
 0.265625
 0.26953125
 0.2734375
 0.27734375
 0.28125
 0.28515625
 0.2890625
 0.29296875
 0.296875
 0.30078125
 0.3046875
 0.30859375
 0.3125
 0.31640625
 0.3203125
 0.32421875
 0.328125
 0.33203125
 0.3359375
 0.33984375
 0.34375
 0.34765625
 0.3515625
 0.35546875
 0.359375
 0.36328125
 0.3671875
 0.37109375
 0.375
 0.37890625
 0.3828125
 0.38671875
 0.390625
 0.39453125
 0.3984375
 0.40234375
 0.40625
 0.41015625
 0.4140625
 0.41796875
 0.421875
 0.42578125
 0.4296875
 0.43359375
 0.4375
 0.44140625
 0.4453125
 0.44921875
 0.453125
 0.45703125
 0.4609375
 0.46484375
 0.46875
 0.47265625
 0.4765625
 0.48046875
 0.484375
 0.48828125
 0.4921875
 0.49609375
 0.5
 0.50390625
 0.5078125
 0.51171875
 0.515625
 0.51953125
 0.5234375
 0.52734375
 0.53125
 0.53515625
 0.5390625
 0.54296875
 0.546875
 0.55078125
 0.5546875
 0.55859375
 0.5625
 0.56640625
 0.5703125
 0.57421875
 0.578125
 0.58203125
 0.5859375
 0.58984375
 0.59375
 0.59765625
 0.6015625
 0.60546875
 0.609375
 0.61328125
 0.6171875
 0.62109375
 0.625
 0.62890625
 0.6328125
 0.63671875
 0.640625
 0.64453125
 0.6484375
 0.65234375
 0.65625
 0.66015625
 0.6640625
 0.66796875
 0.671875
 0.67578125
 0.6796875
 0.68359375
 0.6875
 0.69140625
 0.6953125
 0.69921875
 0.703125
 0.70703125
 0.7109375
 0.71484375
 0.71875
 0.72265625
 0.7265625
 0.73046875
 0.734375
 0.73828125
 0.7421875
 0.74609375
 0.75
 0.75390625
 0.7578125
 0.76171875
 0.765625
 0.76953125
 0.7734375
 0.77734375
 0.78125
 0.78515625
 0.7890625
 0.79296875
 0.796875
 0.80078125
 0.8046875
 0.80859375
 0.8125
 0.81640625
 0.8203125
 0.82421875
 0.828125
 0.83203125
 0.8359375
 0.83984375
 0.84375
 0.84765625
 0.8515625
 0.85546875
 0.859375
 0.86328125
 0.8671875
 0.87109375
 0.875
 0.87890625
 0.8828125
 0.88671875
 0.890625
 0.89453125
 0.8984375
 0.90234375
 0.90625
 0.91015625
 0.9140625
 0.91796875
 0.921875
 0.92578125
 0.9296875
 0.93359375
 0.9375
 0.94140625
 0.9453125
 0.94921875
 0.953125
 0.95703125
 0.9609375
 0.96484375
 0.96875
 0.97265625
 0.9765625
 0.98046875
 0.984375
 0.98828125
 0.9921875
 0.99609375
 1


# name: h
# type: scalar
0.015625


# name: u
# type: matrix
# rows: 257
# columns: 1
 -3.1415926536541106
 -3.141356098776027
 -3.1406464619756096
 -3.139463864767349
 -3.1378084584892121
 -3.1356805339291518
 -3.1330803683323527
 -3.1300083864556569
 -3.1264650151425397
 -3.1224508387016359
 -3.1179664106232621
 -3.1130124433181794
 -3.1075896453291891
 -3.101698885603092
 -3.0953409989400797
 -3.0885169804571961
 -3.0812278201702568
 -3.0734746681660194
 -3.0652586397071868
 -3.056581009652227
 -3.0474430473478979
 -3.0378461810299253
 -3.0277918038889307
 -3.0172814675452662
 -3.0063167169589451
 -2.9948992564362715
 -2.983030752481548
 -2.9707130299382984
 -2.9579479070860186
 -2.9447373570522553
 -2.9310833187504288
 -2.916987884502261
 -2.9024531413004673
 -2.8874813275274325
 -2.8720746485332844
 -2.8562354597448483
 -2.8399661116171937
 -2.8232691025559551
 -2.8061468989138558
 -2.788602113633083
 -2.7706373547845806
 -2.752255375050574
 -2.7334588956175909
 -2.7142507807817506
 -2.6946338898513469
 -2.6746112232916257
 -2.6541857504115205
 -2.6333605799958177
 -2.6121388159218784
 -2.5905236987810936
 -2.5685184392675202
 -2.5461263829488918
 -2.5233508707249954
 -2.5001953758368369
 -2.4766633422092594
 -2.452758344504574
 -2.4284839520455748
 -2.4038438632226691
 -2.3788417462312963
 -2.353481396251643
 -2.3277666034051765
 -2.3017012801349597
 -2.275289312219841
 -2.2485347052310098
 -2.2214414608293547
 -2.1940136970698516
 -2.1662555068734211
 -2.1381710971363148
 -2.1097646711898261
 -2.0810405428770982
 -2.0520030022567197
 -2.0226564476239313
 -1.9930052735842241
 -1.9630539797358801
 -1.9328070427279684
 -1.9022690415665271
 -1.8714445517556926
 -1.8403382476201728
 -1.8089547817049203
 -1.7772989027301651
 -1.7453753561128671
 -1.7131889794464219
 -1.6807445901947493
 -1.6480470951707462
 -1.6151013983121045
 -1.5819124889786271
 -1.5484853376921404
 -1.5148249979203381
 -1.4809365195057163
 -1.4468250328044649
 -1.4124956483551196
 -1.3779535544157968
 -1.3432039354522944
 -1.3082520483088627
 -1.2731031334175231
 -1.237762500112414
 -1.2022354553196892
 -1.1665273700881298
 -1.1306436014561225
 -1.094589567562112
 -1.058370684524077
 -1.0219924252643451
 -0.98546025000662285
 -0.94877967293699561
 -0.91195620609032912
 -0.87499541116755231
 -0.83790283851407865
 -0.80068408489340737
 -0.76334474525883178
 -0.72589045645389305
 -0.68832684564921776
 -0.65065957882281833
 -0.61289432005596389
 -0.57503676811958493
 -0.53709261317191992
 -0.49906757679564651
 -0.46096737877812105
 -0.42279776579675876
 -0.38456447749853079
 -0.34627327728462737
 -0.30792992656151952
 -0.26954020672026258
 -0.23110989236440832
 -0.19264477513812678
 -0.15415064437295448
 -0.11563330152706794
 -0.077098543244884077
 -0.038552174825622669
 2.1044126416863248e-10
 0.038552174343080073
 0.077098543045459017
 0.11563330111820487
 0.15415064482893712
 0.19264477466404301
 0.2311098921644861
 0.26954020623907349
 0.3079299270843015
 0.34627327684284304
 0.38456447729750698
 0.42279776538826147
 0.46096737907852525
 0.49906757636556975
 0.53709261294330646
 0.57503676769855139
 0.61289432035891123
 0.65065957839015065
 0.68832684544070988
 0.7258904560752214
 0.76334474564396715
 0.80068408449615369
 0.83790283830820356
 0.87499541072726306
 0.91195620648600173
 0.94877967247849626
 0.98546024980965052
 1.0219924248481336
 1.0583706849049781
 1.0945895671625343
 1.1306436012154166
 1.1665273696391707
 1.2022354556603538
 1.237762499708434
 1.2731031332182994
 1.3082520478651896
 1.3432039359645618
 1.3779535539437096
 1.4124956482694675
 1.446825032293545
 1.4809365202779969
 1.5148249974068533
 1.5484853375370122
 1.5819124885336038
 1.6151013987432956
 1.6480470947880952
 1.6807445899932365
 1.713188979026518
 1.7453753565284189
 1.7772989023258936
 1.8089547815552407
 1.8403382471861105
 1.8714445522591383
 1.9022690411263043
 1.932807042596919
 1.9630539793166302
 1.9930052740763142
 2.0226564472006987
 2.0520030021820186
 2.0810405424494429
 2.109764671768882
 2.1381710967229348
 2.166255506795606
 2.1940136966582187
 2.2214414613868065
 2.2485347048251865
 2.2752893121488036
 2.3017012797252714
 2.3277666040050824
 2.353481395837004
 2.3788417462394271
 2.4038438627333796
 2.4284839530580027
 2.452758344007651
 2.4766633421937483
 2.500195375417551
 2.5233508714176418
 2.5461263825689255
 2.5685184392945426
 2.5905236983599509
 2.6121388166626915
 2.633360579547904
 2.6541857504384789
 2.6746112228240411
 2.6946338907082681
 2.7142507803118052
 2.7334588956772126
 2.7522553745606744
 2.7706373556364801
 2.7886021132245533
 2.8061468989690894
 2.8232691021618366
 2.8399661123999622
 2.8562354593581469
 2.8720746486140114
 2.887481327103802
 2.9024531421711828
 2.9169878840801431
 2.9310833188638363
 2.9447373566472872
 2.9579479080168927
 2.9707130295548381
 2.9830307526603126
 2.9948992559776806
 3.0063167182533874
 3.0172814670701369
 3.0277918040511751
 3.0378461806125232
 3.0474430482772417
 3.0565810092647743
 3.0652586398651929
