# Created by Octave 6.3.0, Sat Sep 25 14:52:33 2021 -03 <kuroneko@kuroneko-VirtualBox>
# name: beta
# type: scalar
0


# name: Lambda
# type: matrix
# rows: 257
# columns: 1
 1
 0.99992470183904003
 0.99969881869599553
 0.99932238458803768
 0.99879545620475985
 0.99811811289963992
 0.99729045667808425
 0.99631261218207756
 0.99518472667140523
 0.99390697000147488
 0.99247953459774019
 0.99090263542672408
 0.98917650996364093
 0.98730141815663852
 0.9852776423876437
 0.98310548742984283
 0.98078528040178214
 0.97831737071810809
 0.97570213003693795
 0.97293995220390406
 0.97003125319282058
 0.9669764710430665
 0.96377606579359243
 0.96043051941365665
 0.95694033573024095
 0.9533060403521707
 0.949528180590961
 0.94560732537839642
 0.94154406518084843
 0.93733901191035718
 0.93299279883247621
 0.92850608047091221
 0.92387953250894383
 0.91911385168767656
 0.91420975570111329
 0.90916798308806956
 0.9039892931209571
 0.89867446569143417
 0.89322430119296559
 0.88763962040027411
 0.88192126434574636
 0.87607009419277304
 0.87008699110605414
 0.8639728561189064
 0.85772860999756895
 0.85135519310254126
 0.84485356524696542
 0.83822470555207929
 0.83146961229977134
 0.82458930278223908
 0.81758481314878617
 0.81045719824978724
 0.80320753147783042
 0.79583690460606205
 0.78834642762377949
 0.7807372285692632
 0.77301045335990282
 0.76516726561962345
 0.75720884650364939
 0.74913639452062586
 0.74095112535212737
 0.73265427166958441
 0.72424708294864359
 0.71573082528100185
 0.70710678118373782
 0.69837624940617249
 0.68954054473427762
 0.68060099779267524
 0.67155895484425276
 0.66241577758742021
 0.65317284295103961
 0.64383154288707023
 0.63439328416094076
 0.62485948813969905
 0.61523159057795884
 0.60551104140167733
 0.59569930448980646
 0.58579785745383395
 0.57580819141526418
 0.5657318107810565
 0.55557023301707031
 0.54532498841954014
 0.53499761988461803
 0.52458968267601669
 0.51410274419079838
 0.50353838372332471
 0.49289819222742265
 0.48218377207679403
 0.47139673682370248
 0.46053871095597915
 0.44961132965238154
 0.43861623853633974
 0.42755509342813086
 0.41642956009552351
 0.40524131400291541
 0.39399204005901395
 0.38268343236309676
 0.37131719394988599
 0.35989503653307858
 0.3484186802475675
 0.33688985339039573
 0.32531029216048263
 0.31368174039715541
 0.30200594931753744
 0.29028467725281709
 0.27851968938345373
 0.26671275747334522
 0.25486565960300828
 0.24298017990180484
 0.23105810827925971
 0.21910124015550644
 0.20711137619090381
 0.19509032201486301
 0.1830398879539249
 0.17096188875913473
 0.15885814333274481
 0.1467304744542951
 0.13458070850610987
 0.12241067519825032
 0.11022220729296801
 0.098017140328696531
 0.085797312343627058
 0.073564563598905841
 0.061320736301498494
 0.049067674326759493
 0.036807222940751977
 0.024541228522357197
 0.012271538285216627
 -4.5148725412624166e-13
 -0.0122715382861196
 -0.02454122852326019
 -0.036807222941655011
 -0.049067674327662493
 -0.061320736302401431
 -0.073564563599808827
 -0.085797312344529947
 -0.098017140329599448
 -0.11022220729387061
 -0.12241067519915262
 -0.13458070850701206
 -0.14673047445519721
 -0.15885814333364676
 -0.17096188876003646
 -0.18303988795482634
 -0.19509032201576387
 -0.20711137619180453
 -0.2191012401564065
 -0.23105810828015907
 -0.24298017990270337
 -0.25486565960390611
 -0.26671275747424206
 -0.27851968938434996
 -0.29028467725371243
 -0.30200594931843183
 -0.31368174039804941
 -0.3253102921613753
 -0.33688985339128763
 -0.34841868024845829
 -0.35989503653396804
 -0.37131719395077473
 -0.38268343236398461
 -0.39399204005990035
 -0.40524131400380076
 -0.41642956009640808
 -0.42755509342901293
 -0.43861623853721954
 -0.44961132965326084
 -0.460538710956857
 -0.47139673682457722
 -0.48218377207766505
 -0.49289819222829079
 -0.50353838372419046
 -0.5141027441916618
 -0.52458968267687756
 -0.53499761988547512
 -0.54532498842039445
 -0.55557023301792097
 -0.56573181078190315
 -0.57580819141610773
 -0.58579785745467483
 -0.59569930449064312
 -0.60551104140251022
 -0.61523159057878807
 -0.62485948814052528
 -0.63439328416176166
 -0.64383154288788591
 -0.6531728429518503
 -0.66241577758822534
 -0.67155895484505435
 -0.68060099779347194
 -0.68954054473506932
 -0.69837624940695908
 -0.70710678118451864
 -0.71573082528177601
 -0.72424708294941098
 -0.73265427167034414
 -0.74095112535287799
 -0.74913639452136827
 -0.75720884650438325
 -0.76516726562034876
 -0.77301045336062035
 -0.78073722856997152
 -0.78834642762447871
 -0.79583690460675172
 -0.80320753147851043
 -0.81045719825045803
 -0.81758481314944731
 -0.82458930278289
 -0.83146961230041194
 -0.83822470555270789
 -0.84485356524758348
 -0.851355193103148
 -0.85772860999816447
 -0.86397285611948871
 -0.87008699110662557
 -0.87607009419333448
 -0.88192126434629825
 -0.88763962040081357
 -0.89322430119349316
 -0.8986744656919512
 -0.90398929312146303
 -0.9091679830885655
 -0.91420975570159924
 -0.91911385168815307
 -0.9238795325094088
 -0.9285060804713684
 -0.93299279883292419
 -0.93733901191079361
 -0.94154406518127398
 -0.94560732537881154
 -0.94952818059136479
 -0.9533060403525625
 -0.95694033573061865
 -0.96043051941401869
 -0.96377606579393871
 -0.9669764710433989
 -0.97003125319313954
 -0.97293995220420704
 -0.97570213003722683
 -0.97831737071838221
 -0.98078528040204127
 -0.9831054874300853
 -0.98527764238787041
 -0.98730141815685069
 -0.98917650996383899
 -0.99090263542690582
 -0.99247953459790383
 -0.99390697000162165
 -0.99518472667153657
 -0.99631261218219236
 -0.99729045667818284
 -0.99811811289972241
 -0.99879545620482768
 -0.99932238458808842
 -0.99969881869602917
 -0.99992470183905702
 -1


# name: nen
# type: scalar
3


# name: nel
# type: scalar
256


# name: h
# type: scalar
0.00390625


