# Created by Octave 6.3.0, Sat Sep 25 14:52:30 2021 -03 <kuroneko@kuroneko-VirtualBox>
# name: beta
# type: scalar
0


# name: Lambda
# type: matrix
# rows: 65
# columns: 1
 1
 0.9987954562052328
 0.99518472667231384
 0.98917650996494944
 0.98078528040344637
 0.97003125319480077
 0.95694033573250237
 0.94154406518334544
 0.92387953251163757
 0.90398929312381693
 0.88192126434874751
 0.85772861000067901
 0.8314696123029609
 0.80320753148106605
 0.77301045336316054
 0.74095112535538121
 0.70710678118696391
 0.67155895484742623
 0.63439328416404073
 0.59569930449281239
 0.55557023301996267
 0.51410274419356117
 0.47139673682631311
 0.4275550934305718
 0.38268343236535179
 0.33688985339245264
 0.29028467725466345
 0.24298017990343213
 0.19509032201626256
 0.14673047445546106
 0.098017140329624108
 0.049067674327445514
 -8.8783809154516035e-15
 -0.049067674327463298
 -0.098017140329641941
 -0.14673047445547863
 -0.19509032201627999
 -0.24298017990344958
 -0.2902846772546806
 -0.33688985339246907
 -0.38268343236536784
 -0.42755509343058801
 -0.4713967368263291
 -0.51410274419357704
 -0.55557023301997721
 -0.59569930449282649
 -0.63439328416405383
 -0.67155895484743833
 -0.70710678118697623
 -0.74095112535539265
 -0.7730104533631722
 -0.80320753148107682
 -0.83146961230297134
 -0.85772861000068867
 -0.88192126434875551
 -0.90398929312382414
 -0.92387953251164412
 -0.94154406518334988
 -0.95694033573250392
 -0.97003125319480177
 -0.98078528040344604
 -0.98917650996495032
 -0.99518472667231483
 -0.9987954562052338
 -1


# name: nen
# type: scalar
3


# name: nel
# type: scalar
64


# name: h
# type: scalar
0.015625


# name: xl
# type: matrix
# rows: 129
# columns: 1
 0
 0.0078125
 0.015625
 0.0234375
 0.03125
 0.0390625
 0.046875
 0.0546875
 0.0625
 0.0703125
 0.078125
 0.0859375
 0.09375
 0.1015625
 0.109375
 0.1171875
 0.125
 0.1328125
 0.140625
 0.1484375
 0.15625
 0.1640625
 0.171875
 0.1796875
 0.1875
 0.1953125
 0.203125
 0.2109375
 0.21875
 0.2265625
 0.234375
 0.2421875
 0.25
 0.2578125
 0.265625
 0.2734375
 0.28125
 0.2890625
 0.296875
 0.3046875
 0.3125
 0.3203125
 0.328125
 0.3359375
 0.34375
 0.3515625
 0.359375
 0.3671875
 0.375
 0.3828125
 0.390625
 0.3984375
 0.40625
 0.4140625
 0.421875
 0.4296875
 0.4375
 0.4453125
 0.453125
 0.4609375
 0.46875
 0.4765625
 0.484375
 0.4921875
 0.5
 0.5078125
 0.515625
 0.5234375
 0.53125
 0.5390625
 0.546875
 0.5546875
 0.5625
 0.5703125
 0.578125
 0.5859375
 0.59375
 0.6015625
 0.609375
 0.6171875
 0.625
 0.6328125
 0.640625
 0.6484375
 0.65625
 0.6640625
 0.671875
 0.6796875
 0.6875
 0.6953125
 0.703125
 0.7109375
 0.71875
 0.7265625
 0.734375
 0.7421875
 0.75
 0.7578125
 0.765625
 0.7734375
 0.78125
 0.7890625
 0.796875
 0.8046875
 0.8125
 0.8203125
 0.828125
 0.8359375
 0.84375
 0.8515625
 0.859375
 0.8671875
 0.875
 0.8828125
 0.890625
 0.8984375
 0.90625
 0.9140625
 0.921875
 0.9296875
 0.9375
 0.9453125
 0.953125
 0.9609375
 0.96875
 0.9765625
 0.984375
 0.9921875
 1


# name: U
# type: matrix
# rows: 64
# columns: 3
 -4.0250548760369853e-12 0.077098542906009288 0.15415064519174179
 0.15415064519178603 0.23110989158321721 0.3079299279812745
 0.30792992798121027 0.38456447628864732 0.46096738060270587
 0.46096738060278586 0.53709261148696263 0.61289432242842601
 0.61289432242850916 0.68832684354044282 0.76334474814820708
 0.76334474814816844 0.83790283593739201 0.91195620950846479
 0.91195620950858247 0.98546024701109447 1.0583706884822337
 1.0583706884821962 1.1306435980334597 1.2022354597649609
 1.2022354597649427 1.2731031295954895 1.3432039405217349
 1.3432039405217076 1.4124956442076406 1.4809365253350029
 1.4809365253350517 1.5484853330929567 1.6151014043440872
 1.6151014043441394 1.6807445851795491 1.7453753626039248
 1.7453753626039523 1.8089547763445712 1.8714445587383899
 1.8714445587383783 1.932807037007606 1.9930052810116217
 1.9930052810116141 2.0520029962245818 2.1097646789962456
 2.1097646789962501 2.1662555004894215 2.2214414690756112
 2.2214414690756485 2.2752893055120329 2.3277666120807035
 2.3277666120807141 2.378841739305825 2.4284839614289839
 2.4284839614290274 2.476663334987725 2.5233508802041325
 2.5233508802041436 2.568518431765511 2.6121388256893945
 2.612138825689434 2.6541857426655495 2.6946338999472514
 2.6946338999472332 2.7334588876322261 2.7706373651180143
 2.770637365118005 2.8061468907158753 2.8399661221970365
 2.8399661221970223 2.8720746401503372 2.9024531521360184
 2.9024531521360397 2.9310833102126765 2.9579479182066613
 2.9579479182066866 2.9830307438481318 3.0063167286567003
 3.0063167286567101 3.0277917951389979 3.0474430587851353
 3.0474430587851273 3.0652586307921088 3.0812278316604442
 3.0812278316604425 3.095340989918693 3.1075896568055978
 3.1075896568056058 3.117966401480714 3.1264650262748011
 3.1264650262747988 3.1330803588799472 3.1378084676496956
 3.1378084676497005 3.1406464512692076 3.1415926535864576
 3.1415926535864562 3.1406464512692054 3.1378084676496978
 3.1378084676496938 3.133080358879945 3.1264650262747966
 3.1264650262747953 3.1179664014807082 3.1075896568056001
 3.1075896568055779 3.0953409899186739 3.0812278316604238
 3.0812278316604202 3.0652586307920848 3.0474430587851034
 3.0474430587851153 3.0277917951389766 3.0063167286566879
 3.0063167286566523 2.9830307438480834 2.9579479182066373
 2.9579479182065982 2.9310833102126135 2.9024531521359767
 2.9024531521359975 2.8720746401503163 2.839966122197001
 2.8399661221969978 2.8061468907158367 2.7706373651179663
 2.7706373651179548 2.7334588876321666 2.6946338999471733
 2.6946338999471187 2.6541857426654163 2.6121388256893003
 2.6121388256893394 2.5685184317654555 2.523350880204088
 2.5233508802040614 2.4766633349876535 2.4284839614289555
 2.4284839614289533 2.3788417393057943 2.3277666120806839
 2.3277666120806728 2.2752893055120018 2.2214414690756166
 2.2214414690756175 2.1662555004894277 2.1097646789962563
 2.1097646789961946 2.0520029962245299 1.9930052810115613
 1.9930052810115808 1.9328070370075647 1.8714445587383366
 1.8714445587383157 1.8089547763444975 1.7453753626038786
 1.7453753626038799 1.680744585179504 1.6151014043440943
 1.6151014043439955 1.5484853330928647 1.4809365253349602
 1.4809365253349249 1.412495644207562 1.3432039405216283
 1.3432039405216711 1.2731031295954258 1.2022354597648792
 1.2022354597648879 1.1306435980333869 1.0583706884821236
 1.0583706884820199 0.98546024701088075 0.91195620950836886
 0.9119562095084186 0.83790283593734549 0.76334474814812181
 0.76334474814811004 0.68832684354034557 0.6128943224284118
 0.61289432242835296 0.53709261148688969 0.46096738060271297
 0.4609673806027702 0.3845644762887116 0.3079299279812745
 0.30792992798118407 0.23110989158312675 0.15415064519169561
 0.15415064519161034 0.077098542905877837 -4.156505891365632e-12


