# Created by Octave 6.3.0, Sat Sep 25 14:52:29 2021 -03 <kuroneko@kuroneko-VirtualBox>
# name: beta
# type: scalar
0


# name: Lambda
# type: matrix
# rows: 17
# columns: 1
 1
 0.98078528038817603
 0.9238795324865402
 0.83146961227316174
 0.70710678115707204
 0.55557023299390285
 0.3826834323462045
 0.19509032200615012
 -3.6760717926479847e-15
 -0.19509032200615725
 -0.38268343234621033
 -0.55557023299390684
 -0.70710678115707581
 -0.8314696122731644
 -0.92387953248654342
 -0.98078528038817658
 -1


# name: nen
# type: scalar
3


# name: nel
# type: scalar
16


# name: h
# type: scalar
0.0625


# name: xl
# type: matrix
# rows: 33
# columns: 1
 0
 0.03125
 0.0625
 0.09375
 0.125
 0.15625
 0.1875
 0.21875
 0.25
 0.28125
 0.3125
 0.34375
 0.375
 0.40625
 0.4375
 0.46875
 0.5
 0.53125
 0.5625
 0.59375
 0.625
 0.65625
 0.6875
 0.71875
 0.75
 0.78125
 0.8125
 0.84375
 0.875
 0.90625
 0.9375
 0.96875
 1


# name: U
# type: matrix
# rows: 16
# columns: 3
 2.8460873596665708e-10 0.30792959347927085 0.61289432273439493
 0.6128943227343886 0.91195521829102366 1.2022354600875258
 1.2022354600875116 1.4809349155051605 1.7453753629418363
 1.745375362941852 1.9930031144452689 2.2214414694270381
 2.2214414694270461 2.4284813213971979 2.6121388260518161
 2.6121388260518099 2.7706343530867716 2.9024531525066783
 2.9024531525066757 3.0063134603878074 3.081227832036129
 3.0812278320361295 3.1264616273770929 3.1415926539638477
 3.1415926539638481 3.1264616273770924 3.0812278320361295
 3.0812278320361228 3.0063134603878017 2.9024531525066699
 2.902453152506681 2.7706343530867756 2.6121388260518148
 2.6121388260518255 2.4284813213972072 2.2214414694270554
 2.2214414694270519 1.9930031144452831 1.745375362941866
 1.7453753629418614 1.4809349155051863 1.2022354600875382
 1.202235460087536 0.9119552182910341 0.61289432273439937
 0.61289432273440969 0.30792959347928578 2.8462359634754415e-10


# name: P
# type: matrix
# rows: 16
# columns: 3
 0.99999794857204338 0.99518498396303723 0.98078322494148396
 0.98078331181418277 0.95694058312284536 0.92387755201077748
 0.92387772241770616 0.88192149233614825 0.83146778287689971
 0.83146803026941585 0.77301065319000406 0.70710517314298471
 0.7071054880139318 0.63439344815421195 0.5555689081570685
 0.55556927840613268 0.47139685868019027 0.38268244159935988
 0.38268285299807797 0.29028475229120237 0.19508970342314141
 0.19509014016169077 0.098017165666253528 -2.226473788291031e-07
 2.2264738471330488e-07 -0.098017165666247588 -0.19509014016168483
 -0.19508970342313561 -0.29028475229119638 -0.38268285299807175
 -0.38268244159935288 -0.47139685868018305 -0.55556927840612547
 -0.55556890815706161 -0.6343934481542054 -0.70710548801392559
 -0.70710517314297971 -0.77301065318999918 -0.83146803026941107
 -0.83146778287689627 -0.88192149233614525 -0.92387772241770361
 -0.92387755201077559 -0.95694058312284347 -0.98078331181418099
 -0.98078322494148307 -0.9951849839630369 -0.99999794857204372


# name: x
# type: range
# base, limit, increment
0 1 0.03125


# name: exata
# type: matrix
# rows: 33
# columns: 1
 1
 0.99518472667219693
 0.98078528040323043
 0.95694033573220882
 0.92387953251128674
 0.88192126434835505
 0.83146961230254524
 0.77301045336273699
 0.70710678118654757
 0.63439328416364549
 0.55557023301960229
 0.47139673682599781
 0.38268343236508984
 0.29028467725446233
 0.19509032201612833
 0.09801714032956077
 6.123233995736766e-17
 -0.098017140329560645
 -0.19509032201612819
 -0.29028467725446216
 -0.38268343236508973
 -0.4713967368259977
 -0.55557023301960196
 -0.63439328416364538
 -0.70710678118654746
 -0.77301045336273699
 -0.83146961230254535
 -0.88192126434835494
 -0.92387953251128674
 -0.95694033573220882
 -0.98078528040323043
 -0.99518472667219682
 -1


