# Created by Octave 6.3.0, Sat Sep 25 14:52:29 2021 -03 <kuroneko@kuroneko-VirtualBox>
# name: beta
# type: scalar
0


# name: Lambda
# type: matrix
# rows: 5
# columns: 1
 1
 0.70710665700323827
 8.8817841970012858e-16
 -0.70710665700323683
 -1


# name: nen
# type: scalar
3


# name: nel
# type: scalar
4


# name: h
# type: scalar
0.25


# name: xl
# type: matrix
# rows: 9
# columns: 1
 0
 0.125
 0.25
 0.375
 0.5
 0.625
 0.75
 0.875
 1


# name: U
# type: matrix
# rows: 4
# columns: 3
 1.1992201241846401e-06 1.2019050220146472 2.2214429324531282
 2.2214429324531286 2.9016537088787309 3.1415942263798335
 3.1415942263798358 2.9016537088787331 2.2214429324531304
 2.2214429324531304 1.2019050220146494 1.1992201263934121e-06


# name: P
# type: matrix
# rows: 4
# columns: 3
 0.99952333657226244 0.92394237669522394 0.70661432640090061
 0.70692488372138151 0.38270942690594373 -0.00021959718725874378
 0.00021959718726047799 -0.38270942690594228 -0.7069248837213804
 -0.70661432640089894 -0.92394237669522283 -0.99952333657226211


# name: x
# type: range
# base, limit, increment
0 1 0.125


# name: exata
# type: matrix
# rows: 9
# columns: 1
 1
 0.92387953251128674
 0.70710678118654757
 0.38268343236508984
 6.123233995736766e-17
 -0.38268343236508973
 -0.70710678118654746
 -0.92387953251128674
 -1


