# Created by Octave 6.2.0, Mon Aug 30 19:46:58 2021 -03 <kuroneko@kuroneko-VirtualBox>
# name: alfa
# type: scalar
0


# name: beta
# type: scalar
0


# name: h
# type: scalar
0.00390625


# name: xl
# type: matrix
# rows: 257
# columns: 1
 0
 0.00390625
 0.0078125
 0.01171875
 0.015625
 0.01953125
 0.0234375
 0.02734375
 0.03125
 0.03515625
 0.0390625
 0.04296875
 0.046875
 0.05078125
 0.0546875
 0.05859375
 0.0625
 0.06640625
 0.0703125
 0.07421875
 0.078125
 0.08203125
 0.0859375
 0.08984375
 0.09375
 0.09765625
 0.1015625
 0.10546875
 0.109375
 0.11328125
 0.1171875
 0.12109375
 0.125
 0.12890625
 0.1328125
 0.13671875
 0.140625
 0.14453125
 0.1484375
 0.15234375
 0.15625
 0.16015625
 0.1640625
 0.16796875
 0.171875
 0.17578125
 0.1796875
 0.18359375
 0.1875
 0.19140625
 0.1953125
 0.19921875
 0.203125
 0.20703125
 0.2109375
 0.21484375
 0.21875
 0.22265625
 0.2265625
 0.23046875
 0.234375
 0.23828125
 0.2421875
 0.24609375
 0.25
 0.25390625
 0.2578125
 0.26171875
 0.265625
 0.26953125
 0.2734375
 0.27734375
 0.28125
 0.28515625
 0.2890625
 0.29296875
 0.296875
 0.30078125
 0.3046875
 0.30859375
 0.3125
 0.31640625
 0.3203125
 0.32421875
 0.328125
 0.33203125
 0.3359375
 0.33984375
 0.34375
 0.34765625
 0.3515625
 0.35546875
 0.359375
 0.36328125
 0.3671875
 0.37109375
 0.375
 0.37890625
 0.3828125
 0.38671875
 0.390625
 0.39453125
 0.3984375
 0.40234375
 0.40625
 0.41015625
 0.4140625
 0.41796875
 0.421875
 0.42578125
 0.4296875
 0.43359375
 0.4375
 0.44140625
 0.4453125
 0.44921875
 0.453125
 0.45703125
 0.4609375
 0.46484375
 0.46875
 0.47265625
 0.4765625
 0.48046875
 0.484375
 0.48828125
 0.4921875
 0.49609375
 0.5
 0.50390625
 0.5078125
 0.51171875
 0.515625
 0.51953125
 0.5234375
 0.52734375
 0.53125
 0.53515625
 0.5390625
 0.54296875
 0.546875
 0.55078125
 0.5546875
 0.55859375
 0.5625
 0.56640625
 0.5703125
 0.57421875
 0.578125
 0.58203125
 0.5859375
 0.58984375
 0.59375
 0.59765625
 0.6015625
 0.60546875
 0.609375
 0.61328125
 0.6171875
 0.62109375
 0.625
 0.62890625
 0.6328125
 0.63671875
 0.640625
 0.64453125
 0.6484375
 0.65234375
 0.65625
 0.66015625
 0.6640625
 0.66796875
 0.671875
 0.67578125
 0.6796875
 0.68359375
 0.6875
 0.69140625
 0.6953125
 0.69921875
 0.703125
 0.70703125
 0.7109375
 0.71484375
 0.71875
 0.72265625
 0.7265625
 0.73046875
 0.734375
 0.73828125
 0.7421875
 0.74609375
 0.75
 0.75390625
 0.7578125
 0.76171875
 0.765625
 0.76953125
 0.7734375
 0.77734375
 0.78125
 0.78515625
 0.7890625
 0.79296875
 0.796875
 0.80078125
 0.8046875
 0.80859375
 0.8125
 0.81640625
 0.8203125
 0.82421875
 0.828125
 0.83203125
 0.8359375
 0.83984375
 0.84375
 0.84765625
 0.8515625
 0.85546875
 0.859375
 0.86328125
 0.8671875
 0.87109375
 0.875
 0.87890625
 0.8828125
 0.88671875
 0.890625
 0.89453125
 0.8984375
 0.90234375
 0.90625
 0.91015625
 0.9140625
 0.91796875
 0.921875
 0.92578125
 0.9296875
 0.93359375
 0.9375
 0.94140625
 0.9453125
 0.94921875
 0.953125
 0.95703125
 0.9609375
 0.96484375
 0.96875
 0.97265625
 0.9765625
 0.98046875
 0.984375
 0.98828125
 0.9921875
 0.99609375
 1


# name: u
# type: matrix
# rows: 257
# columns: 1
 0.0039062500000615228
 0.011643451839327924
 0.019230068696507095
 0.026666134588769496
 0.03395170620570713
 0.041086862900796321
 0.048071706679447331
 0.054906362183642761
 0.06159097667316691
 0.06812572000342898
 0.074510784599883487
 0.080746385429051701
 0.086832759966148504
 0.092770168159319433
 0.098558892390493466
 0.10419923743285739
 0.10969153040495802
 0.1150361207214394
 0.12023338004042219
 0.12528370220753338
 0.1301875031965945
 0.13494522104697759
 0.139557315797638
 0.14402426941783431
 0.14834658573454546
 0.15252479035659625
 0.15655943059550265
 0.16045107538304862
 0.16420031518560715
 0.16780776191521815
 0.17127404883743674
 0.17459983047596581
 0.17778578251408717
 0.18083260169290613
 0.18374100570642485
 0.1865117330934602
 0.18914554312642265
 0.19164321569697254
 0.19400555119857127
 0.19623337040594502
 0.19832751435147913
 0.20028884419856163
 0.20211824111189527
 0.20381660612479735
 0.20538486000350739
 0.20682394310852317
 0.20813481525298577
 0.20931845555813539
 0.21037586230585925
 0.21130805278835396
 0.21211606315492509
 0.212800948255947
 0.21336378148400598
 0.21380565461225157
 0.21412767762997933
 0.21433097857547073
 0.21441670336611451
 0.21438601562583598
 0.21424009650985928
 0.21398014452682995
 0.21360737535832383
 0.21312302167576994
 0.21252833295481463
 0.21182457528715529
 0.21101303118987136
 0.21009499941228224
 0.20907179474036022
 0.20794474779872865
 0.2067152048502747
 0.20538452759340717
 0.20395409295698974
 0.20242529289298042
 0.2007995341668089
 0.1990782381455227
 0.19726284058373458
 0.19535479140740319
 0.19335555449547956
 0.1912666074594522
 0.18908944142082434
 0.18682556078655654
 0.18447648302250855
 0.18204373842491442
 0.17952886988992561
 0.17693343268125647
 0.17425899419596719
 0.17150713372841972
 0.16867944223244169
 0.16577752208173474
 0.16280298682856284
 0.1597574609607573
 0.15664257965707484
 0.15345998854094581
 0.15021134343264916
 0.14689831009995213
 0.14352256400725175
 0.14008579006325597
 0.13658968236724267
 0.13303594395393456
 0.1294262865370284
 0.1257624302514172
 0.12204610339414422
 0.11827904216412784
 0.11446299040069634
 0.11059969932097216
 0.10669092725614497
 0.10273843938667353
 0.098744007476455981
 0.09470940960600871
 0.090636429904693949
 0.086526858282036531
 0.082382490158170021
 0.078205126193453073
 0.073996572017296591
 0.069758637956242625
 0.065493138761335806
 0.061201893334828533
 0.056886724456260973
 0.052549458507957184
 0.048191925199978648
 0.043815957294576678
 0.039423390330185125
 0.035016062344995089
 0.030595813600153097
 0.026164486302624555
 0.021723924327764148
 0.01727597294163501
 0.012822478523118422
 0.0083652882858559555
 0.0039062500000658961
 -0.00055278828572416288
 -0.005009978522986628
 -0.009463472941503218
 -0.013911424327632357
 -0.018351986302492761
 -0.022783313600021303
 -0.027203562344863288
 -0.031610890330053314
 -0.036003457294444853
 -0.040379425199846816
 -0.044736958507825345
 -0.049074224456129127
 -0.053389393334696694
 -0.057680638761203974
 -0.061946137956110793
 -0.066184072017164752
 -0.07039262619332122
 -0.074569990158038169
 -0.078714358281904678
 -0.082823929904562082
 -0.086896909605876829
 -0.090931507476324114
 -0.094925939386541675
 -0.098878427256013132
 -0.10278719932084034
 -0.10665049040056454
 -0.11046654216399607
 -0.11423360339401249
 -0.11794993025128553
 -0.12161378653689682
 -0.12522344395380308
 -0.12877718236711125
 -0.13227329006312463
 -0.13571006400712049
 -0.13908581009982093
 -0.14239884343251799
 -0.14564748854081469
 -0.14883007965694378
 -0.15194496096062624
 -0.15499048682843181
 -0.15796502208160371
 -0.16086694223231063
 -0.16369463372828866
 -0.16644649419583615
 -0.16912093268112546
 -0.17171636988979466
 -0.17423123842478344
 -0.17666398302237757
 -0.17901306078642554
 -0.18127694142069328
 -0.18345410745932111
 -0.18554305449534847
 -0.1875422914072721
 -0.18945034058360344
 -0.1912657381453915
 -0.1929870341666777
 -0.19461279289284925
 -0.1961415929568586
 -0.19757202759327613
 -0.19890270485014372
 -0.2001322477985977
 -0.2012592947402293
 -0.20228249941215129
 -0.20320053118974041
 -0.20401207528702428
 -0.20471583295468357
 -0.20531052167563882
 -0.20579487535819269
 -0.20616764452669881
 -0.20642759650972817
 -0.20657351562570489
 -0.20660420336598345
 -0.20651847857533967
 -0.20631517762984833
 -0.20599315461212064
 -0.20555128148387516
 -0.20498844825581627
 -0.20430356315479448
 -0.20349555278822337
 -0.20256336230572872
 -0.20150595555800496
 -0.20032231525285546
 -0.19901144310839303
 -0.19757236000337744
 -0.19600410612466754
 -0.19430574111176563
 -0.19247634419843218
 -0.19051501435134985
 -0.18842087040581593
 -0.18619305119844234
 -0.18383071569684376
 -0.181333043126294
 -0.17869923309333172
 -0.17592850570629651
 -0.17302010169277796
 -0.16997328251395916
 -0.16678733047583794
