# Created by Octave 6.2.0, Mon Aug 30 22:07:25 2021 -03 <kuroneko@kuroneko-VirtualBox>
# name: alfa
# type: scalar
0


# name: beta
# type: scalar
0


# name: h
# type: scalar
0.015625


# name: xl
# type: matrix
# rows: 65
# columns: 1
 0
 0.015625
 0.03125
 0.046875
 0.0625
 0.078125
 0.09375
 0.109375
 0.125
 0.140625
 0.15625
 0.171875
 0.1875
 0.203125
 0.21875
 0.234375
 0.25
 0.265625
 0.28125
 0.296875
 0.3125
 0.328125
 0.34375
 0.359375
 0.375
 0.390625
 0.40625
 0.421875
 0.4375
 0.453125
 0.46875
 0.484375
 0.5
 0.515625
 0.53125
 0.546875
 0.5625
 0.578125
 0.59375
 0.609375
 0.625
 0.640625
 0.65625
 0.671875
 0.6875
 0.703125
 0.71875
 0.734375
 0.75
 0.765625
 0.78125
 0.796875
 0.8125
 0.828125
 0.84375
 0.859375
 0.875
 0.890625
 0.90625
 0.921875
 0.9375
 0.953125
 0.96875
 0.984375
 1


# name: u
# type: matrix
# rows: 65
# columns: 1
 -0.032258064646209075
 -0.0012045437996849088
 0.027442791298988453
 0.053692639213553585
 0.07755947426437465
 0.099063511658531861
 0.11823065878961692
 0.13509245282455271
 0.14968598472779582
 0.16205380990595442
 0.17224384568808623
 0.1803092558886559
 0.1863083227312492
 0.19030430644159158
 0.19236529284812348
 0.19256402935727598
 0.19097774969859674
 0.18768798786193069
 0.18278038167489696
 0.17634446649386107
 0.16847345950541923
 0.15926403515803092
 0.14881609226480472
 0.13723251333850761
 0.12461891673858023
 0.11108340222725785
 0.096736290547774745
 0.081689857652030851
 0.066058064217989348
 0.049956281108421728
 0.033501011432394055
 0.016809609879072745
 -6.6212226673689726e-16
 -0.016809609879074067
 -0.033501011432395374
 -0.049956281108423047
 -0.066058064217990653
 -0.081689857652032141
 -0.096736290547776035
 -0.11108340222725911
 -0.1246189167385815
 -0.13723251333850889
 -0.14881609226480597
 -0.15926403515803214
 -0.16847345950542042
 -0.17634446649386223
 -0.18278038167489807
 -0.18768798786193178
 -0.19097774969859777
 -0.1925640293572769
 -0.19236529284812431
 -0.19030430644159232
 -0.18630832273124989
 -0.18030925588865657
 -0.17224384568808687
 -0.162053809905955
 -0.14968598472779632
 -0.13509245282455312
 -0.11823065878961728
 -0.099063511658532166
 -0.077559474264374886
 -0.053692639213553751
 -0.02744279129898854
 0.0012045437996849059
 0.032258064646209152


# name: x
# type: range
# base, limit, increment
0 1 0.015625


# name: exata
# type: matrix
# rows: 65
# columns: 1
 1
 0.99879545620517241
 0.99518472667219693
 0.98917650996478101
 0.98078528040323043
 0.97003125319454397
 0.95694033573220882
 0.94154406518302081
 0.92387953251128674
 0.90398929312344334
 0.88192126434835505
 0.85772861000027212
 0.83146961230254524
 0.80320753148064494
 0.77301045336273699
 0.74095112535495911
 0.70710678118654757
 0.67155895484701833
 0.63439328416364549
 0.59569930449243347
 0.55557023301960229
 0.51410274419322166
 0.47139673682599781
 0.4275550934302822
 0.38268343236508984
 0.33688985339222005
 0.29028467725446233
 0.24298017990326398
 0.19509032201612833
 0.14673047445536175
 0.09801714032956077
 0.049067674327418126
 6.123233995736766e-17
 -0.049067674327418008
 -0.098017140329560645
 -0.14673047445536164
 -0.19509032201612819
 -0.24298017990326387
 -0.29028467725446216
 -0.33688985339221994
 -0.38268343236508973
 -0.42755509343028186
 -0.4713967368259977
 -0.51410274419322166
 -0.55557023301960196
 -0.59569930449243336
 -0.63439328416364538
 -0.67155895484701844
 -0.70710678118654746
 -0.74095112535495888
 -0.77301045336273699
 -0.80320753148064483
 -0.83146961230254535
 -0.85772861000027201
 -0.88192126434835494
 -0.90398929312344334
 -0.92387953251128674
 -0.9415440651830207
 -0.95694033573220882
 -0.97003125319454397
 -0.98078528040323043
 -0.98917650996478101
 -0.99518472667219682
 -0.99879545620517241
 -1


