# Created by Octave 6.2.0, Mon Aug 30 19:46:58 2021 -03 <kuroneko@kuroneko-VirtualBox>
# name: alfa
# type: scalar
0


# name: beta
# type: scalar
0


# name: h
# type: scalar
0.015625


# name: xl
# type: matrix
# rows: 65
# columns: 1
 0
 0.015625
 0.03125
 0.046875
 0.0625
 0.078125
 0.09375
 0.109375
 0.125
 0.140625
 0.15625
 0.171875
 0.1875
 0.203125
 0.21875
 0.234375
 0.25
 0.265625
 0.28125
 0.296875
 0.3125
 0.328125
 0.34375
 0.359375
 0.375
 0.390625
 0.40625
 0.421875
 0.4375
 0.453125
 0.46875
 0.484375
 0.5
 0.515625
 0.53125
 0.546875
 0.5625
 0.578125
 0.59375
 0.609375
 0.625
 0.640625
 0.65625
 0.671875
 0.6875
 0.703125
 0.71875
 0.734375
 0.75
 0.765625
 0.78125
 0.796875
 0.8125
 0.828125
 0.84375
 0.859375
 0.875
 0.890625
 0.90625
 0.921875
 0.9375
 0.953125
 0.96875
 0.984375
 1


# name: u
# type: matrix
# rows: 65
# columns: 1
 0.015625000063007519
 0.045670456389337644
 0.073309726967816971
 0.098551510362188066
 0.12141028089281508
 0.14190625376677821
 0.16006533637766918
 0.17591906589241091
 0.18950453327545999
 0.20086429393342456
 0.21004626519536232
 0.21710361087573793
 0.22209461319813714
 0.22508253238828552
 0.22613545427462342
 0.22532612626358195
 0.22273178208470873
 0.21843395572784871
 0.21251828502062098
 0.20507430531939116
 0.19619523381075538
 0.18597774494317307
 0.17452173752975286
 0.16193009408326176
 0.14830843296314034
 0.13376485393162388
 0.11840967773194673
 0.10235518031600878
 0.085715322361773233
 0.068605474732011562
 0.051142140535789839
 0.033442674462274481
 0.015625000063007016
 -0.0021926743362604465
 -0.01989214040977581
 -0.037355474605997536
 -0.054465322235759207
 -0.07110518018999476
 -0.087159677605932712
 -0.10251485380560987
 -0.11705843283712633
 -0.13068009395724775
 -0.14327173740373889
 -0.15472774481715909
 -0.1649452336847414
 -0.17382430519337722
 -0.18126828489460706
 -0.18718395560183479
 -0.19148178195869484
 -0.19407612613756803
 -0.19488545414860947
 -0.19383253226227154
 -0.19084461307212314
 -0.18585361074972381
 -0.17879626506934812
 -0.16961429380741025
 -0.1582545331494456
 -0.14466906576639643
 -0.12881533625165462
 -0.11065625364076352
 -0.090160280766800299
 -0.067301510236173201
 -0.042059726841802036
 -0.014420456263322645
 0.015625000063007551


# name: x
# type: range
# base, limit, increment
0 1 0.015625


# name: exata
# type: matrix
# rows: 65
# columns: 1
 1
 0.99879545620517241
 0.99518472667219693
 0.98917650996478101
 0.98078528040323043
 0.97003125319454397
 0.95694033573220882
 0.94154406518302081
 0.92387953251128674
 0.90398929312344334
 0.88192126434835505
 0.85772861000027212
 0.83146961230254524
 0.80320753148064494
 0.77301045336273699
 0.74095112535495911
 0.70710678118654757
 0.67155895484701833
 0.63439328416364549
 0.59569930449243347
 0.55557023301960229
 0.51410274419322166
 0.47139673682599781
 0.4275550934302822
 0.38268343236508984
 0.33688985339222005
 0.29028467725446233
 0.24298017990326398
 0.19509032201612833
 0.14673047445536175
 0.09801714032956077
 0.049067674327418126
 6.123233995736766e-17
 -0.049067674327418008
 -0.098017140329560645
 -0.14673047445536164
 -0.19509032201612819
 -0.24298017990326387
 -0.29028467725446216
 -0.33688985339221994
 -0.38268343236508973
 -0.42755509343028186
 -0.4713967368259977
 -0.51410274419322166
 -0.55557023301960196
 -0.59569930449243336
 -0.63439328416364538
 -0.67155895484701844
 -0.70710678118654746
 -0.74095112535495888
 -0.77301045336273699
 -0.80320753148064483
 -0.83146961230254535
 -0.85772861000027201
 -0.88192126434835494
 -0.90398929312344334
 -0.92387953251128674
 -0.9415440651830207
 -0.95694033573220882
 -0.97003125319454397
 -0.98078528040323043
 -0.98917650996478101
 -0.99518472667219682
 -0.99879545620517241
 -1


