# Created by Octave 6.2.0, Mon Aug 30 19:46:58 2021 -03 <kuroneko@kuroneko-VirtualBox>
# name: alfa
# type: scalar
0


# name: beta
# type: scalar
0


# name: h
# type: scalar
0.0625


# name: xl
# type: matrix
# rows: 17
# columns: 1
 0
 0.0625
 0.125
 0.1875
 0.25
 0.3125
 0.375
 0.4375
 0.5
 0.5625
 0.625
 0.6875
 0.75
 0.8125
 0.875
 0.9375
 1


# name: u
# type: matrix
# rows: 17
# columns: 1
 0.062500064643274497
 0.16828545445941565
 0.23637977699683888
 0.26896989049576897
 0.2696070600387902
 0.24307048442529502
 0.19518363424182897
 0.13259045915328968
 0.062500064643274622
 -0.0075903298667404371
 -0.070183504955279738
 -0.11807035513874577
 -0.14460693075224093
 -0.14396976120921975
 -0.11137964771028974
 -0.043285325172866616
 0.062500064643274442


# name: x
# type: range
# base, limit, increment
0 1 0.0625


# name: exata
# type: matrix
# rows: 17
# columns: 1
 1
 0.98078528040323043
 0.92387953251128674
 0.83146961230254524
 0.70710678118654757
 0.55557023301960229
 0.38268343236508984
 0.19509032201612833
 6.123233995736766e-17
 -0.19509032201612819
 -0.38268343236508973
 -0.55557023301960196
 -0.70710678118654746
 -0.83146961230254535
 -0.92387953251128674
 -0.98078528040323043
 -1


