# Created by Octave 6.2.0, Mon Aug 30 22:07:25 2021 -03 <kuroneko@kuroneko-VirtualBox>
# name: alfa
# type: scalar
0


# name: beta
# type: scalar
0


# name: h
# type: scalar
0.0625


# name: xl
# type: matrix
# rows: 17
# columns: 1
 0
 0.0625
 0.125
 0.1875
 0.25
 0.3125
 0.375
 0.4375
 0.5
 0.5625
 0.625
 0.6875
 0.75
 0.8125
 0.875
 0.9375
 1


# name: u
# type: matrix
# rows: 17
# columns: 1
 -0.1428572906131988
 -0.019214739470407832
 0.066736744393665184
 0.11718401921924508
 0.13567835008891613
 0.12699893580207083
 0.096969246945254675
 0.052233233183365223
 2.4286128663675299e-17
 -0.052233233183365174
 -0.09696924694525462
 -0.12699893580207081
 -0.13567835008891613
 -0.11718401921924507
 -0.066736744393665171
 0.019214739470407846
 0.1428572906131988


# name: x
# type: range
# base, limit, increment
0 1 0.0625


# name: exata
# type: matrix
# rows: 17
# columns: 1
 1
 0.98078528040323043
 0.92387953251128674
 0.83146961230254524
 0.70710678118654757
 0.55557023301960229
 0.38268343236508984
 0.19509032201612833
 6.123233995736766e-17
 -0.19509032201612819
 -0.38268343236508973
 -0.55557023301960196
 -0.70710678118654746
 -0.83146961230254535
 -0.92387953251128674
 -0.98078528040323043
 -1


