# Created by Octave 6.2.0, Sat Jun 19 23:17:05 2021 -03 <kuroneko@kuroneko-VirtualBox>
# name: erroSU
# type: matrix
# rows: 4
# columns: 1
 5.1645349564302339e+87
 2.228841762246421e+87
 8.8656917655892866e+86
 0


# name: hhSU
# type: matrix
# rows: 4
# columns: 1
 0.02
 0.10000000000000001
 0.20000000000000001
 0


