# Created by Octave 6.2.0, Sat Jun 19 23:17:05 2021 -03 <kuroneko@kuroneko-VirtualBox>
# name: xlSU
# type: matrix
# rows: 51
# columns: 1
 0
 0.02
 0.040000000000000001
 0.059999999999999998
 0.080000000000000002
 0.10000000000000001
 0.12000000000000001
 0.14000000000000001
 0.16
 0.17999999999999999
 0.19999999999999998
 0.21999999999999997
 0.23999999999999996
 0.25999999999999995
 0.27999999999999997
 0.29999999999999999
 0.32000000000000001
 0.34000000000000002
 0.36000000000000004
 0.38000000000000006
 0.40000000000000008
 0.4200000000000001
 0.44000000000000011
 0.46000000000000013
 0.48000000000000015
 0.50000000000000011
 0.52000000000000013
 0.54000000000000015
 0.56000000000000016
 0.58000000000000018
 0.6000000000000002
 0.62000000000000022
 0.64000000000000024
 0.66000000000000025
 0.68000000000000027
 0.70000000000000029
 0.72000000000000031
 0.74000000000000032
 0.76000000000000034
 0.78000000000000036
 0.80000000000000038
 0.8200000000000004
 0.84000000000000041
 0.86000000000000043
 0.88000000000000045
 0.90000000000000047
 0.92000000000000048
 0.9400000000000005
 0.96000000000000052
 0.98000000000000054
 1.0000000000000004


# name: hSU
# type: scalar
0.02


# name: uSU
# type: matrix
# rows: 51
# columns: 1
 0
 0.019999999999999997
 0.039999999999999994
 0.059999999999999991
 0.079999999999999988
 0.099999999999999978
 0.12
 0.14000000000000001
 0.16000000000000003
 0.18000000000000002
 0.20000000000000001
 0.22
 0.23999999999999996
 0.25999999999999995
 0.27999999999999997
 0.29999999999999999
 0.31999999999999995
 0.33999999999999991
 0.35999999999999993
 0.37999999999999995
 0.3999999999999998
 0.41999999999999937
 0.439999999999998
 0.45999999999999353
 0.47999999999997855
 0.49999999999992817
 0.51999999999975921
 0.53999999999919257
 0.55999999999729289
 0.579999999990923
 0.59999999996956521
 0.61999999989795362
 0.63999999965784438
 0.65999999885277261
 0.67999999615341455
 0.69999998710262579
 0.7199999567558637
 0.73999985500495546
 0.75999951384014575
 0.77999836993460814
 0.79999453448662938
 0.81998167445517145
 0.83993855552616592
 0.85979398029361875
 0.87930922804331402
 0.89768388226288098
 0.91223419346966472
 0.91396170751594019
 0.87269513696521739
 0.68727192982455931
 0


# name: x
# type: range
# base, limit, increment
0 1 0.02


# name: exata
# type: matrix
# rows: 51
# columns: 1
 0
 0.02
 0.040000000000000001
 0.059999999999999998
 0.080000000000000002
 0.10000000000000001
 0.12000000000000001
 0.14000000000000001
 0.16
 0.17999999999999999
 0.19999999999999998
 0.21999999999999997
 0.23999999999999996
 0.25999999999999995
 0.27999999999999997
 0.29999999999999999
 0.32000000000000001
 0.34000000000000002
 0.36000000000000004
 0.38000000000000006
 0.40000000000000008
 0.4200000000000001
 0.44000000000000011
 0.46000000000000013
 0.48000000000000015
 0.50000000000000011
 0.52000000000000013
 0.54000000000000015
 0.56000000000000016
 0.58000000000000018
 0.6000000000000002
 0.62000000000000022
 0.64000000000000001
 0.65999999999999859
 0.67999999999998761
 0.6999999999999067
 0.71999999999930886
 0.73999999999489119
 0.75999999996224898
 0.77999999972105361
 0.7999999979388468
 0.81999998477002067
 0.83999988746482568
 0.85999916847128133
 0.87999385578764711
 0.89995460007023798
 0.91966453737209797
 0.93752124782333401
 0.9416843611112653
 0.84466471676338017
 -4.2188474935755949e-14


