# Created by Octave 6.3.0, Sat Sep 25 16:22:19 2021 -03 <kuroneko@kuroneko-VirtualBox>
# name: erro
# type: matrix
# rows: 4
# columns: 1
 7.1235409170988193e-05
 2.7968067199291767e-07
 1.0928542226021884e-09
 7.8953431819097952e-11


# name: derro
# type: matrix
# rows: 4
# columns: 1
 9.2677623039940055e-05
 3.9349839235407736e-07
 1.5450289136000533e-09
 6.4758063714903478e-12


# name: hh
# type: matrix
# rows: 4
# columns: 1
 0.25
 0.0625
 0.015625
 0.00390625


