# Created by Octave 6.3.0, Sat Sep 25 16:22:44 2021 -03 <kuroneko@kuroneko-VirtualBox>
# name: erro
# type: matrix
# rows: 4
# columns: 1
 2.6255089892468389e-06
 2.5783498755863522e-09
 2.6088488251076909e-12
 1.9287205483804306e-10


# name: derro
# type: matrix
# rows: 4
# columns: 1
 1.4361308038722029e-06
 3.6246795981319222e-10
 1.2102558724795782e-13
 5.7666277960950734e-12


# name: hh
# type: matrix
# rows: 4
# columns: 1
 0.25
 0.0625
 0.015625
 0.00390625


