# Created by Octave 6.3.0, Tue Sep 14 02:31:10 2021 -03 <kuroneko@kuroneko-VirtualBox>
# name: alfa
# type: scalar
1


# name: beta
# type: scalar
40960


# name: Lambda
# type: matrix
# rows: 257
# columns: 1
 0
 0.012271538288102521
 0.024541228527677053
 0.03680722294850499
 0.049067674336944415
 0.061320736314113736
 0.073564563613949488
 0.085797312361096625
 0.098017140348589438
 0.11022220731528104
 0.12241067522298005
 0.13458070853325227
 0.14673047448384607
 0.15885814336469964
 0.17096188879348861
 0.18303988799067247
 0.19509032205399848
 0.20711137623242176
 0.21910124019939992
 0.2310581083255217
 0.24298017995042812
 0.25486565965398528
 0.26671275752666807
 0.27851968943911387
 0.29028467731080609
 0.30200594937784619
 0.31368174045977504
 0.32531029222540275
 0.33688985345760647
 0.34841868031705769
 0.35989503660483779
 0.37131719402390306
 0.38268343243936032
 0.39399204013751249
 0.40524131408363639
 0.41642956017845401
 0.42755509351325688
 0.43861623862364785
 0.44961132974185941
 0.46053871104761218
 0.47139673691747563
 0.4821837721726927
 0.49289819232543181
 0.50353838382342875
 0.51410274429298164
 0.52458968278026241
 0.53499761999090911
 0.54532498852786104
 0.55557023312740372
 0.56573181089338531
 0.57580819152957152
 0.5857978575701025
 0.59569930460801723
 0.60551104152181234
 0.61523159069999889
 0.6248594882636257
 0.63439328428673392
 0.64383154301471046
 0.6531728430805076
 0.66241577771869509
 0.67155895497731499
 0.68060099792750317
 0.6895405448708507
 0.69837624954446986
 0.70710678132373728
 0.71573082542268063
 0.72424708309198027
 0.73265427181455633
 0.74095112549871134
 0.74913639466879867
 0.75720884665338906
 0.76516726577090644
 0.77301045351270503
 0.78073722872356044
 0.78834642777954744
 0.79583690476327684
 0.80320753163646708
 0.81045719840982222
 0.81758481331019273
 0.824589302944992
 0.83146961246384554
 0.83822470571744756
 0.84485356541360124
 0.85135519327041909
 0.85772861016666113
 0.86397285628918585
 0.87008699127749534
 0.87607009436534977
 0.88192126451943198
 0.88763962057503876
 0.89322430136878195
 0.89867446586827637
 0.90398929329879552
 0.90916798326687764
 0.9142097558808624
 0.91911385186833938
 0.92387953269049139
 0.9285060806533163
 0.93299279901570842
 0.93733901209438586
 0.94154406536564572
 0.94560732556393268
 0.94952818077720658
 0.95330604053909473
 0.95694033591781291
 0.960430519601845
 0.96377606598236609
 0.96697647123239727
 0.97003125338267993
 0.97293995239425857
 0.97570213022776087
 0.97831737090936544
 0.98078528059344527
 0.98310548762187955
 0.98527764258002404
 0.98730141834933194
 0.98917651015661634
 0.99090263561994829
 0.99247953479118223
 0.99390697019510321
 0.99518472686519011
 0.99631261237598812
 0.99729045687208795
 0.99811811309370546
 0.99879545639885792
 0.9993223847821352
 0.99969881889006096
 0.99992470203304296
 1.0000000001939109
 0.99992470203303863
 0.9996988188900523
 0.99932238478212243
 0.99879545639884082
 0.99811811309368403
 0.99729045687206219
 0.99631261237595825
 0.99518472686515613
 0.99390697019506524
 0.99247953479114026
 0.99090263561990244
 0.98917651015656649
 0.98730141834927809
 0.98527764257996631
 0.98310548762181793
 0.9807852805933801
 0.97831737090929671
 0.97570213022768848
 0.97293995239418241
 0.97003125338260021
 0.96697647123231389
 0.96377606598227905
 0.9604305196017543
 0.95694033591771843
 0.95330604053899637
 0.94952818077710444
 0.94560732556382676
 0.94154406536553625
 0.93733901209427295
 0.93299279901559207
 0.92850608065319673
 0.92387953269036893
 0.91911385186821404
 0.91420975588073428
 0.90916798326674675
 0.90398929329866184
 0.89867446586814004
 0.89322430136864306
 0.8876396205748972
 0.88192126451928787
 0.87607009436520322
 0.87008699127734646
 0.86397285628903486
 0.85772861016650825
 0.85135519327026443
 0.84485356541344458
 0.83822470571728913
 0.83146961246368556
 0.82458930294483035
 0.81758481331002963
 0.81045719840965769
 0.80320753163630121
 0.79583690476310975
 0.78834642777937913
 0.78073722872339113
 0.7730104535125345
 0.76516726577073502
 0.75720884665321686
 0.7491363946686258
 0.74095112549853781
 0.73265427181438225
 0.72424708309180574
 0.71573082542250566
 0.70710678132356175
 0.69837624954429367
 0.68954054487067407
 0.68060099792732653
 0.67155895497713836
 0.66241577771851867
 0.65317284308033141
 0.64383154301453482
 0.63439328428655872
 0.62485948826345117
 0.61523159069982503
 0.60551104152163904
 0.5956993046078447
 0.58579785756993075
 0.57580819152940055
 0.56573181089321489
 0.55557023312723386
 0.54532498852769207
 0.53499761999074091
 0.52458968278009521
 0.51410274429281533
 0.50353838382326355
 0.49289819232526766
 0.48218377217252967
 0.47139673691731387
 0.46053871104745181
 0.44961132974170054
 0.43861623862349064
 0.42755509351310145
 0.41642956017830041
 0.4052413140834849
 0.39399204013736322
 0.3826834324392136
 0.37131719402375896
 0.35989503660469629
 0.34841868031691903
 0.33688985345747069
 0.32531029222527003
 0.31368174045964548
 0.30200594937771996
 0.29028467731068341
 0.27851968943899486
 0.26671275752655277
 0.25486565965387387
 0.24298017995032073
 0.23105810832541848
 0.219101240199301
 0.20711137623232725
 0.19509032205390853
 0.18303988799058715
 0.17096188879340807
 0.15885814336462395
 0.14673047448377538
 0.13458070853318671
 0.12241067522291976
 0.11022220731522615
 0.098017140348540088
 0.08579731236105298
 0.073564563613911699
 0.061320736314081956
 0.049067674336918762
 0.036807222948485582
 0.024541228527664029
 0.012271538288096002
 1.2246467991473532e-16


# name: nen
# type: scalar
5


# name: nel
# type: scalar
256


# name: h
# type: scalar
0.00390625


