# Created by Octave 6.3.0, Tue Sep 14 02:31:05 2021 -03 <kuroneko@kuroneko-VirtualBox>
# name: alfa
# type: scalar
1


# name: beta
# type: scalar
2560


# name: Lambda
# type: matrix
# rows: 17
# columns: 1
 0
 0.19509032149700639
 0.38268343133859467
 0.5555702315181521
 0.70710677926198451
 0.83146961002414321
 0.92387952996308864
 0.98078527768081891
 0.99999999720682409
 0.98078527764663048
 0.92387952989836886
 0.83146960993606533
 0.70710677916096298
 0.55557023141744133
 0.38268343125378046
 0.19509032144540694
 1.2246467991473532e-16


# name: nen
# type: scalar
5


# name: nel
# type: scalar
16


# name: h
# type: scalar
0.0625


# name: xl
# type: matrix
# rows: 65
# columns: 1
 0
 0.015625
 0.03125
 0.046875
 0.0625
 0.078125
 0.09375
 0.109375
 0.125
 0.140625
 0.15625
 0.171875
 0.1875
 0.203125
 0.21875
 0.234375
 0.25
 0.265625
 0.28125
 0.296875
 0.3125
 0.328125
 0.34375
 0.359375
 0.375
 0.390625
 0.40625
 0.421875
 0.4375
 0.453125
 0.46875
 0.484375
 0.5
 0.515625
 0.53125
 0.546875
 0.5625
 0.578125
 0.59375
 0.609375
 0.625
 0.640625
 0.65625
 0.671875
 0.6875
 0.703125
 0.71875
 0.734375
 0.75
 0.765625
 0.78125
 0.796875
 0.8125
 0.828125
 0.84375
 0.859375
 0.875
 0.890625
 0.90625
 0.921875
 0.9375
 0.953125
 0.96875
 0.984375
 1


# name: U
# type: matrix
# rows: 16
# columns: 5
 -1.227666129121257e-09 0.049067676572167158 0.098017138292578965 0.14673046671062909 0.19509032054421796
 0.19509032031400017 0.24298018154714121 0.29028467476064979 0.33688984543314116 0.38268343042458858
 0.38268343024571072 0.42755509440220646 0.4713967339635749 0.51410273631833725 0.55557023067805311
 0.55557023055738919 0.59569930474831778 0.63439328103617054 0.67155894735280519 0.70710677852807702
 0.70710677847026426 0.74095112487940495 0.7730104500851247 0.80320752465012235 0.83146960942463088
 0.83146960943189119 0.85772860880716129 0.88192126104246094 0.90398928721529603 0.92387952952101049
 0.92387952959306452 0.94154406331498275 0.95694033252214949 0.97003124843318433 0.98078527741316379
 0.98078527754724287 0.98917650749155306 0.995184723679575 0.9987954527721119 0.99999999712387788
 0.9999999973148288 0.99879545322091978 0.99518472401143054 0.9891765079916558 0.98078527775158031
 0.98078527799206561 0.97003124981424282 0.95694033350613583 0.94154406474653696 0.92387953018718216
 0.92387953046795968 0.90398928947846124 0.88192126264427917 0.85772861111925269 0.83146961039764267
 0.83146961070792247 0.80320752771369319 0.77301045224907516 0.74095112798962559 0.70710677977756653
 0.70710678010542483 0.67155895110666641 0.63439328368729542 0.59569930854593001 0.55557023216537527
 0.55557023249821247 0.5141027406281875 0.47139673701053608 0.42755509875239939 0.38268343210430206
 0.38268343242932762 0.33688985014565714 0.29028467809924213 0.24298018629621321 0.19509032236583126
 0.19509032267055451 0.14673047165935613 0.098017141809732256 0.04906768155342963 9.549556836936747e-10


# name: x
# type: range
# base, limit, increment
0 1 0.015625


# name: exata
# type: matrix
# rows: 65
# columns: 1
 0
 0.049067674327418015
 0.098017140329560604
 0.14673047445536175
 0.19509032201612825
 0.24298017990326387
 0.29028467725446233
 0.33688985339222005
 0.38268343236508978
 0.42755509343028208
 0.47139673682599764
 0.51410274419322166
 0.55557023301960218
 0.59569930449243336
 0.63439328416364549
 0.67155895484701833
 0.70710678118654746
 0.74095112535495911
 0.77301045336273699
 0.80320753148064483
 0.83146961230254524
 0.85772861000027212
 0.88192126434835494
 0.90398929312344334
 0.92387953251128674
 0.94154406518302081
 0.95694033573220894
 0.97003125319454397
 0.98078528040323043
 0.98917650996478101
 0.99518472667219682
 0.99879545620517241
 1
 0.99879545620517241
 0.99518472667219693
 0.98917650996478101
 0.98078528040323043
 0.97003125319454397
 0.95694033573220894
 0.94154406518302081
 0.92387953251128674
 0.90398929312344345
 0.88192126434835505
 0.85772861000027212
 0.83146961230254546
 0.80320753148064494
 0.7730104533627371
 0.74095112535495899
 0.70710678118654757
 0.67155895484701855
 0.63439328416364549
 0.59569930449243347
 0.55557023301960218
 0.51410274419322177
 0.47139673682599786
 0.42755509343028203
 0.38268343236508989
 0.33688985339222033
 0.29028467725446239
 0.24298017990326407
 0.19509032201612861
 0.1467304744553618
 0.098017140329560826
 0.049067674327417966
 1.2246467991473532e-16


