# Created by Octave 6.3.0, Tue Sep 14 02:31:04 2021 -03 <kuroneko@kuroneko-VirtualBox>
# name: alfa
# type: scalar
1


# name: beta
# type: scalar
640


# name: Lambda
# type: matrix
# rows: 5
# columns: 1
 0
 0.70710631987865702
 0.99999927307949699
 0.707106214473604
 1.2246467991473532e-16


# name: nen
# type: scalar
5


# name: nel
# type: scalar
4


# name: h
# type: scalar
0.25


# name: xl
# type: matrix
# rows: 17
# columns: 1
 0
 0.0625
 0.125
 0.1875
 0.25
 0.3125
 0.375
 0.4375
 0.5
 0.5625
 0.625
 0.6875
 0.75
 0.8125
 0.875
 0.9375
 1


# name: U
# type: matrix
# rows: 4
# columns: 5
 -1.1765536398981319e-06 0.19509250080993276 0.38268143681351341 0.55556304446930438 0.70710543759644051
 0.70710579247289607 0.83147013923459734 0.92387801862372831 0.98078199712864855 0.99999894209757689
 0.99999970376875669 0.9807837909044097 0.92387934983623166 0.83147213896824212 0.70710662867669982
 0.70710735096595745 0.55556761825127376 0.38268472517742219 0.19509723443507834 9.1675355618686768e-07


# name: x
# type: range
# base, limit, increment
0 1 0.0625


# name: exata
# type: matrix
# rows: 17
# columns: 1
 0
 0.19509032201612825
 0.38268343236508978
 0.55557023301960218
 0.70710678118654746
 0.83146961230254524
 0.92387953251128674
 0.98078528040323043
 1
 0.98078528040323043
 0.92387953251128674
 0.83146961230254546
 0.70710678118654757
 0.55557023301960218
 0.38268343236508989
 0.19509032201612861
 1.2246467991473532e-16


