# Created by Octave 6.3.0, Sat Sep 25 14:52:27 2021 -03 <kuroneko@kuroneko-VirtualBox>
# name: beta
# type: scalar
0


# name: Lambda
# type: matrix
# rows: 5
# columns: 1
 1
 0.70716333482501459
 3.700743415417195e-16
 -0.70716333482501414
 -1


# name: nen
# type: scalar
2


# name: nel
# type: scalar
4


# name: h
# type: scalar
0.25


# name: xl
# type: matrix
# rows: 5
# columns: 1
 0
 0.25
 0.5
 0.75
 1


# name: U
# type: matrix
# rows: 4
# columns: 2
 -0.00054613024395132347 2.2206957795725635
 2.2206957795725635 3.1407643039300797
 3.140764303930081 2.2206957795725657
 2.2206957795725621 -0.00054613024395206344


# name: P
# type: matrix
# rows: 4
# columns: 2
 1.030796916065043 0.72264229188114903
 0.73523779414733004 -0.0089063650648655967
 0.008906365064867524 -0.73523779414732848
 -0.72264229188114848 -1.0307969160650421


# name: x
# type: range
# base, limit, increment
0 1 0.25


# name: exata
# type: matrix
# rows: 5
# columns: 1
 1
 0.70710678118654757
 6.123233995736766e-17
 -0.70710678118654746
 -1


