# Created by Octave 6.3.0, Sat Sep 25 14:52:27 2021 -03 <kuroneko@kuroneko-VirtualBox>
# name: beta
# type: scalar
0


# name: Lambda
# type: matrix
# rows: 65
# columns: 1
 1
 0.99879545632634226
 0.99518472690483206
 0.98917651029921339
 0.98078528082985017
 0.97003125370382237
 0.95694033631471997
 0.94154406582946704
 0.92387953321252081
 0.90398929387048865
 0.8819212651324293
 0.85772861081280749
 0.83146961313520895
 0.80320753232535913
 0.77301045421169767
 0.74095112620065595
 0.70710678202178179
 0.67155895566492019
 0.63439328495768998
 0.59569930525645765
 0.55557023374781933
 0.51410274488023378
 0.47139673746680977
 0.42755509402031455
 0.3826834329001888
 0.3368898538686676
 0.2902846776689853
 0.24298018025304219
 0.19509032229880124
 0.14673047466903402
 0.098017140472806644
 0.049067674399285423
 1.2074394983100391e-14
 -0.049067674399261303
 -0.098017140472782593
 -0.14673047466901026
 -0.19509032229877765
 -0.24298018025301885
 -0.29028467766896243
 -0.3368898538686449
 -0.38268343290016638
 -0.42755509402029257
 -0.47139673746678823
 -0.5141027448802129
 -0.55557023374779901
 -0.59569930525643822
 -0.63439328495767111
 -0.67155895566490154
 -0.70710678202176358
 -0.74095112620063841
 -0.7730104542116808
 -0.80320753232534325
 -0.83146961313519485
 -0.85772861081279428
 -0.88192126513241698
 -0.90398929387047722
 -0.92387953321251015
 -0.94154406582945838
 -0.95694033631471176
 -0.97003125370381471
 -0.98078528082984506
 -0.98917651029921005
 -0.99518472690483029
 -0.99879545632634092
 -1


# name: nen
# type: scalar
2


# name: nel
# type: scalar
64


# name: h
# type: scalar
0.015625


# name: xl
# type: matrix
# rows: 65
# columns: 1
 0
 0.015625
 0.03125
 0.046875
 0.0625
 0.078125
 0.09375
 0.109375
 0.125
 0.140625
 0.15625
 0.171875
 0.1875
 0.203125
 0.21875
 0.234375
 0.25
 0.265625
 0.28125
 0.296875
 0.3125
 0.328125
 0.34375
 0.359375
 0.375
 0.390625
 0.40625
 0.421875
 0.4375
 0.453125
 0.46875
 0.484375
 0.5
 0.515625
 0.53125
 0.546875
 0.5625
 0.578125
 0.59375
 0.609375
 0.625
 0.640625
 0.65625
 0.671875
 0.6875
 0.703125
 0.71875
 0.734375
 0.75
 0.765625
 0.78125
 0.796875
 0.8125
 0.828125
 0.84375
 0.859375
 0.875
 0.890625
 0.90625
 0.921875
 0.9375
 0.953125
 0.96875
 0.984375
 1


# name: U
# type: matrix
# rows: 64
# columns: 2
 -8.0657781256331605e-09 0.15415063692277794
 0.1541506369228457 0.30792991950562243
 0.30792991950556403 0.46096737192134524
 0.46096737192129356 0.61289431354271195
 0.61289431354267321 0.76334473906013434
 0.76334473906021905 0.91195620022075052
 0.9119562002207573 1.0583706789975966
 1.0583706789975915 1.2022354500869716
 1.202235450086955 1.343203930654256
 1.3432039306542627 1.4809365152824172
 1.4809365152823541 1.6151013941110433
 1.6151013941109646 1.7453753521956348
 1.7453753521956141 1.8714445481605881
 1.871444548160619 1.9930052702704597
 1.9930052702704462 2.1097646680981295
 2.1097646680981303 2.2214414580273738
 2.2214414580273592 2.3277666008894919
 2.3277666008894911 2.4284839501023758
 2.4284839501023474 2.5233508687499318
 2.5233508687498745 2.612138814115776
 2.6121388141157649 2.6946338882626915
 2.6946338882627034 2.7706373533313204
 2.7706373533313133 2.8399661103171532
 2.8399661103171243 2.9024531401721259
 2.9024531401721276 2.9579479061681524
 2.957947906168152 3.0063167165531488
 3.0063167165531346 3.0474430466262783
 3.0474430466262787 3.0812278194561822
 3.081227819456172 3.1075896445658913
 3.1075896445658819 3.1264650140097046
 3.1264650140097086 3.1378084553693575
 3.1378084553693557 3.1415926413010271
 3.1415926413010293 3.1378084553693584
 3.1378084553693633 3.1264650140097148
 3.1264650140097201 3.1075896445658975
 3.1075896445658961 3.0812278194561769
 3.0812278194561817 3.0474430466262783
 3.0474430466262978 3.0063167165531541
 3.0063167165531488 2.9579479061681524
 2.9579479061681684 2.9024531401721436
 2.902453140172133 2.8399661103171319
 2.8399661103171598 2.7706373533313204
 2.7706373533313506 2.6946338882627341
 2.6946338882627168 2.6121388141157902
 2.6121388141158048 2.5233508687499033
 2.5233508687499384 2.4284839501023545
 2.4284839501023763 2.3277666008894919
 2.3277666008894777 2.2214414580273454
 2.2214414580274013 2.1097646680981579
 2.1097646680981783 1.9930052702704952
 1.9930052702704928 1.8714445481606521
 1.8714445481606798 1.7453753521957058
 1.7453753521956921 1.6151013941110219
 1.6151013941110639 1.4809365152823748
 1.4809365152824461 1.3432039306542916
 1.3432039306542654 1.2022354500869645
 1.2022354500870691 1.058370678997689
 1.0583706789975968 0.91195620022075763
 0.91195620022080071 0.76334473906026934
 0.76334473906026545 0.61289431354280433
 0.61289431354279922 0.46096737192138076
 0.46096737192139658 0.30792991950561532
 0.30792991950560444 0.15415063692282768
 0.15415063692284639 -8.0657096768228982e-09


# name: P
# type: matrix
# rows: 64
# columns: 2
 1.0001004794355532 0.99889569387618438
 0.99889593558384504 0.99528448108792467
 0.99528496392095245 0.98927554079899294
 0.98927626359419962 0.98088334907316854
 0.98088431008927812 0.97012812343569255
 0.97012932035753163 0.95703577416747232
 0.95703720411155269 0.9416378418849557
 0.94163950140641584 0.92397142155601353
 0.92397330665692057 0.90407907313491731
 0.90408117927389808 0.88200871903168088
 0.88201104113486561 0.85781352866278171
 0.85781606113601583 0.83155179036136628
 0.83155452710370159 0.80328677095556345
 0.8032897053739475 0.77308656335314763
 0.77308968837831071 0.74102392249976412
 0.74102723060324605 0.707176090105887
 0.70717957331817738 0.67162460856477757
 0.6716282584945118 0.63445512450971286
 0.63445893236389184 0.59575718248374898
 0.59576113908891792 0.55562400921906963
 0.55562810504341953 0.51415228904562249
 0.51415651422195352 0.4714419309701019
 0.47144627531959615 0.42759582798640333
 0.42760028104314007 0.38271960919738118
 0.3827241602335581 0.33692138534509536
 0.33692602339686745 0.29031148836256004
 0.29031620225645399 0.24300220557445448
 0.24300698395428733 0.19510750918712272
 0.19511234054135887 0.1467427817195455
 0.14674765440902907 0.098024538036745282
 0.098029440322740843 0.049070144655271854
 0.049075064727742909 -2.4630030168129529e-06
 2.4630030442850143e-06 -0.049075064727715473
 -0.049070144655244459 -0.098029440322713546
 -0.09802453803671797 -0.146747654409002
 -0.14674278171951849 -0.19511234054133192
 -0.19510750918709613 -0.24300698395426076
 -0.24300220557442828 -0.29031620225642807
 -0.29031148836253412 -0.33692602339684158
 -0.33692138534506971 -0.38272416023353273
 -0.38271960919735593 -0.42760028104311498
 -0.42759582798637796 -0.4714462753195709
 -0.47144193097007764 -0.51415651422192976
 -0.51415228904559829 -0.55562810504339599
 -0.55562400921904631 -0.59576113908889516
 -0.595757182483727 -0.63445893236386997
 -0.63445512450969188 -0.67162825849449093
 -0.67162460856475648 -0.70717957331815595
 -0.70717609010586657 -0.74102723060322606
 -0.74102392249974436 -0.77308968837829184
 -0.77308656335312875 -0.8032897053739293
 -0.80328677095554557 -0.83155452710368516
 -0.83155179036134996 -0.85781606113600051
 -0.85781352866276728 -0.88201104113485151
 -0.88200871903166855 -0.9040811792738862
 -0.90407907313490532 -0.92397330665690869
 -0.92397142155600187 -0.94163950140640573
 -0.94163784188494637 -0.95703720411154358
 -0.95703577416746255 -0.97012932035752253
 -0.97012812343568522 -0.98088431008927301
 -0.9808833490731631 -0.98927626359419563
 -0.98927554079898994 -0.99528496392095023
 -0.99528448108792344 -0.9988959355838436
 -0.99889569387618249 -1.0001004794355526


# name: x
# type: range
# base, limit, increment
0 1 0.015625


