# Created by Octave 6.3.0, Sat Sep 25 14:52:27 2021 -03 <kuroneko@kuroneko-VirtualBox>
# name: beta
# type: scalar
0


# name: Lambda
# type: matrix
# rows: 17
# columns: 1
 1
 0.98078538981614538
 0.92387971235357158
 0.8314698258525034
 0.70710699539552457
 0.55557041978202826
 0.38268356959856054
 0.19509039451001894
 1.1842378929335304e-15
 -0.19509039451001664
 -0.38268356959855848
 -0.55557041978202648
 -0.70710699539552291
 -0.83146982585250229
 -0.92387971235357136
 -0.98078538981614527
 -1


# name: nen
# type: scalar
2


# name: nel
# type: scalar
16


# name: h
# type: scalar
0.0625


# name: xl
# type: matrix
# rows: 17
# columns: 1
 0
 0.0625
 0.125
 0.1875
 0.25
 0.3125
 0.375
 0.4375
 0.5
 0.5625
 0.625
 0.6875
 0.75
 0.8125
 0.875
 0.9375
 1


# name: U
# type: matrix
# rows: 16
# columns: 2
 -2.0685848613123117e-06 0.61289204271590858
 0.61289204271591957 1.2022329770343785
 1.2022329770343807 1.7453726927708735
 1.7453726927708919 2.221438635245927
 2.2214386352459359 2.612135857271054
 2.6121358572710514 2.9024500837093545
 2.9024500837093576 3.0812247016489147
 3.0812247016489178 3.1415895027802727
 3.1415895027802727 3.0812247016489183
 3.0812247016489156 2.9024500837093585
 2.9024500837093536 2.6121358572710505
 2.6121358572710496 2.2214386352459305
 2.2214386352459301 1.7453726927708948
 1.7453726927708804 1.2022329770343874
 1.202232977034378 0.61289204271591924
 0.6128920427159138 -2.0685848558949879e-06


# name: P
# type: matrix
# rows: 16
# columns: 2
 1.0016269776609721 0.98235056898485928
 0.98241164213028576 0.92532294407233728
 0.9254427433564576 0.83273564753574014
 0.83290956913925385 0.70814676222582795
 0.70836812243904645 0.55634417410321702
 0.55660446617728765 0.38316157646599858
 0.38345079752248656 0.19525428438785888
 0.19556131982376218 -0.00015652530785119169
 0.00015652530785226042 -0.19556131982376113
 -0.19525428438785797 -0.38345079752248568
 -0.38316157646599691 -0.55660446617728598
 -0.55634417410321657 -0.70836812243904568
 -0.70814676222582729 -0.8329095691392534
 -0.8327356475357407 -0.92544274335645849
 -0.92532294407233662 -0.98241164213028498
 -0.98235056898485884 -1.0016269776609719


# name: x
# type: range
# base, limit, increment
0 1 0.0625


# name: exata
# type: matrix
# rows: 17
# columns: 1
 1
 0.98078528040323043
 0.92387953251128674
 0.83146961230254524
 0.70710678118654757
 0.55557023301960229
 0.38268343236508984
 0.19509032201612833
 6.123233995736766e-17
 -0.19509032201612819
 -0.38268343236508973
 -0.55557023301960196
 -0.70710678118654746
 -0.83146961230254535
 -0.92387953251128674
 -0.98078528040323043
 -1


