# Created by Octave 6.2.0, Thu Sep 02 17:01:00 2021 -03 <kuroneko@kuroneko-VirtualBox>
# name: alfa
# type: scalar
1


# name: beta
# type: scalar
40


# name: Lambda
# type: matrix
# rows: 5
# columns: 1
 0
 0.73982920202247759
 1.0002730651219767
 0.6747705327495277
 1.2246467991473532e-16


# name: h
# type: scalar
0.25


# name: xlU1
# type: matrix
# rows: 4
# columns: 1
 0
 0.25
 0.5
 0.75


# name: xlU2
# type: matrix
# rows: 4
# columns: 1
 0.25
 0.5
 0.75
 1


# name: U
# type: matrix
# rows: 4
# columns: 2
 -0.010102945426644472 0.75272796970477096
 0.70804236927612074 1.0240172801210328
 0.9654226405738382 0.69545115594680207
 0.65727142244544678 0.005502602804857014


# name: x
# type: range
# base, limit, increment
0 1 0.25


# name: exata
# type: matrix
# rows: 5
# columns: 1
 0
 0.70710678118654746
 1
 0.70710678118654757
 1.2246467991473532e-16


