# Created by Octave 6.2.0, Thu Sep 02 17:01:00 2021 -03 <kuroneko@kuroneko-VirtualBox>
# name: alfa
# type: scalar
1


# name: beta
# type: scalar
640


# name: Lambda
# type: matrix
# rows: 65
# columns: 1
 0
 0.049362645101442684
 0.098583459203920767
 0.14754460415384205
 0.19612886736334709
 0.24421994418570006
 0.29170271810337012
 0.33846353805380419
 0.3843904922247926
 0.42937367765982593
 0.47330546502394494
 0.5160807578922334
 0.55759724593631277
 0.59775565139888631
 0.63645996826254758
 0.6736176935366891
 0.70914005010530867
 0.74294220059885541
 0.77494345177488599
 0.80506744891515503
 0.83324235977081407
 0.85940104761259728
 0.88348123296907777
 0.90542564366337164
 0.92518215278682725
 0.94270390427731543
 0.9579494257995862
 0.97088272865575698
 0.98147339448523918
 0.98969664854523076
 0.99553341939524453
 0.99897038484187706
 1.0000000040331389
 0.99862053562502928
 0.99483604197658626
 0.98865637936330431
 0.98009717423250953
 0.96917978555787432
 0.95593125338378038
 0.94038423368348456
 0.9225769196880178
 0.9025529498753464
 0.88036130284145708
 0.8560561793066277
 0.82969687154114502
 0.80134762052503439
 0.77107746118590881
 0.73896005608778392
 0.70507351797150897
 0.66950022157433053
 0.6323266051819374
 0.59364296239105752
 0.55354322458427607
 0.51212473464110675
 0.46948801243046817
 0.42573651264951656
 0.38097637559221798
 0.33531617144808323
 0.28886663874707169
 0.24174041758077341
 0.19405177824256231
 0.14591634594045036
 0.097450822245834012
 0.048772703949186938
 1.2246467991473532e-16


# name: h
# type: scalar
0.015625


# name: xlU1
# type: matrix
# rows: 64
# columns: 1
 0
 0.015625
 0.03125
 0.046875
 0.0625
 0.078125
 0.09375
 0.109375
 0.125
 0.140625
 0.15625
 0.171875
 0.1875
 0.203125
 0.21875
 0.234375
 0.25
 0.265625
 0.28125
 0.296875
 0.3125
 0.328125
 0.34375
 0.359375
 0.375
 0.390625
 0.40625
 0.421875
 0.4375
 0.453125
 0.46875
 0.484375
 0.5
 0.515625
 0.53125
 0.546875
 0.5625
 0.578125
 0.59375
 0.609375
 0.625
 0.640625
 0.65625
 0.671875
 0.6875
 0.703125
 0.71875
 0.734375
 0.75
 0.765625
 0.78125
 0.796875
 0.8125
 0.828125
 0.84375
 0.859375
 0.875
 0.890625
 0.90625
 0.921875
 0.9375
 0.953125
 0.96875
 0.984375


# name: xlU2
# type: matrix
# rows: 64
# columns: 1
 0.015625
 0.03125
 0.046875
 0.0625
 0.078125
 0.09375
 0.109375
 0.125
 0.140625
 0.15625
 0.171875
 0.1875
 0.203125
 0.21875
 0.234375
 0.25
 0.265625
 0.28125
 0.296875
 0.3125
 0.328125
 0.34375
 0.359375
 0.375
 0.390625
 0.40625
 0.421875
 0.4375
 0.453125
 0.46875
 0.484375
 0.5
 0.515625
 0.53125
 0.546875
 0.5625
 0.578125
 0.59375
 0.609375
 0.625
 0.640625
 0.65625
 0.671875
 0.6875
 0.703125
 0.71875
 0.734375
 0.75
 0.765625
 0.78125
 0.796875
 0.8125
 0.828125
 0.84375
 0.859375
 0.875
 0.890625
 0.90625
 0.921875
 0.9375
 0.953125
 0.96875
 0.984375
 1


# name: U
# type: matrix
# rows: 64
# columns: 2
 -2.562341159824091e-06 0.049365995550801095
 0.049352993584565269 0.098591531814167813
 0.098566741762675283 0.14755737947735253
 0.14752086106200873 0.19614631462324777
 0.19609815582011381 0.24424202135001352
 0.24418233817786453 0.2917293719862738
 0.29165830822709904 0.33849470444375968
 0.33841243129637938 0.38442609603923666
 0.38433281170686917 0.42941363312605102
 0.42930956233882372 0.47334967588573307
 0.47323506935928794 0.51612911764174629
 0.51600425147324402 0.55764963807067791
 0.55751481307365525 0.59781194970086304
 0.59766749068054714 0.63652003710459537
 0.63636629207541928 0.67368138820770596
 0.67351872755491138 0.70920721715925317
 0.70903603274660032 0.74301267822441142
 0.74283338245014408 0.77501707018528054
 0.77483009498862332 0.80514403075718899
 0.80494982657776815 0.83332172055212261
 0.83312075524481632 0.85948299614610668
 0.85927575385394284 0.88356557183359297
 0.88335255182140571 0.90551216967918113
 0.90529388513083786 0.92527065750518001
 0.92504763428727743 0.94279417448259284
 0.94256694987759737 0.95804124402295687
 0.95781036543484455 0.97097587369907867
 0.97074189733459071 0.98156764195394397
 0.9813311314826364 0.98979177138891128
 0.98955329658522517 0.99562918845463888
 0.99538932382526424 0.9990665694009323
 0.9988258928007715 1.0000963723748282
 0.99985546361489086 0.99871685558957601
 0.99847629504016711 0.99493208152075929
 0.99469244871331219 0.98875190711942973
 0.98851377935036711 0.98019196006585585
 0.97995591100583068 0.96927360112106642
 0.96904019943293995 0.95602387266690936
 0.95579368063579173 0.94047543355858487
 0.94024900573724168 0.92266648044660216
 0.9224443623194879 0.90264065575770291
 0.90242338242684084 0.88044694255643285
 0.88023503745230791 0.85613954654064828
 0.85593352016121704 0.8297777654552414
 0.8295781141360975 0.80142584623868218
 0.80123305095734099 0.77115283024651227
 0.77096735546369322 0.7390323869246741
 0.73885467946537509 0.70514263633336449
 0.70497312431042003 0.66956596094896392
 0.66940505273168471 0.63238880719743673
 0.63223689042781239 0.59370147719731925
 0.593558917856154 0.55359791121400681
 0.55346505273923996 0.51217546134942527
 0.51205262380875993 0.46953465701229113
 0.46942213633212204 0.42577896273396071
 0.42567702998646184 0.38101452891331172
 0.38092342966340026 0.33534993609113434
 0.33526988980488243 0.28889593337009745
 0.28882713288602013 0.24176517161046113
 0.24170778267495058 0.19407193204428622
 0.1940260929123149 0.14593185096193689
 0.14589767206398868 0.097461641134128307
 0.097439204810162092 0.048778810640639464
 0.048768170941724878 1.3797830562987945e-06


# name: x
# type: range
# base, limit, increment
0 1 0.015625


# name: exata
# type: matrix
# rows: 65
# columns: 1
 0
 0.049067674327418015
 0.098017140329560604
 0.14673047445536175
 0.19509032201612825
 0.24298017990326387
 0.29028467725446233
 0.33688985339222005
 0.38268343236508978
 0.42755509343028208
 0.47139673682599764
 0.51410274419322166
 0.55557023301960218
 0.59569930449243336
 0.63439328416364549
 0.67155895484701833
 0.70710678118654746
 0.74095112535495911
 0.77301045336273699
 0.80320753148064483
 0.83146961230254524
 0.85772861000027212
 0.88192126434835494
 0.90398929312344334
 0.92387953251128674
 0.94154406518302081
 0.95694033573220894
 0.97003125319454397
 0.98078528040323043
 0.98917650996478101
 0.99518472667219682
 0.99879545620517241
 1
 0.99879545620517241
 0.99518472667219693
 0.98917650996478101
 0.98078528040323043
 0.97003125319454397
 0.95694033573220894
 0.94154406518302081
 0.92387953251128674
 0.90398929312344345
 0.88192126434835505
 0.85772861000027212
 0.83146961230254546
 0.80320753148064494
 0.7730104533627371
 0.74095112535495899
 0.70710678118654757
 0.67155895484701855
 0.63439328416364549
 0.59569930449243347
 0.55557023301960218
 0.51410274419322177
 0.47139673682599786
 0.42755509343028203
 0.38268343236508989
 0.33688985339222033
 0.29028467725446239
 0.24298017990326407
 0.19509032201612861
 0.1467304744553618
 0.098017140329560826
 0.049067674327417966
 1.2246467991473532e-16


