# Created by Octave 6.2.0, Thu Sep 02 17:01:01 2021 -03 <kuroneko@kuroneko-VirtualBox>
# name: alfa
# type: scalar
1


# name: beta
# type: scalar
2560


# name: Lambda
# type: matrix
# rows: 257
# columns: 1
 0
 0.012290528236399059
 0.02457883883311936
 0.03686308410343337
 0.049141416972836492
 0.061411991257210433
 0.073672961940850726
 0.085922485454320352
 0.098158719952083459
 0.11037982558988163
 0.12258396480180707
 0.13476930257703273
 0.14693400673615922
 0.15907624820713392
 0.17119420130070262
 0.18328604398534998
 0.19534995816169451
 0.20738412993628375
 0.2193867498947617
 0.23135601337435965
 0.24329012073567266
 0.25518727763367788
 0.26704569528795563
 0.27886359075207406
 0.29063918718209436
 0.30237071410415678
 0.31405640768110654
 0.3256945109781228
 0.33728327422730597
 0.34882095509118527
 0.36030581892511032
 0.37173613903848141
 0.38311019695478021
 0.39442628267037044
 0.4056826949120157
 0.41687774139308553
 0.42800973906840556
 0.43907701438772279
 0.45007790354772792
 0.46101075274262926
 0.47187391841319887
 0.48266576749429418
 0.49338467766078581
 0.50402903757188011
 0.51459724711377386
 0.52508771764063344
 0.53549887221383008
 0.54582914583943021
 0.55607698570387243
 0.56624085140781499
 0.57631921519811713
 0.58631056219791022
 0.59621339063473888
 0.60602621206671103
 0.61574755160666239
 0.62537594814426467
 0.63490995456606503
 0.64434813797341284
 0.65368907989824987
 0.66293137651673073
 0.67207363886062821
 0.68111449302651006
 0.69005258038264139
 0.69888655777359354
 0.70761509772251008
 0.71623688863103296
 0.72475063497681047
 0.73315505750860721
 0.74144889343895459
 0.74963089663431448
 0.75769983780275141
 0.76565450467905127
 0.7734937022072923
 0.78121625272080919
 0.78882099611955003
 0.79630679004477833
 0.80367251005111262
 0.81091704977586099
 0.81803932110563615
 0.82503825434022338
 0.83191279835366982
 0.83866192075258061
 0.84528460803159744
 0.85177986572602382
 0.85814671856159153
 0.86438421060132886
 0.87049140538952874
 0.87646738609276686
 0.88231125563797907
 0.88802213684755704
 0.89359917257144361
 0.8990415258162201
 0.90434837987115846
 0.90951893843120302
 0.91455242571690321
 0.91944808659123523
 0.92420518667332896
 0.92882301244905885
 0.93330087137849493
 0.93763809200020309
 0.94183402403235938
 0.94588803847068181
 0.94979952768315734
 0.95356790550154413
 0.95719260730965239
 0.9606730901283711
 0.96400883269744064
 0.96719933555394533
 0.97024412110754021
 0.97314273371236859
 0.97589473973568186
 0.9784997276231443
 0.98095730796081271
 0.98326711353377094
 0.98542879938144945
 0.98744204284955517
 0.98930654363867876
 0.99102202384950477
 0.99258822802467439
 0.9940049231872462
 0.99527189887578904
 0.99638896717607228
 0.99735596274936777
 0.9981727428573457
 0.99883918738357735
 0.99935519885161495
 0.99972070243967759
 0.99993564599191687
 1.0000000000262756
 0.99991375773891922
 0.99967693500526533
 0.99928957037759913
 0.99875172507925336
 0.99806348299540237
 0.99722495066042027
 0.99623625724183884
 0.99509755452090065
 0.99380901686969403
 0.99237084122489927
 0.99078324705812459
 0.98904647634286336
 0.98716079351804065
 0.98512648544820769
 0.98294386138032075
 0.98061325289718604
 0.97813501386751778
 0.97550952039264449
 0.9727371707498762
 0.96981838533251974
 0.96675360658656928
 0.96354329894408042
 0.96018794875322522
 0.95668806420504682
 0.95304417525693375
 0.94925683355280577
 0.94532661234004234
 0.94125410638314821
 0.93703993187419121
 0.9326847263399981
 0.92818914854615131
 0.92355387839777914
 0.91877961683716503
 0.91386708573818565
 0.90881702779760398
 0.90363020642321745
 0.89830740561889633
 0.89284942986650939
 0.88725710400477931
 0.88153127310505797
 0.87567280234406564
 0.86968257687359929
 0.86356150168722778
 0.85731050148400811
 0.85093052052922646
 0.84442252251219518
 0.83778749040112488
 0.8310264262950956
 0.82414035127314
 0.81713030524047636
 0.80999734677190038
 0.80274255295236796
 0.79536701921479247
 0.78787185917507241
 0.78025820446439054
 0.7725272045587871
 0.76468002660606116
 0.75671785524999513
 0.74864189245195756
 0.74045335730988771
 0.73215348587470608
 0.72374353096417088
 0.71522476197420515
 0.70659846468773257
 0.69786594108104205
 0.6890285091277184
 0.68008750260015294
 0.67104427086869145
 0.661900178698416
 0.65265660604362219
 0.64331494783999854
 0.63387661379455806
 0.62434302817333953
 0.61471562958691828
 0.60499587077375783
 0.59518521838143101
 0.58528515274574988
 0.57529716766783268
 0.56522277018914147
 0.55506348036452857
 0.5448208310333208
 0.53449636758848051
 0.52409164774387451
 0.51360824129968774
 0.50304772990601843
 0.4924117068246861
 0.4817017766892927
 0.47091955526357065
 0.46006666919805456
 0.44914475578511448
 0.43815546271238481
 0.42710044781462858
 0.41598137882407393
 0.40479993311926071
 0.39355779747243069
 0.38225666779550971
 0.37089824888470629
 0.35948425416377716
 0.34801640542599183
 0.33649643257483602
 0.3249260733634961
 0.31330707313315836
 0.30164118455016753
 0.28993016734208205
 0.27817578803266563
 0.26637981967585395
 0.25454404158874144
 0.24267023908362068
 0.23076020319912174
 0.21881573043048891
 0.20683862245903398
 0.19483068588081051
 0.1827937319345472
 0.17072957622888091
 0.15864003846893382
 0.14652694218227191
 0.13439211444428911
 0.12223738560305543
 0.11006458900367422
 0.097875560712186407
 0.085672139239066317
 0.073456165262348355
 0.061229481350427856
 0.048993931684576969
 0.036751361781217802
 0.024503618213994386
 0.012252548335685492
 1.2246467991473532e-16


# name: h
# type: scalar
0.00390625


