# Created by Octave 6.3.0, Tue Sep 14 02:52:52 2021 -03 <kuroneko@kuroneko-VirtualBox>
# name: alfa
# type: scalar
1


# name: beta
# type: scalar
2560


# name: Lambda
# type: matrix
# rows: 257
# columns: 1
 0
 0.012290528236399064
 0.024578838833119381
 0.036863084103433343
 0.049141416972836548
 0.061411991257210412
 0.073672961940850754
 0.08592248545432031
 0.098158719952083529
 0.11037982558988178
 0.1225839648018071
 0.13476930257703279
 0.14693400673615936
 0.15907624820713412
 0.17119420130070251
 0.18328604398535028
 0.19534995816169473
 0.20738412993628375
 0.21938674989476148
 0.23135601337435963
 0.24329012073567285
 0.25518727763367799
 0.26704569528795563
 0.27886359075207418
 0.29063918718209453
 0.30237071410415672
 0.31405640768110654
 0.32569451097812296
 0.33728327422730603
 0.34882095509118566
 0.36030581892511082
 0.37173613903848124
 0.38311019695478016
 0.39442628267037066
 0.4056826949120162
 0.4168777413930857
 0.42800973906840606
 0.4390770143877224
 0.45007790354772848
 0.46101075274262948
 0.47187391841319926
 0.48266576749429418
 0.49338467766078642
 0.50402903757188022
 0.5145972471137743
 0.52508771764063311
 0.53549887221383041
 0.54582914583943087
 0.55607698570387265
 0.56624085140781499
 0.57631921519811702
 0.58631056219791122
 0.59621339063473888
 0.60602621206671103
 0.61574755160666284
 0.62537594814426589
 0.6349099545660658
 0.64434813797341262
 0.65368907989824998
 0.66293137651673095
 0.67207363886062887
 0.68111449302651084
 0.69005258038264261
 0.69888655777359376
 0.7076150977225113
 0.7162368886310333
 0.72475063497681058
 0.73315505750860821
 0.74144889343895493
 0.74963089663431504
 0.75769983780275119
 0.76565450467905161
 0.77349370220729285
 0.7812162527208103
 0.7888209961195507
 0.79630679004477878
 0.80367251005111273
 0.81091704977586088
 0.81803932110563682
 0.82503825434022404
 0.83191279835367005
 0.8386619207525815
 0.84528460803159833
 0.8517798657260246
 0.85814671856159142
 0.86438421060132942
 0.87049140538952885
 0.87646738609276686
 0.8823112556379793
 0.88802213684755649
 0.89359917257144306
 0.8990415258162211
 0.90434837987115868
 0.90951893843120346
 0.91455242571690343
 0.919448086591236
 0.92420518667333007
 0.92882301244905918
 0.93330087137849571
 0.93763809200020409
 0.94183402403236061
 0.94588803847068303
 0.94979952768315745
 0.95356790550154391
 0.95719260730965272
 0.96067309012837221
 0.96400883269744098
 0.96719933555394588
 0.97024412110754066
 0.97314273371236892
 0.97589473973568253
 0.97849972762314541
 0.98095730796081215
 0.98326711353377172
 0.98542879938144912
 0.98744204284955561
 0.98930654363867854
 0.99102202384950489
 0.99258822802467384
 0.99400492318724587
 0.99527189887578871
 0.99638896717607206
 0.99735596274936744
 0.99817274285734647
 0.99883918738357769
 0.99935519885161495
 0.99972070243967759
 0.99993564599191798
 1.0000000000262761
 0.999913757738919
 0.99967693500526644
 0.99928957037759947
 0.99875172507925436
 0.99806348299540282
 0.99722495066042005
 0.99623625724183917
 0.99509755452090076
 0.99380901686969447
 0.99237084122489916
 0.99078324705812526
 0.98904647634286291
 0.98716079351804153
 0.98512648544820713
 0.98294386138032053
 0.98061325289718615
 0.97813501386751756
 0.97550952039264471
 0.97273717074987631
 0.96981838533251907
 0.96675360658656917
 0.96354329894408097
 0.96018794875322522
 0.9566880642050466
 0.95304417525693352
 0.94925683355280588
 0.94532661234004201
 0.94125410638314844
 0.93703993187419099
 0.93268472633999799
 0.92818914854615153
 0.92355387839777947
 0.9187796168371648
 0.91386708573818543
 0.90881702779760343
 0.90363020642321734
 0.89830740561889588
 0.89284942986650973
 0.88725710400477942
 0.88153127310505808
 0.87567280234406608
 0.86968257687359918
 0.86356150168722778
 0.85731050148400834
 0.85093052052922624
 0.84442252251219474
 0.83778749040112488
 0.83102642629509549
 0.82414035127314
 0.81713030524047636
 0.80999734677190027
 0.80274255295236807
 0.79536701921479225
 0.78787185917507263
 0.78025820446438998
 0.77252720455878721
 0.76468002660606094
 0.75671785524999524
 0.74864189245195745
 0.74045335730988748
 0.73215348587470641
 0.72374353096417099
 0.71522476197420515
 0.70659846468773246
 0.69786594108104238
 0.68902850912771807
 0.68008750260015316
 0.67104427086869134
 0.66190017869841622
 0.65265660604362197
 0.64331494783999854
 0.63387661379455817
 0.62434302817333964
 0.6147156295869185
 0.60499587077375783
 0.59518521838143079
 0.58528515274574988
 0.57529716766783257
 0.56522277018914124
 0.55506348036452824
 0.54482083103332046
 0.53449636758848029
 0.52409164774387418
 0.51360824129968741
 0.50304772990601798
 0.4924117068246856
 0.48170177668929215
 0.47091955526357004
 0.46006666919805406
 0.44914475578511409
 0.43815546271238437
 0.42710044781462803
 0.4159813788240736
 0.4047999331192601
 0.39355779747243047
 0.38225666779550954
 0.37089824888470613
 0.359484254163777
 0.34801640542599155
 0.33649643257483586
 0.32492607336349594
 0.31330707313315814
 0.30164118455016742
 0.2899301673420821
 0.27817578803266552
 0.266379819675854
 0.25454404158874139
 0.24267023908362056
 0.23076020319912172
 0.21881573043048885
 0.20683862245903401
 0.19483068588081065
 0.1827937319345472
 0.17072957622888088
 0.15864003846893371
 0.14652694218227191
 0.13439211444428908
 0.12223738560305546
 0.1100645890036742
 0.097875560712186421
 0.085672139239066303
 0.073456165262348355
 0.061229481350427856
 0.048993931684576976
 0.036751361781217816
 0.024503618213994389
 0.012252548335685494
 1.2246467991473532e-16


# name: nen
# type: scalar
2


# name: nel
# type: scalar
256


# name: h
# type: scalar
0.00390625


