# Created by Octave 6.2.0, Thu Sep 02 17:01:00 2021 -03 <kuroneko@kuroneko-VirtualBox>
# name: alfa
# type: scalar
1


# name: beta
# type: scalar
160


# name: Lambda
# type: matrix
# rows: 17
# columns: 1
 0
 0.19924470061268787
 0.38951205909379716
 0.56367884756359832
 0.71524057401859242
 0.83856144631144514
 0.92909095248261941
 0.98353873438302442
 1.0000010342924313
 0.97803385526102105
 0.91867002366317019
 0.82437949825909962
 0.69897445106488676
 0.54746276771978053
 0.37585559724953788
 0.19093634698045575
 1.2246467991473532e-16


# name: h
# type: scalar
0.0625


# name: xlU1
# type: matrix
# rows: 16
# columns: 1
 0
 0.0625
 0.125
 0.1875
 0.25
 0.3125
 0.375
 0.4375
 0.5
 0.5625
 0.625
 0.6875
 0.75
 0.8125
 0.875
 0.9375


# name: xlU2
# type: matrix
# rows: 16
# columns: 1
 0.0625
 0.125
 0.1875
 0.25
 0.3125
 0.375
 0.4375
 0.5
 0.5625
 0.625
 0.6875
 0.75
 0.8125
 0.875
 0.9375
 1


# name: U
# type: matrix
# rows: 16
# columns: 2
 -0.00016362294208252526 0.19945835767767633
 0.19863462960002362 0.39001932944325512
 0.38847898469743608 0.56446023708247661
 0.56226247025323783 0.71626605434588886
 0.713495324379956 0.83979160881327775
 0.83655439330939851 0.93047852270392595
 0.92689922603846275 0.98503038877835825
 0.98124656131487242 1.001539449419909
 0.99769650152582734 0.97955991069004722
 0.97580552469778914 0.92012507393942855
 0.91660352879719298 0.82570762661647557
 0.8225542533291732 0.70012461827542938
 0.69746059921005887 0.54839077350260967
 0.54631848541785433 0.37652577886285116
 0.37512485862765543 0.19132294972069558
 0.19064723391405308 8.8166940668445992e-05


# name: x
# type: range
# base, limit, increment
0 1 0.0625


# name: exata
# type: matrix
# rows: 17
# columns: 1
 0
 0.19509032201612825
 0.38268343236508978
 0.55557023301960218
 0.70710678118654746
 0.83146961230254524
 0.92387953251128674
 0.98078528040323043
 1
 0.98078528040323043
 0.92387953251128674
 0.83146961230254546
 0.70710678118654757
 0.55557023301960218
 0.38268343236508989
 0.19509032201612861
 1.2246467991473532e-16


