# Created by Octave 6.3.0, Tue Sep 14 02:52:52 2021 -03 <kuroneko@kuroneko-VirtualBox>
# name: alfa
# type: scalar
1


# name: beta
# type: scalar
640


# name: Lambda
# type: matrix
# rows: 65
# columns: 1
 0
 0.049362645101442677
 0.098583459203920767
 0.14754460415384202
 0.19612886736334703
 0.24421994418570003
 0.29170271810336995
 0.33846353805380408
 0.38439049222479249
 0.42937367765982598
 0.47330546502394472
 0.51608075789223318
 0.55759724593631321
 0.59775565139888653
 0.6364599682625478
 0.67361769353668943
 0.70914005010530856
 0.74294220059885507
 0.77494345177488599
 0.80506744891515458
 0.83324235977081407
 0.85940104761259728
 0.88348123296907777
 0.90542564366337142
 0.92518215278682714
 0.94270390427731543
 0.95794942579958609
 0.97088272865575709
 0.98147339448523896
 0.98969664854523076
 0.99553341939524442
 0.99897038484187684
 1.0000000040331387
 0.99862053562502939
 0.99483604197658593
 0.98865637936330442
 0.98009717423250942
 0.96917978555787399
 0.95593125338378027
 0.94038423368348456
 0.92257691968801769
 0.90255294987534651
 0.88036130284145719
 0.85605617930662747
 0.82969687154114491
 0.80134762052503405
 0.7710774611859087
 0.73896005608778415
 0.70507351797150886
 0.66950022157433053
 0.6323266051819374
 0.59364296239105763
 0.55354322458427629
 0.51212473464110664
 0.469488012430468
 0.42573651264951656
 0.38097637559221803
 0.33531617144808318
 0.28886663874707164
 0.24174041758077339
 0.19405177824256228
 0.14591634594045036
 0.097450822245834012
 0.048772703949186945
 1.2246467991473532e-16


# name: nen
# type: scalar
2


# name: nel
# type: scalar
64


# name: h
# type: scalar
0.015625


# name: xl
# type: matrix
# rows: 65
# columns: 1
 0
 0.015625
 0.03125
 0.046875
 0.0625
 0.078125
 0.09375
 0.109375
 0.125
 0.140625
 0.15625
 0.171875
 0.1875
 0.203125
 0.21875
 0.234375
 0.25
 0.265625
 0.28125
 0.296875
 0.3125
 0.328125
 0.34375
 0.359375
 0.375
 0.390625
 0.40625
 0.421875
 0.4375
 0.453125
 0.46875
 0.484375
 0.5
 0.515625
 0.53125
 0.546875
 0.5625
 0.578125
 0.59375
 0.609375
 0.625
 0.640625
 0.65625
 0.671875
 0.6875
 0.703125
 0.71875
 0.734375
 0.75
 0.765625
 0.78125
 0.796875
 0.8125
 0.828125
 0.84375
 0.859375
 0.875
 0.890625
 0.90625
 0.921875
 0.9375
 0.953125
 0.96875
 0.984375
 1


# name: U
# type: matrix
# rows: 64
# columns: 2
 -2.562341159824091e-06 0.049365995550801088
 0.049352993584565255 0.098591531814167799
 0.098566741762675297 0.14755737947735251
 0.14752086106200871 0.19614631462324769
 0.19609815582011375 0.24424202135001349
 0.24418233817786453 0.29172937198627369
 0.29165830822709887 0.33849470444375956
 0.33841243129637927 0.3844260960392365
 0.384332811706869 0.42941363312605096
 0.42930956233882367 0.47334967588573279
 0.47323506935928783 0.51612911764174596
 0.51600425147324369 0.55764963807067847
 0.5575148130736558 0.59781194970086338
 0.59766749068054748 0.63652003710459548
 0.6363662920754195 0.67368138820770629
 0.67351872755491171 0.70920721715925295
 0.70903603274659999 0.74301267822441108
 0.74283338245014374 0.77501707018528054
 0.77483009498862332 0.80514403075718866
 0.80494982657776781 0.8333217205521225
 0.83312075524481632 0.85948299614610668
 0.85927575385394284 0.88356557183359297
 0.88335255182140571 0.90551216967918091
 0.90529388513083775 0.92527065750517989
 0.92504763428727721 0.94279417448259262
 0.94256694987759737 0.95804124402295687
 0.95781036543484455 0.9709758736990789
 0.97074189733459093 0.98156764195394364
 0.98133113148263595 0.98979177138891128
 0.98955329658522517 0.99562918845463866
 0.99538932382526413 0.99906656940093208
 0.9988258928007715 1.000096372374828
 0.99985546361489064 0.99871685558957601
 0.99847629504016688 0.99493208152075896
 0.99469244871331164 0.98875190711943006
 0.98851377935036722 0.98019196006585574
 0.97995591100583068 0.96927360112106609
 0.96904019943293962 0.95602387266690925
 0.95579368063579162 0.94047543355858487
 0.94024900573724168 0.92266648044660216
 0.9224443623194879 0.90264065575770291
 0.90242338242684084 0.88044694255643308
 0.88023503745230791 0.85613954654064783
 0.8559335201612166 0.8297777654552414
 0.82957811413609728 0.80142584623868185
 0.80123305095734065 0.77115283024651193
 0.7709673554636931 0.73903238692467443
 0.73885467946537542 0.70514263633336449
 0.70497312431042003 0.66956596094896381
 0.66940505273168471 0.63238880719743673
 0.63223689042781239 0.59370147719731936
 0.593558917856154 0.55359791121400703
 0.55346505273924018 0.51217546134942515
 0.51205262380875982 0.46953465701229097
 0.46942213633212176 0.42577896273396082
 0.4256770299864619 0.38101452891331183
 0.38092342966340031 0.33534993609113428
 0.33526988980488237 0.28889593337009745
 0.28882713288602013 0.2417651716104611
 0.24170778267495058 0.19407193204428616
 0.19402609291231487 0.14593185096193689
 0.14589767206398868 0.097461641134128307
 0.097439204810162092 0.048778810640639478
 0.048768170941724892 1.379783056299419e-06


# name: x
# type: range
# base, limit, increment
0 1 0.015625


# name: exata
# type: matrix
# rows: 65
# columns: 1
 0
 0.049067674327418015
 0.098017140329560604
 0.14673047445536175
 0.19509032201612825
 0.24298017990326387
 0.29028467725446233
 0.33688985339222005
 0.38268343236508978
 0.42755509343028208
 0.47139673682599764
 0.51410274419322166
 0.55557023301960218
 0.59569930449243336
 0.63439328416364549
 0.67155895484701833
 0.70710678118654746
 0.74095112535495911
 0.77301045336273699
 0.80320753148064483
 0.83146961230254524
 0.85772861000027212
 0.88192126434835494
 0.90398929312344334
 0.92387953251128674
 0.94154406518302081
 0.95694033573220894
 0.97003125319454397
 0.98078528040323043
 0.98917650996478101
 0.99518472667219682
 0.99879545620517241
 1
 0.99879545620517241
 0.99518472667219693
 0.98917650996478101
 0.98078528040323043
 0.97003125319454397
 0.95694033573220894
 0.94154406518302081
 0.92387953251128674
 0.90398929312344345
 0.88192126434835505
 0.85772861000027212
 0.83146961230254546
 0.80320753148064494
 0.7730104533627371
 0.74095112535495899
 0.70710678118654757
 0.67155895484701855
 0.63439328416364549
 0.59569930449243347
 0.55557023301960218
 0.51410274419322177
 0.47139673682599786
 0.42755509343028203
 0.38268343236508989
 0.33688985339222033
 0.29028467725446239
 0.24298017990326407
 0.19509032201612861
 0.1467304744553618
 0.098017140329560826
 0.049067674327417966
 1.2246467991473532e-16


