# Created by Octave 6.2.0, Sun Jun 20 00:22:05 2021 -03 <kuroneko@kuroneko-VirtualBox>
# name: xlSU
# type: matrix
# rows: 11
# columns: 1
 0
 0.10000000000000001
 0.20000000000000001
 0.30000000000000004
 0.40000000000000002
 0.5
 0.59999999999999998
 0.69999999999999996
 0.79999999999999993
 0.89999999999999991
 0.99999999999999989


# name: hSU
# type: scalar
0.10000000000000001


# name: uSU
# type: matrix
# rows: 11
# columns: 1
 0
 0.36804580004392723
 0.47888586592197635
 0.44441820485795003
 0.33149477674362166
 0.17974450247237872
 0.012393377733891738
 -0.15697070694384505
 -0.31798771947799137
 -0.43418235784409909
 1


# name: x
# type: range
# base, limit, increment
0 1 0.10000000000000001


# name: exata
# type: matrix
# rows: 11
# columns: 1
 1.0000000000065512e-05
 0.37259277099537869
 0.48614923012432243
 0.45329707734355251
 0.34132427622177541
 0.19012180274705592
 0.023051187242409732
 -0.14647233091184608
 -0.31099446351826865
 -0.46653832887609958
 1.0000064171738696


