# Created by Octave 6.2.0, Mon Aug 30 22:23:43 2021 -03 <kuroneko@kuroneko-VirtualBox>
# name: alfa
# type: scalar
1


# name: beta
# type: scalar
100


# name: h
# type: scalar
0.00390625


# name: xl
# type: matrix
# rows: 257
# columns: 1
 0
 0.00390625
 0.0078125
 0.01171875
 0.015625
 0.01953125
 0.0234375
 0.02734375
 0.03125
 0.03515625
 0.0390625
 0.04296875
 0.046875
 0.05078125
 0.0546875
 0.05859375
 0.0625
 0.06640625
 0.0703125
 0.07421875
 0.078125
 0.08203125
 0.0859375
 0.08984375
 0.09375
 0.09765625
 0.1015625
 0.10546875
 0.109375
 0.11328125
 0.1171875
 0.12109375
 0.125
 0.12890625
 0.1328125
 0.13671875
 0.140625
 0.14453125
 0.1484375
 0.15234375
 0.15625
 0.16015625
 0.1640625
 0.16796875
 0.171875
 0.17578125
 0.1796875
 0.18359375
 0.1875
 0.19140625
 0.1953125
 0.19921875
 0.203125
 0.20703125
 0.2109375
 0.21484375
 0.21875
 0.22265625
 0.2265625
 0.23046875
 0.234375
 0.23828125
 0.2421875
 0.24609375
 0.25
 0.25390625
 0.2578125
 0.26171875
 0.265625
 0.26953125
 0.2734375
 0.27734375
 0.28125
 0.28515625
 0.2890625
 0.29296875
 0.296875
 0.30078125
 0.3046875
 0.30859375
 0.3125
 0.31640625
 0.3203125
 0.32421875
 0.328125
 0.33203125
 0.3359375
 0.33984375
 0.34375
 0.34765625
 0.3515625
 0.35546875
 0.359375
 0.36328125
 0.3671875
 0.37109375
 0.375
 0.37890625
 0.3828125
 0.38671875
 0.390625
 0.39453125
 0.3984375
 0.40234375
 0.40625
 0.41015625
 0.4140625
 0.41796875
 0.421875
 0.42578125
 0.4296875
 0.43359375
 0.4375
 0.44140625
 0.4453125
 0.44921875
 0.453125
 0.45703125
 0.4609375
 0.46484375
 0.46875
 0.47265625
 0.4765625
 0.48046875
 0.484375
 0.48828125
 0.4921875
 0.49609375
 0.5
 0.50390625
 0.5078125
 0.51171875
 0.515625
 0.51953125
 0.5234375
 0.52734375
 0.53125
 0.53515625
 0.5390625
 0.54296875
 0.546875
 0.55078125
 0.5546875
 0.55859375
 0.5625
 0.56640625
 0.5703125
 0.57421875
 0.578125
 0.58203125
 0.5859375
 0.58984375
 0.59375
 0.59765625
 0.6015625
 0.60546875
 0.609375
 0.61328125
 0.6171875
 0.62109375
 0.625
 0.62890625
 0.6328125
 0.63671875
 0.640625
 0.64453125
 0.6484375
 0.65234375
 0.65625
 0.66015625
 0.6640625
 0.66796875
 0.671875
 0.67578125
 0.6796875
 0.68359375
 0.6875
 0.69140625
 0.6953125
 0.69921875
 0.703125
 0.70703125
 0.7109375
 0.71484375
 0.71875
 0.72265625
 0.7265625
 0.73046875
 0.734375
 0.73828125
 0.7421875
 0.74609375
 0.75
 0.75390625
 0.7578125
 0.76171875
 0.765625
 0.76953125
 0.7734375
 0.77734375
 0.78125
 0.78515625
 0.7890625
 0.79296875
 0.796875
 0.80078125
 0.8046875
 0.80859375
 0.8125
 0.81640625
 0.8203125
 0.82421875
 0.828125
 0.83203125
 0.8359375
 0.83984375
 0.84375
 0.84765625
 0.8515625
 0.85546875
 0.859375
 0.86328125
 0.8671875
 0.87109375
 0.875
 0.87890625
 0.8828125
 0.88671875
 0.890625
 0.89453125
 0.8984375
 0.90234375
 0.90625
 0.91015625
 0.9140625
 0.91796875
 0.921875
 0.92578125
 0.9296875
 0.93359375
 0.9375
 0.94140625
 0.9453125
 0.94921875
 0.953125
 0.95703125
 0.9609375
 0.96484375
 0.96875
 0.97265625
 0.9765625
 0.98046875
 0.984375
 0.98828125
 0.9921875
 0.99609375
 1


# name: u
# type: matrix
# rows: 257
# columns: 1
 -4.1200000000003207
 -4.1200752981610513
 -4.1203011813038692
 -4.120677615411604
 -4.1212045437946632
 -4.1218818870995708
 -4.1227095433209167
 -4.1236873878167186
 -4.124815273327191
 -4.126093029996925
 -4.1275204654004662
 -4.1290973645712938
 -4.1308234900341931
 -4.1326985818410176
 -4.1347223576098386
 -4.1368945125674701
 -4.1392147195953655
 -4.14168262927888
 -4.1442978699598934
 -4.1470600477927784
 -4.1499687468037134
 -4.1530235289533257
 -4.1562239342026617
 -4.1595694805824603
 -4.1630596642657443
 -4.1666939596436894
 -4.1704718194047787
 -4.174392674617228
 -4.1784559348146644
 -4.1826609880850487
 -4.1870072011628254
 -4.1914939195242908
 -4.196120467486165
 -4.2008861483073412
 -4.2057902442938175
 -4.2108320169067772
 -4.2160107068738109
 -4.2213255343032561
 -4.2267756988016529
 -4.2323603795942759
 -4.238078735648739
 -4.2439299058016537
 -4.249913008888317
 -4.2560271438754116
 -4.2622713899966982
 -4.2686448068916789
 -4.2751464347472128
 -4.2817752944420597
 -4.2885303876943324
 -4.2954106972118353
 -4.3024151868452618
 -4.3095428017442377
 -4.3167924685161765
 -4.3241630953879291
 -4.3316535723701994
 -4.3392627714247061
 -4.3469895466340613
 -4.3548327343743383
 -4.3627911534903134
 -4.3708636054733407
 -4.3790488746418443
 -4.3873457283243953
 -4.395752917045348
 -4.4042691747130043
 -4.412893218810285
 -4.4216237505878722
 -4.4304594552597925
 -4.439399002201422
 -4.4484410451498757
 -4.4575842224067426
 -4.4668271570431592
 -4.4761684571071685
 -4.4856067158333399
 -4.4951405118546255
 -4.504768409416414
 -4.5144889585927448
 -4.5243006955046683
 -4.5342021425406953
 -4.5441918085793231
 -4.5542681892135901
 -4.5644297669776384
 -4.5746750115752333
 -4.5850023801102227
 -4.5954103173188932
 -4.6058972558041846
 -4.6164616162717342
 -4.6271018077677146
 -4.6378162279184245
 -4.6486032631715988
 -4.659461289039406
 -4.6703886703430904
 -4.6813837614592213
 -4.6924449065675198
 -4.7035704399002185
 -4.71475868599292
 -4.7260079599369176
 -4.7373165676329334
 -4.7486828060462436
 -4.7601049634631512
 -4.7715813197487638
 -4.7831101466060382
 -4.7946897078360564
 -4.8063182595994896
 -4.817994050679216
 -4.8297153227440441
 -4.8414803106135169
 -4.8532872425237352
 -4.8651343403941825
 -4.8770198200954979
 -4.8889418917181553
 -4.9008987598420219
 -4.9128886238067384
 -4.9249096779828951
 -4.9369601120439492
 -4.9490381112388571
 -4.9611418566653649
 -4.973269525543933
 -4.9854192914922368
 -4.9975893248002148
 -5.0097777927056164
 -5.0219828596700076
 -5.0342026876551973
 -5.0464354364000394
 -5.0586792636975684
 -5.0709323256724295
 -5.0831927770585583
 -5.095458771477074
 -5.1077284617143368
 -5.1200000000001253
 -5.1322715382859148
 -5.1445412285231766
 -5.1568072229416924
 -5.1690676743278212
 -5.1813207363026814
 -5.1935645636002095
 -5.2057973123450516
 -5.2180171403302422
 -5.2302222072946343
 -5.2424106752000377
 -5.2545807085080156
 -5.2667304744563195
 -5.2788581433348876
 -5.2909618887613954
 -5.3030398879563023
 -5.3150903220173573
 -5.327111376193514
 -5.3391012401582314
 -5.3510581082820989
 -5.3629801799047572
 -5.3748656596060727
 -5.3867127574765208
 -5.3985196893867391
 -5.4102846772562119
 -5.4220059493210409
 -5.4336817404007665
 -5.4453102921641996
 -5.4568898533942187
 -5.468418680251494
 -5.4798950365371066
 -5.4913171939540133
 -5.5026834323673235
 -5.5139920400633384
 -5.5252413140073369
 -5.5364295601000402
 -5.5475550934327407
 -5.5586162385410391
 -5.5696113296571701
 -5.5805387109608535
 -5.5913967368286608
 -5.602183772081835
 -5.6128981922325449
 -5.6235383837285253
 -5.6341027441960749
 -5.6445896826813673
 -5.6549976198900405
 -5.6653249884250334
 -5.6755702330226319
 -5.6857318107866837
 -5.6958081914209551
 -5.7057978574595856
 -5.7156993044956161
 -5.7255110414075414
 -5.7352315905838758
 -5.7448594881456669
 -5.7543932841669569
 -5.7638315428931319
 -5.7731728429571456
 -5.7824157775935667
 -5.7915589548504371
 -5.8006009977988944
 -5.8095405447405293
 -5.8183762494124549
 -5.8271067811900465
 -5.8357308252873343
 -5.8442470829549968
 -5.852654271675954
 -5.8609511253585094
 -5.8691363945270183
 -5.8772088465100509
 -5.8851672656260314
 -5.8930104533663146
 -5.9007372285756752
 -5.908346427630188
 -5.9158369046124637
 -5.9232075314842216
 -5.9304571982561649
 -5.937584813155147
 -5.9445893027885788
 -5.9514696123060871
 -5.9582247055583659
 -5.9648535652532191
 -5.9713551931087601
 -5.9777286100037479
 -5.9839728561250416
 -5.9900869911121433
 -5.9960700941988128
 -6.0019212643517337
 -6.007639620406203
 -6.0132243011988322
 -6.0186744656972371
 -6.0239892931266903
 -6.0291679830937301
 -6.034209755706696
 -6.0391138516931795
 -6.0438795325143619
 -6.0485060804762441
 -6.0529927988377166
 -6.0573390119154995
 -6.0615440651858892
 -6.06560732538333
 -6.0695281805957855
 -6.0733060403568793
 -6.0769403357348288
 -6.0804305194181172
