# Created by Octave 6.2.0, Mon Aug 30 22:23:43 2021 -03 <kuroneko@kuroneko-VirtualBox>
# name: alfa
# type: scalar
1


# name: beta
# type: scalar
100


# name: h
# type: scalar
0.0625


# name: xl
# type: matrix
# rows: 17
# columns: 1
 0
 0.0625
 0.125
 0.1875
 0.25
 0.3125
 0.375
 0.4375
 0.5
 0.5625
 0.625
 0.6875
 0.75
 0.8125
 0.875
 0.9375
 1


# name: u
# type: matrix
# rows: 17
# columns: 1
 0.67999997931415224
 0.66078536913029318
 0.60387969166771638
 0.51146980516664631
 0.38710697470966743
 0.23557039909617217
 0.062683548912706055
 -0.12490962617583334
 -0.32000002068584849
 -0.51509041519586363
 -0.70268359028440297
 -0.87557044046786903
 -1.027107016081364
 -1.1514698465383424
 -1.2438797330394122
 -1.3007854105019889
 -1.320000020685848


# name: x
# type: range
# base, limit, increment
0 1 0.0625


# name: exata
# type: matrix
# rows: 17
# columns: 1
 1
 0.98078528040323043
 0.92387953251128674
 0.83146961230254524
 0.70710678118654757
 0.55557023301960229
 0.38268343236508984
 0.19509032201612833
 6.123233995736766e-17
 -0.19509032201612819
 -0.38268343236508973
 -0.55557023301960196
 -0.70710678118654746
 -0.83146961230254535
 -0.92387953251128674
 -0.98078528040323043
 -1


