# Created by Octave 6.2.0, Mon Aug 30 22:23:43 2021 -03 <kuroneko@kuroneko-VirtualBox>
# name: alfa
# type: scalar
1


# name: beta
# type: scalar
100


# name: h
# type: scalar
0.015625


# name: xl
# type: matrix
# rows: 65
# columns: 1
 0
 0.015625
 0.03125
 0.046875
 0.0625
 0.078125
 0.09375
 0.109375
 0.125
 0.140625
 0.15625
 0.171875
 0.1875
 0.203125
 0.21875
 0.234375
 0.25
 0.265625
 0.28125
 0.296875
 0.3125
 0.328125
 0.34375
 0.359375
 0.375
 0.390625
 0.40625
 0.421875
 0.4375
 0.453125
 0.46875
 0.484375
 0.5
 0.515625
 0.53125
 0.546875
 0.5625
 0.578125
 0.59375
 0.609375
 0.625
 0.640625
 0.65625
 0.671875
 0.6875
 0.703125
 0.71875
 0.734375
 0.75
 0.765625
 0.78125
 0.796875
 0.8125
 0.828125
 0.84375
 0.859375
 0.875
 0.890625
 0.90625
 0.921875
 0.9375
 0.953125
 0.96875
 0.984375
 1


# name: u
# type: matrix
# rows: 65
# columns: 1
 -0.28000000008064951
 -0.28120454375431964
 -0.28481527317584054
 -0.29082348978146971
 -0.29921471925084292
 -0.30996874637687993
 -0.32305966376598905
 -0.33845593425124743
 -0.35612046686819843
 -0.37601070621023391
 -0.39807873494829621
 -0.42227138926792063
 -0.4485303869455215
 -0.47679246775537321
 -0.50698954586903544
 -0.53904887388007705
 -0.57289321805895055
 -0.60844104441581071
 -0.64560671512303869
 -0.68430069482426881
 -0.7244297663329049
 -0.76589725520048757
 -0.80860326261390802
 -0.85244490606039935
 -0.89731656718052089
 -0.9431101462120377
 -0.98971532241171511
 -1.0370198198276535
 -1.0849096777818894
 -1.1332695254116516
 -1.1819828596078739
 -1.2309323256813895
 -1.2800000000806575
 -1.3290676744799252
 -1.3780171405534409
 -1.426730474749663
 -1.4750903223794247
 -1.5229801803336604
 -1.5702846777495982
 -1.6168898539492755
 -1.6626834329807925
 -1.7075550941009141
 -1.7513967375474053
 -1.7941027449608256
 -1.8355702338284077
 -1.8756993053370434
 -1.9143932850382734
 -1.9515589557455013
 -1.9871067821023611
 -2.0209511262812341
 -2.0530104542922754
 -2.0832075324059378
 -2.1114696132157893
 -2.1377286108933897
 -2.1619212652130138
 -2.183989293951075
 -2.2038795332931094
 -2.2215440659100594
 -2.2369403363953171
 -2.2500312537844254
 -2.2607852809104618
 -2.2691765103798338
 -2.2751847269854619
 -2.2787954564069817
 -2.2800000000806504


# name: x
# type: range
# base, limit, increment
0 1 0.015625


# name: exata
# type: matrix
# rows: 65
# columns: 1
 1
 0.99879545620517241
 0.99518472667219693
 0.98917650996478101
 0.98078528040323043
 0.97003125319454397
 0.95694033573220882
 0.94154406518302081
 0.92387953251128674
 0.90398929312344334
 0.88192126434835505
 0.85772861000027212
 0.83146961230254524
 0.80320753148064494
 0.77301045336273699
 0.74095112535495911
 0.70710678118654757
 0.67155895484701833
 0.63439328416364549
 0.59569930449243347
 0.55557023301960229
 0.51410274419322166
 0.47139673682599781
 0.4275550934302822
 0.38268343236508984
 0.33688985339222005
 0.29028467725446233
 0.24298017990326398
 0.19509032201612833
 0.14673047445536175
 0.09801714032956077
 0.049067674327418126
 6.123233995736766e-17
 -0.049067674327418008
 -0.098017140329560645
 -0.14673047445536164
 -0.19509032201612819
 -0.24298017990326387
 -0.29028467725446216
 -0.33688985339221994
 -0.38268343236508973
 -0.42755509343028186
 -0.4713967368259977
 -0.51410274419322166
 -0.55557023301960196
 -0.59569930449243336
 -0.63439328416364538
 -0.67155895484701844
 -0.70710678118654746
 -0.74095112535495888
 -0.77301045336273699
 -0.80320753148064483
 -0.83146961230254535
 -0.85772861000027201
 -0.88192126434835494
 -0.90398929312344334
 -0.92387953251128674
 -0.9415440651830207
 -0.95694033573220882
 -0.97003125319454397
 -0.98078528040323043
 -0.98917650996478101
 -0.99518472667219682
 -0.99879545620517241
 -1


