# Created by Octave 6.3.0, Mon Sep 13 17:56:52 2021 -03 <kuroneko@kuroneko-VirtualBox>
# name: alfa
# type: scalar
0


# name: beta
# type: scalar
10240


# name: Lambda
# type: matrix
# rows: 257
# columns: 1
 0
 0.012271538279836704
 0.024541228511261799
 0.036807222924056984
 0.049067674304580672
 0.061320736273951522
 0.073564563566106356
 0.08579731230569039
 0.09801714028573813
 0.11022220724510297
 0.12241067514559362
 0.13458070844877607
 0.14673047439239889
 0.15885814326640038
 0.17096188868845633
 0.18303988787902631
 0.19509032193585771
 0.20711137610790564
 0.21910124006862783
 0.23105810818861305
 0.24298017980750236
 0.25486565950516188
 0.2667127573720664
 0.27851968927885334
 0.29028467714500594
 0.30200594920662571
 0.31368174028325346
 0.3253102920436991
 0.3368898532708397
 0.34841868012534655
 0.35989503640830089
 0.37131719382265888
 0.38268343223352713
 0.39399203992720816
 0.40524131386897883
 0.41642955995956077
 0.42755509329024538
 0.43861623839663499
 0.44961132951096189
 0.46053871081294634
 0.47139673667915749
 0.48218377193083795
 0.49289819208015573
 0.50353838357484615
 0.51410274404120693
 0.52458968252540983
 0.53499761973309212
 0.54532498826719278
 0.55557023286399665
 0.56573181062735156
 0.57580819126102278
 0.58579785729914957
 0.5956993043347707
 0.605511041246382
 0.61523159042249431
 0.62485948798415547
 0.63439328400540618
 0.64383154273163301
 0.65317284279578736
 0.6624157774324384
 0.67155895468962756
 0.68060099763848991
 0.68954054458061576
 0.69837624925311692
 0.70710678103136915
 0.71573082512939934
 0.72424708279788685
 0.73265427151975149
 0.74095112520329476
 0.74913639437286905
 0.75720884635704422
 0.76516726547424363
 0.77301045321582051
 0.7807372284265498
 0.78834642748250527
 0.79583690446629685
 0.80320753133964218
 0.81045719811324435
 0.81758481301395258
 0.82458930264917918
 0.83146961216854909
 0.83822470542275573
 0.84485356511960086
 0.85135519297719631
 0.85772860987430088
 0.86397285599777185
 0.87008699098711018
 0.8760700940760755
 0.88192126423134887
 0.88763962028822652
 0.89322430108331963
 0.89867446558424124
 0.90398929301626418
 0.90916798298592527
 0.91420975560156281
 0.91911385159076542
 0.9238795324147151
 0.92850608037940818
 0.93299279874373775
 0.93733901182442092
 0.94154406509775346
 0.94560732529817892
 0.94952818051365595
 0.9533060402778103
 0.95694033565885683
 0.96043051934527812
 0.9637760657282477
 0.96697647098078576
 0.97003125313363214
 0.9729399521478298
 0.97570212998400585
 0.97831737066833724
 0.98078528035519574
 0.98310548738645875
 0.98527764234748105
 0.98730141811971439
 0.98917650992997053
 0.99090263539631918
 0.99247953457061344
 0.99390696997763694
 0.99518472665086732
 0.99631261216484857
 0.99729045666416982
 0.99811811288904517
 0.99879545619749077
 0.99932238458409528
 0.99969881869538091
 0.99992470184175419
 1.0000000000060429
 0.99992470184861948
 0.99969881870910904
 0.99932238460468059
 0.99879545622492449
 0.99811811292331587
 0.99729045670526351
 0.99631261221274858
 0.99518472670555402
 0.99390697003908768
 0.99247953463880279
 0.9909026354712186
 0.98917651001154894
 0.98730141820793782
 0.98527764244231264
 0.98310548748785886
 0.98078528046312208
 0.97831737078274472
 0.97570213010484619
 0.97293995227505203
 0.97003125326718198
 0.96697647112060736
 0.96377606587428211
 0.96043051949746328
 0.95694033581712834
 0.95330604044210077
 0.94952818068389511
 0.94560732547429405
 0.94154406527966938
 0.93733901201205949
 0.93299279893701814
 0.92850608057824691
 0.92387953261902667
 0.91911385180046101
 0.91420975581655095
 0.90916798320611147
 0.90398929324155219
 0.89867446581453225
 0.89322430131851172
 0.8876396205282151
 0.8819212644760267
 0.87607009432533367
 0.87008699124083733
 0.86397285625585329
 0.85772861013662005
 0.85135519324363418
 0.84485356539003575
 0.83822470569706331
 0.831469612446603
 0.82458930293085042
 0.81758481329911026
 0.81045719840175534
 0.80320753163137071
 0.79583690476110491
 0.7883464277802521
 0.78073722872709239
 0.77301045351901387
 0.76516726577994054
 0.75720884666509558
 0.74913639468312321
 0.74095112551559839
 0.73265427183394904
 0.72424708311382058
 0.71573082544690902
 0.70710678135029281
 0.69837624957329036
 0.689540544901873
 0.6806009979606632
 0.67155895501254692
 0.6624157777559323
 0.65317284311968193
 0.64383154305575307
 0.63439328432957409
 0.62485948830819171
 0.6152315907462178
 0.60551104156960989
 0.59569930465731824
 0.58579785762083059
 0.57580819158164942
 0.56573181094673441
 0.55557023318194443
 0.54532498858351264
 0.53499762004758977
 0.5245896828378892
 0.51410274435147063
 0.50353838388269512
 0.49289819238538957
 0.48218377223325487
 0.47139673697855444
 0.46053871110911881
 0.44961132980370416
 0.43861623868573996
 0.42755509357550442
 0.41642956024076438
 0.40524131414591613
 0.3939920401996671
 0.38268343250129455
 0.37131719408552061
 0.35989503666604145
 0.34841868037774959
 0.33688985351768763
 0.32531029228477359
 0.31368174051833525
 0.30200594943549453
 0.29028467736744074
 0.27851968949463207
 0.2667127575809663
 0.25486565970695951
 0.24298018000197347
 0.23105810837553253
 0.21910124024777
 0.20711137627904416
 0.19509032209876567
 0.18303988803347623
 0.1709618888342202
 0.15885814340324972
 0.14673047452010468
 0.13458070856710896
 0.12241067525432382
 0.11022220734400029
 0.098017140374572112
 0.08579731238423019
 0.073564563634120908
 0.061320736331209526
 0.049067674350850639
 0.036807222959107246
 0.024541228534860557
 0.012271538291752105
 1.2246467991473532e-16


# name: nen
# type: scalar
3


# name: nel
# type: scalar
256


# name: h
# type: scalar
0.00390625


