# Created by Octave 6.3.0, Tue Sep 14 03:23:33 2021 -03 <kuroneko@kuroneko-VirtualBox>
# name: alfa
# type: scalar
0


# name: beta
# type: scalar
2560


# name: Lambda
# type: matrix
# rows: 65
# columns: 1
 0
 0.049067672846581943
 0.098017137486481207
 0.14673047036820305
 0.1950903168023409
 0.24298017367930216
 0.29028467013550363
 0.33688984549188733
 0.382683423795178
 0.42755508430048872
 0.47139672724365844
 0.51410273426305231
 0.55557022284344548
 0.59569929416901435
 0.63439327378833366
 0.6715589445115977
 0.70710677097899532
 0.74095111535923397
 0.77301044365857685
 0.80320752214337499
 0.83146960340289611
 0.85772860160420972
 0.88192125651692155
 0.90398928591261007
 0.92387952597181988
 0.94154405936035845
 0.95694033066635198
 0.97003124891995962
 0.98078527694876871
 0.98917650735360607
 0.99518472492173082
 0.99879545532705294
 1.0000000000000533
 0.99879545708339856
 0.99518472842276984
 0.98917651257606243
 0.98078528385779817
 0.97003125746923369
 0.95694034079816992
 0.94154407100578585
 0.92387953905085474
 0.90398930033437597
 0.88192127217988603
 0.85772861839642967
 0.83146962120228685
 0.80320754081800438
 0.77301046306698351
 0.74095113535076729
 0.7071067913941792
 0.67155896518251468
 0.63439329453902871
 0.59569931481591953
 0.55557024319582193
 0.51410275412344963
 0.47139674640839058
 0.4275551025601243
 0.3826834409350453
 0.33688986129259135
 0.29028468437345439
 0.24298018612725353
 0.19509032722993805
 0.14673047854253735
 0.098017143172651311
 0.049067675808259811
 1.2246467991473532e-16


# name: nen
# type: scalar
3


# name: nel
# type: scalar
64


# name: h
# type: scalar
0.015625


# name: xl
# type: matrix
# rows: 129
# columns: 1
 0
 0.0078125
 0.015625
 0.0234375
 0.03125
 0.0390625
 0.046875
 0.0546875
 0.0625
 0.0703125
 0.078125
 0.0859375
 0.09375
 0.1015625
 0.109375
 0.1171875
 0.125
 0.1328125
 0.140625
 0.1484375
 0.15625
 0.1640625
 0.171875
 0.1796875
 0.1875
 0.1953125
 0.203125
 0.2109375
 0.21875
 0.2265625
 0.234375
 0.2421875
 0.25
 0.2578125
 0.265625
 0.2734375
 0.28125
 0.2890625
 0.296875
 0.3046875
 0.3125
 0.3203125
 0.328125
 0.3359375
 0.34375
 0.3515625
 0.359375
 0.3671875
 0.375
 0.3828125
 0.390625
 0.3984375
 0.40625
 0.4140625
 0.421875
 0.4296875
 0.4375
 0.4453125
 0.453125
 0.4609375
 0.46875
 0.4765625
 0.484375
 0.4921875
 0.5
 0.5078125
 0.515625
 0.5234375
 0.53125
 0.5390625
 0.546875
 0.5546875
 0.5625
 0.5703125
 0.578125
 0.5859375
 0.59375
 0.6015625
 0.609375
 0.6171875
 0.625
 0.6328125
 0.640625
 0.6484375
 0.65625
 0.6640625
 0.671875
 0.6796875
 0.6875
 0.6953125
 0.703125
 0.7109375
 0.71875
 0.7265625
 0.734375
 0.7421875
 0.75
 0.7578125
 0.765625
 0.7734375
 0.78125
 0.7890625
 0.796875
 0.8046875
 0.8125
 0.8203125
 0.828125
 0.8359375
 0.84375
 0.8515625
 0.859375
 0.8671875
 0.875
 0.8828125
 0.890625
 0.8984375
 0.90625
 0.9140625
 0.921875
 0.9296875
 0.9375
 0.9453125
 0.953125
 0.9609375
 0.96875
 0.9765625
 0.984375
 0.9921875
 1


# name: U
# type: matrix
# rows: 64
# columns: 3
 2.4635637660140851e-07 0.024541474034980786 0.049067919143590669
 0.049067918668832339 0.073564806948540146 0.098017383130770977
 0.098017382182398069 0.12241091591181444 0.14673071476799524
 0.14673071334829249 0.17096212636618682 0.19509055936885503
 0.1950905574812426 0.21910147418937842 0.24298041382817423
 0.24298041147719956 0.2667129874722638 0.29028490728819401
 0.29028490447952077 0.31368196590535796 0.33689007907707441
 0.33689007581746888 0.35989525710190845 0.38268365325013459
 0.3826836495474496 0.40524152919190598 0.42755530907243777
 0.42755530493559318 0.44961153903031087 0.47139694679110455
 0.47139694223006662 0.49289839537335828 0.51410294805708656
 0.51410294308284299 0.53499781638892641 0.55557043036901921
 0.55557042499355369 0.57580838088060415 0.59569949492618024
 0.59569948916244264 0.61523177262023754 0.63439346729345014
 0.63439346115532591 0.65317301720033438 0.67155913029849423
 0.67155912380077032 0.68954071083572976 0.70710694860009471
 0.70710694175842492 0.72424724056331191 0.7409512843866316
 0.74095127721749798 0.7572089953093234 0.7730106036850708
 0.77301059620574453 0.78834656731576203 0.80320767278344751
 0.80320766501194707 0.81758494344062471 0.83146974429364207
 0.83146973624868947 0.84485368587113663 0.85772873240621084
 0.85772872410718703 0.87008710181461268 0.88192137691506445
 0.88192136838196289 0.89322440175814788 0.90398939561684488
 0.90398938687022223 0.91420984591588017 0.92387962471785978
 0.92387961577878763 0.93299287851101542 0.94154414691031563
 0.94154413780032864 0.94952824956912163 0.95694040680931081
 0.95694039755035587 0.96377612392928214 0.97003131347248495
 0.97003130408686788 0.97570217721048613 0.98078532975534771
 0.98078532026567922 0.98527767850207015 0.98917654828702362
 0.98917653871616484 0.99247955957899725 0.99518475388337424
 0.99518474425438264 0.99729047047523223 0.99879547224715137
 0.9987954625832236 0.99969882128132947 1.0000000048378443
 0.99999999516226223 0.99969881006554051 0.9987954498272279
 0.99879544016330035 0.99729043685117458 0.99518470909011825
 0.99518469946112642 0.99247950361654291 0.98917648121350388
 0.98917647164264522 0.98527760031748524 0.98078524054088767
 0.98078523105121918 0.97570207696615086 0.97003120230232565
 0.97003119291670825 0.96377600183329903 0.95694027391416614
 0.9569402646552112 0.9495281058748154 0.94154399256581578
 0.94154398345582868 0.93299271351632185 0.9238794492438871
 0.92387944030481484 0.91420965996262848 0.90398919937676359
 0.90398919063014116 0.89322419523123719 0.8819211603148448
 0.88192115178174335 0.87008687514108463 0.85772849589345235
 0.85772848759442855 0.84485343951914771 0.83146948835649359
 0.831469480311541 0.81758467791831679 0.8032073979494323
 0.80320739017793197 0.78834628317004007 0.77301031051981584
 0.77301030304048957 0.75720869312453543 0.74095097349250338
 0.74095096632336976 0.72424692095984333 0.7071066206147496
 0.70710661377307982 0.68954037446850824 0.67155878589334217
 0.67155877939561814 0.65317266475725178 0.63439310717203656
 0.63439310103391222 0.61523140482049299 0.59569911982249135
 0.59569911405875364 0.57580799847297082 0.55557004104571373
 0.55557003567024821 0.53499742014994878 0.51410254530365884
 0.5141025403294156 0.49289798610548063 0.47139653142198246
 0.47139652686094446 0.44961111755994415 0.42755488192501978
 0.42755487778817536 0.40524109636743688 0.38268321518277376
 0.38268321148008871 0.35989481379165589 0.33688963096700975
 0.33688962770740433 0.31368151299548114 0.29028445002943731
 0.29028444722076402 0.26671252586462713 0.24297994832935615
 0.24297994597838149 0.21910100479937894 0.19509008655103638
 0.19509008466342392 0.17096165012054898 0.14673023556244794
 0.14673023414274516 0.12241043374635761 0.098016898476734463
 0.098016897528361541 0.073564319805923983 0.049067429986009423
 0.0490674295112511 0.024540982862434467 -2.4635637647894835e-07


# name: x
# type: range
# base, limit, increment
0 1 0.0078125


