# Created by Octave 6.3.0, Tue Sep 14 03:23:34 2021 -03 <kuroneko@kuroneko-VirtualBox>
# name: alfa
# type: scalar
0


# name: beta
# type: scalar
10240


# name: Lambda
# type: matrix
# rows: 257
# columns: 1
 0
 0.012271538279778851
 0.024541228511146096
 0.036807222923883456
 0.049067674304349336
 0.06132073627366242
 0.073564563565759522
 0.08579731230528588
 0.098017140285276014
 0.11022220724458327
 0.12241067514501644
 0.13458070844814154
 0.14673047439170708
 0.1588581432656514
 0.1709618886876503
 0.18303988787816339
 0.19509032193493803
 0.20711137610692931
 0.21910124006759496
 0.23105810818752379
 0.24298017980635681
 0.25486565950396017
 0.26671275737080874
 0.27851968927753989
 0.29028467714363693
 0.30200594920520135
 0.31368174028177398
 0.32531029204216472
 0.33688985326925069
 0.34841868012370319
 0.35989503640660336
 0.37131719382090744
 0.38268343223172202
 0.39399203992534976
 0.40524131386706752
 0.41642955995759673
 0.42755509328822894
 0.43861623839456654
 0.44961132950884164
 0.46053871081077474
 0.47139673667693477
 0.48218377192856454
 0.49289819207783192
 0.50353838357247238
 0.51410274403878353
 0.52458968252293703
 0.53499761973057025
 0.54532498826462228
 0.55557023286137797
 0.56573181062468525
 0.57580819125830907
 0.58579785729638911
 0.59569930433196394
 0.6055110412435295
 0.6152315904195963
 0.6248594879812126
 0.63439328400241879
 0.64383154272860132
 0.65317284279271182
 0.66241577742931967
 0.67155895468646587
 0.68060099763528581
 0.6895405445773698
 0.69837624924982966
 0.70710678102804114
 0.71573082512603081
 0.72424708279447847
 0.73265427151630369
 0.74095112519980788
 0.74913639436934376
 0.75720884635348129
 0.76516726547064351
 0.77301045321218398
 0.78073722842287741
 0.78834642747879735
 0.79583690446255395
 0.80320753133586453
 0.81045719810943262
 0.81758481301010744
 0.82458930264530161
 0.83146961216463955
 0.83822470541881466
 0.84485356511562903
 0.85135519297319429
 0.857728609870269
 0.86397285599371088
 0.87008699098302111
 0.8760700940719589
 0.88192126422720585
 0.88763962028405752
 0.89322430107912498
 0.89867446558002151
 0.90398929301201958
 0.90916798298165646
 0.9142097555972708
 0.91911385158645087
 0.92387953241037835
 0.92850608037504989
 0.9329927987393587
 0.93733901182002177
 0.94154406509333499
 0.94560732529374181
 0.94952818050920085
 0.95330604027333798
 0.95694033565436798
 0.96043051934077328
 0.96377606572372798
 0.96697647097625161
 0.970031253129084
 0.97293995214326856
 0.97570212997943206
 0.97831737066375135
 0.98078528035059809
 0.98310548738185055
 0.98527764234286308
 0.98730141811508765
 0.98917650992533579
 0.99090263539167733
 0.99247953456596505
 0.99390696997298278
 0.99518472664620794
 0.99631261216018474
 0.99729045665950211
 0.99811811288437458
 0.99879545619281829
 0.99932238457942169
 0.99969881869070643
 0.9999247018370796
 1.0000000000013691
 0.99992470184394755
 0.99969881870443966
 0.99932238460001444
 0.99879545622026222
 0.99811811291865815
 0.99729045670061101
 0.99631261220810174
 0.99518472670091362
 0.99390697003445405
 0.99247953463417637
 0.99090263546660029
 0.9891765100069394
 0.9873014182033375
 0.98527764243772242
 0.98310548748327953
 0.98078528045855418
 0.97831737077818903
 0.97570213010030327
 0.97293995227052266
 0.97003125326266737
 0.96697647111610807
 0.96377606586979847
 0.96043051949299618
 0.95694033581267846
 0.95330604043766876
 0.94952818067948175
 0.94560732546990001
 0.94154406527529511
 0.93733901200770586
 0.93299279893268572
 0.92850608057393624
 0.9238795326147381
 0.91911385179619509
 0.91420975581230823
 0.90916798320189296
 0.90398929323735844
 0.89867446581036392
 0.89322430131436936
 0.8876396205240995
 0.88192126447193842
 0.87607009432127314
 0.87008699123680489
 0.86397285625184983
 0.85772861013264623
 0.85135519323969044
 0.84485356538612255
 0.83822470569318153
 0.83146961244275308
 0.82458930292703292
 0.81758481329532529
 0.81045719839800334
 0.80320753162765235
 0.79583690475742053
 0.78834642777660235
 0.78073722872347817
 0.77301045351543574
 0.76516726577639893
 0.75720884666159094
 0.74913639467965631
 0.74095112551216979
 0.7326542718305592
 0.72424708311046981
 0.71573082544359801
 0.70710678134702221
 0.69837624957006073
 0.68954054489868477
 0.68060099795751672
 0.67155895500944285
 0.66241577775287097
 0.65317284311666368
 0.64383154305277812
 0.63439328432664288
 0.6248594883053048
 0.61523159074337552
 0.60551104156681279
 0.59569930465456677
 0.5857978576181252
 0.57580819157899032
 0.56573181094412195
 0.55557023317937881
 0.54532498858099443
 0.53499762004511919
 0.52458968283546692
 0.51410274434909686
 0.50353838388037031
 0.49289819238311411
 0.48218377223102915
 0.47139673697637863
 0.46053871110699324
 0.44961132980162904
 0.43861623868371558
 0.42755509357353116
 0.41642956023884242
 0.40524131414404574
 0.3939920401978485
 0.38268343249952802
 0.37131719408380648
 0.35989503666438005
 0.3484186803761411
 0.33688985351613243
 0.32531029228327185
 0.31368174051688724
 0.30200594943410047
 0.29028467736610081
 0.27851968949334655
 0.26671275757973534
 0.25486565970578318
 0.24298018000085198
 0.23105810837446611
 0.21910124024675884
 0.20711137627808845
 0.19509032209786553
 0.1830398880326318
 0.17096188883343155
 0.15885814340251694
 0.14673047451942792
 0.13458070856648829
 0.1224106752537593
 0.11022220734349203
 0.098017140374120154
 0.08579731238383459
 0.073564563633781707
 0.06132073633092678
 0.049067674350624375
 0.036807222958937513
 0.024541228534747397
 0.012271538291695524
 1.2246467991473532e-16


# name: nen
# type: scalar
3


# name: nel
# type: scalar
256


# name: h
# type: scalar
0.00390625


