# Created by Octave 6.3.0, Mon Sep 13 17:56:51 2021 -03 <kuroneko@kuroneko-VirtualBox>
# name: alfa
# type: scalar
0


# name: beta
# type: scalar
2560


# name: Lambda
# type: matrix
# rows: 65
# columns: 1
 0
 0.0490676728466172
 0.098017137486550165
 0.14673047036830411
 0.19509031680247244
 0.24298017367946251
 0.29028467013569109
 0.33688984549210027
 0.38268342379541476
 0.42755508430074757
 0.47139672724393761
 0.51410273426334996
 0.55557022284376001
 0.59569929416934397
 0.63439327378867671
 0.6715589445119523
 0.70710677097935981
 0.74095111535960689
 0.77301044365895666
 0.80320752214376023
 0.83146960340328546
 0.85772860160460163
 0.88192125651731457
 0.90398928591300309
 0.92387952597221124
 0.94154405936074681
 0.95694033066673578
 0.97003124892033776
 0.98078527694913997
 0.98917650735396923
 0.99518472492208487
 0.99879545532739733
 1.0000000000003872
 0.99879545708372075
 0.99518472842307926
 0.98917651257635875
 0.98078528385808084
 0.97003125746950192
 0.95694034079842349
 0.94154407100602433
 0.923879539051078
 0.90398930033458391
 0.88192127218007865
 0.85772861839660686
 0.83146962120244883
 0.80320754081815149
 0.77301046306711585
 0.74095113535088541
 0.70710679139428345
 0.67155896518260538
 0.63439329453910676
 0.59569931481598526
 0.555570243195876
 0.51410275412349282
 0.47139674640842394
 0.42755510256014878
 0.3826834409350619
 0.33688986129260123
 0.29028468437345889
 0.24298018612725381
 0.19509032722993544
 0.14673047854253321
 0.09801714317264712
 0.049067675808256973
 1.2246467991473532e-16


# name: nen
# type: scalar
3


# name: nel
# type: scalar
64


# name: h
# type: scalar
0.015625


# name: xl
# type: matrix
# rows: 129
# columns: 1
 0
 0.0078125
 0.015625
 0.0234375
 0.03125
 0.0390625
 0.046875
 0.0546875
 0.0625
 0.0703125
 0.078125
 0.0859375
 0.09375
 0.1015625
 0.109375
 0.1171875
 0.125
 0.1328125
 0.140625
 0.1484375
 0.15625
 0.1640625
 0.171875
 0.1796875
 0.1875
 0.1953125
 0.203125
 0.2109375
 0.21875
 0.2265625
 0.234375
 0.2421875
 0.25
 0.2578125
 0.265625
 0.2734375
 0.28125
 0.2890625
 0.296875
 0.3046875
 0.3125
 0.3203125
 0.328125
 0.3359375
 0.34375
 0.3515625
 0.359375
 0.3671875
 0.375
 0.3828125
 0.390625
 0.3984375
 0.40625
 0.4140625
 0.421875
 0.4296875
 0.4375
 0.4453125
 0.453125
 0.4609375
 0.46875
 0.4765625
 0.484375
 0.4921875
 0.5
 0.5078125
 0.515625
 0.5234375
 0.53125
 0.5390625
 0.546875
 0.5546875
 0.5625
 0.5703125
 0.578125
 0.5859375
 0.59375
 0.6015625
 0.609375
 0.6171875
 0.625
 0.6328125
 0.640625
 0.6484375
 0.65625
 0.6640625
 0.671875
 0.6796875
 0.6875
 0.6953125
 0.703125
 0.7109375
 0.71875
 0.7265625
 0.734375
 0.7421875
 0.75
 0.7578125
 0.765625
 0.7734375
 0.78125
 0.7890625
 0.796875
 0.8046875
 0.8125
 0.8203125
 0.828125
 0.8359375
 0.84375
 0.8515625
 0.859375
 0.8671875
 0.875
 0.8828125
 0.890625
 0.8984375
 0.90625
 0.9140625
 0.921875
 0.9296875
 0.9375
 0.9453125
 0.953125
 0.9609375
 0.96875
 0.9765625
 0.984375
 0.9921875
 1


# name: U
# type: matrix
# rows: 64
# columns: 3
 2.4635637626919472e-07 0.024541474034994633 0.049067919143626348
 0.049067918668866506 0.073564806948580821 0.098017383130841129
 0.098017382182465168 0.12241091591188039 0.14673071476809826
 0.14673071334839094 0.17096212636627647 0.19509055936898928
 0.19509055748137075 0.21910147418949022 0.2429804138283381
 0.24298041147735575 0.26671298747239608 0.29028490728838569
 0.2902849044797034 0.31368196590550923 0.33689007907729229
 0.33689007581767633 0.35989525710207709 0.38268365325037701
 0.38268364954768003 0.40524152919209061 0.427555309072703
 0.42755530493584515 0.44961153903050971 0.47139694679139071
 0.47139694223033823 0.49289839537356972 0.51410294805739176
 0.51410294308313242 0.53499781638914889 0.55557043036934206
 0.55557042499385922 0.57580838088083619 0.59569949492651886
 0.59569948916276261 0.61523177262047801 0.63439346729380297
 0.63439346115565876 0.6531730172005813 0.67155913029885894
 0.67155912380111404 0.68954071083598178 0.70710694860046996
 0.70710694175877808 0.72424724056356748 0.74095128438701585
 0.74095127721785925 0.75720899530958163 0.77301060368546248
 0.77301059620611212 0.78834656731602148 0.80320767278384486
 0.80320766501231933 0.8175849434408845 0.83146974429404419
 0.83146973624906562 0.84485368587139564 0.85772873240661607
 0.85772872410756562 0.87008710181486937 0.88192137691547112
 0.88192136838234181 0.89322440175840168 0.90398939561725222
 0.90398938687060104 0.91420984591612964 0.92387962471826535
 0.92387961577916411 0.93299287851125956 0.94154414691071864
 0.94154413780070201 0.94952824956935933 0.95694040680970949
 0.95694039755072469 0.96377612392951273 0.97003131347287808
 0.97003130408723059 0.9757021772107084 0.98078532975573418
 0.98078532026603493 0.98527767850228343 0.98917654828740209
 0.98917653871651257 0.99247955957920087 0.99518475388374372
 0.99518474425472114 0.99729047047542563 0.99879547224751097
 0.99879546258355245 0.99969882128151277 1.0000000048381941
 0.99999999516258042 0.99969881006571248 0.99879544982756552
 0.998795440163607 0.99729043685133456 0.9951847090904431
 0.99518469946142052 0.99247950361669091 0.98917648121381563
 0.9891764716429261 0.98527760031762102 0.98078524054118577
 0.98078523105148652 0.97570207696627376 0.97003120230260897
 0.97003119291696149 0.9637760018334095 0.95694027391443481
 0.9569402646554499 0.94952810587491321 0.94154399256606924
 0.94154398345605272 0.93299271351640711 0.92387944924412524
 0.92387944030502378 0.91420965996270132 0.90398919937698585
 0.90398919063033478 0.89322419523129781 0.88192116031505152
 0.88192115178192221 0.87008687514113359 0.85772849589364297
 0.85772848759459264 0.84485343951918535 0.83146948835666878
 0.83146948031169021 0.81758467791834377 0.80320739794959228
 0.80320739017806653 0.78834628317005651 0.7730103105199605
 0.77301030304061003 0.75720869312454231 0.74095097349263317
 0.74095096632347657 0.72424692095984144 0.70710662061486518
 0.7071066137731733 0.68954037446849803 0.67155878589344353
 0.67155877939569886 0.65317266475723412 0.63439310717212472
 0.63439310103398061 0.61523140482046879 0.59569911982256651
 0.59569911405881038 0.57580799847294084 0.55557004104577679
 0.55557003567029395 0.5349974201499138 0.51410254530371036
 0.51410254032945091 0.49289798610544189 0.47139653142202337
 0.47139652686097083 0.44961111755990285 0.42755488192505131
 0.42755487778819351 0.40524109636739403 0.38268321518279663
 0.38268321148009971 0.35989481379161292 0.33688963096702523
 0.33688962770740927 0.31368151299543934 0.29028445002944669
 0.29028444722076435 0.26671252586458782 0.24297994832936057
 0.24297994597837824 0.21910100479934347 0.19509008655103716
 0.19509008466341862 0.17096165012051889 0.14673023556244641
 0.14673023414273903 0.12241043374633427 0.098016898476732131
 0.098016897528356156 0.073564319805908926 0.049067429986007667
 0.049067429511247825 0.024540982862429155 -2.4635637614657537e-07


# name: x
# type: range
# base, limit, increment
0 1 0.0078125


