# Created by Octave 6.3.0, Tue Sep 14 03:23:32 2021 -03 <kuroneko@kuroneko-VirtualBox>
# name: alfa
# type: scalar
0


# name: beta
# type: scalar
640


# name: Lambda
# type: matrix
# rows: 17
# columns: 1
 0
 0.19508998795315227
 0.38268288325610339
 0.55556958097722409
 0.70710612711062404
 0.83146904200262606
 0.92387911340901208
 0.98078505894135504
 0.99999999985762422
 0.98078550158582567
 0.92387995135048506
 0.83147018236570192
 0.70710743506112106
 0.55557088490378059
 0.38268398136510623
 0.19509065602355194
 1.2246467991473532e-16


# name: nen
# type: scalar
3


# name: nel
# type: scalar
16


# name: h
# type: scalar
0.0625


# name: xl
# type: matrix
# rows: 33
# columns: 1
 0
 0.03125
 0.0625
 0.09375
 0.125
 0.15625
 0.1875
 0.21875
 0.25
 0.28125
 0.3125
 0.34375
 0.375
 0.40625
 0.4375
 0.46875
 0.5
 0.53125
 0.5625
 0.59375
 0.625
 0.65625
 0.6875
 0.71875
 0.75
 0.78125
 0.8125
 0.84375
 0.875
 0.90625
 0.9375
 0.96875
 1


# name: U
# type: matrix
# rows: 16
# columns: 3
 1.5709882355399945e-05 0.098032577062246093 0.19510563716172896
 0.19510515478731769 0.29029908822616307 0.38269787040059194
 0.38269692418914747 0.47140966682604341 0.55558333011006666
 0.55558195642396424 0.63440431972583156 0.70711810986035606
 0.70711636148958223 0.77301923865459854 0.83147879787889534
 0.83147674201235855 0.88192751484560927 0.92388626749896496
 0.92388398314246289 0.9569438491528629 0.98078933631732634
 0.98078691125739881 0.9951853907501329 1.0000012361424546
 0.99999876357279427 0.99518252347149427 0.9807836492697819
 0.98078122420985436 0.95693534233641264 0.92387508161703435
 0.9238727972605324 0.88191364989819832 0.83146248235596953
 0.83146042648943264 0.77300047255615745 0.70709720068216286
 0.70709545231138904 0.63438126746788615 0.55555850945704044
 0.55555713577093813 0.47138307777793637 0.38266994043206209
 0.38266899422061768 0.29026981733721036 0.19507548918938653
 0.19507500681497525 0.09800155200651392 -1.5709882355276898e-05


# name: x
# type: range
# base, limit, increment
0 1 0.03125


# name: exata
# type: matrix
# rows: 33
# columns: 1
 0
 0.098017140329560604
 0.19509032201612825
 0.29028467725446233
 0.38268343236508978
 0.47139673682599764
 0.55557023301960218
 0.63439328416364549
 0.70710678118654746
 0.77301045336273699
 0.83146961230254524
 0.88192126434835494
 0.92387953251128674
 0.95694033573220894
 0.98078528040323043
 0.99518472667219682
 1
 0.99518472667219693
 0.98078528040323043
 0.95694033573220894
 0.92387953251128674
 0.88192126434835505
 0.83146961230254546
 0.7730104533627371
 0.70710678118654757
 0.63439328416364549
 0.55557023301960218
 0.47139673682599786
 0.38268343236508989
 0.29028467725446239
 0.19509032201612861
 0.098017140329560826
 1.2246467991473532e-16


