# Created by Octave 6.3.0, Tue Sep 14 03:23:32 2021 -03 <kuroneko@kuroneko-VirtualBox>
# name: alfa
# type: scalar
0


# name: beta
# type: scalar
160


# name: Lambda
# type: matrix
# rows: 5
# columns: 1
 0
 0.70706378543113191
 0.99999940038993407
 0.70714892896527581
 1.2246467991473532e-16


# name: nen
# type: scalar
3


# name: nel
# type: scalar
4


# name: h
# type: scalar
0.25


# name: xl
# type: matrix
# rows: 9
# columns: 1
 0
 0.125
 0.25
 0.375
 0.5
 0.625
 0.75
 0.875
 1


# name: U
# type: matrix
# rows: 4
# columns: 3
 0.0009482780889114935 0.38350582380633969 0.70795185794967608
 0.70751678064682755 0.92405871326006006 1.0003070465011186
 0.99969175427874957 0.92334064370025193 0.70669593374958017
 0.70626085644673164 0.38171204496595618 -0.0009482780889113737


# name: x
# type: range
# base, limit, increment
0 1 0.125


# name: exata
# type: matrix
# rows: 9
# columns: 1
 0
 0.38268343236508978
 0.70710678118654746
 0.92387953251128674
 1
 0.92387953251128674
 0.70710678118654757
 0.38268343236508989
 1.2246467991473532e-16


