# Created by Octave 6.3.0, Mon Sep 13 17:56:50 2021 -03 <kuroneko@kuroneko-VirtualBox>
# name: alfa
# type: scalar
0


# name: beta
# type: scalar
160


# name: Lambda
# type: matrix
# rows: 5
# columns: 1
 0
 0.70706435078771124
 1.0000000005863645
 0.70714921241462847
 1.2246467991473532e-16


# name: nen
# type: scalar
3


# name: nel
# type: scalar
4


# name: h
# type: scalar
0.25


# name: xl
# type: matrix
# rows: 9
# columns: 1
 0
 0.125
 0.25
 0.375
 0.5
 0.625
 0.75
 0.875
 1


# name: U
# type: matrix
# rows: 4
# columns: 3
 0.00094819102401149768 0.38350511897478023 0.70795253557986726
 0.70751711060143274 0.92405688676818232 1.0003078925413136
 0.99969210863141567 0.92333866581297031 0.70669645260090685
 0.70626102762247256 0.38171117397207149 -0.00094819102401137582


# name: x
# type: range
# base, limit, increment
0 1 0.125


# name: exata
# type: matrix
# rows: 9
# columns: 1
 0
 0.38268343236508978
 0.70710678118654746
 0.92387953251128674
 1
 0.92387953251128674
 0.70710678118654757
 0.38268343236508989
 1.2246467991473532e-16


