# Created by Octave 6.3.0, Mon Sep 13 17:56:50 2021 -03 <kuroneko@kuroneko-VirtualBox>
# name: alfa
# type: scalar
0


# name: beta
# type: scalar
640


# name: Lambda
# type: matrix
# rows: 17
# columns: 1
 0
 0.19508998804993286
 0.38268288342401308
 0.55556958119101096
 0.70710612734640654
 0.83146904223881046
 0.92387911362712227
 0.98078505912674285
 1.0000000000000322
 0.9807855016797814
 0.92387995139551082
 0.83147018236633363
 0.70710743502673412
 0.55557088484822925
 0.38268398130619108
 0.19509065598233624
 1.2246467991473532e-16


# name: nen
# type: scalar
3


# name: nel
# type: scalar
16


# name: h
# type: scalar
0.0625


# name: xl
# type: matrix
# rows: 33
# columns: 1
 0
 0.03125
 0.0625
 0.09375
 0.125
 0.15625
 0.1875
 0.21875
 0.25
 0.28125
 0.3125
 0.34375
 0.375
 0.40625
 0.4375
 0.46875
 0.5
 0.53125
 0.5625
 0.59375
 0.625
 0.65625
 0.6875
 0.71875
 0.75
 0.78125
 0.8125
 0.84375
 0.875
 0.90625
 0.9375
 0.96875
 1


# name: U
# type: matrix
# rows: 16
# columns: 3
 1.5709876921874733e-05 0.098032577048792022 0.19510563726560876
 0.19510515486634081 0.2902990881736861 0.38269787058786076
 0.38269692432765817 0.47140966671619439 0.55558333035472862
 0.55558195659784038 0.63440431954559962 0.70711811013734327
 0.70711636167647607 0.77301923839681019 0.83147879816503034
 0.83147674219255474 0.88192751450920503 0.92388626777385208
 0.9238839832996375 0.95694384874293803 0.98078933656413569
 0.9807869113792449 0.99518539027774067 1.0000012363485682
 0.9999987636514962 0.99518252295322185 0.98078364942727936
 0.98078122424238845 0.95693534179374362 0.92387508172299582
 0.92387279724878102 0.88191364935668681 0.83146248241258935
 0.83146042644011375 0.77300047204444633 0.70709720069666471
 0.70709545223579751 0.63438126701660658 0.55555850944139995
 0.55555713568451159 0.47138307741852975 0.38266994040254598
 0.3826689941423434 0.29026981710072114 0.19507548916592826
 0.19507500676666034 0.098001551922396027 -1.5709876921751741e-05


# name: x
# type: range
# base, limit, increment
0 1 0.03125


# name: exata
# type: matrix
# rows: 33
# columns: 1
 0
 0.098017140329560604
 0.19509032201612825
 0.29028467725446233
 0.38268343236508978
 0.47139673682599764
 0.55557023301960218
 0.63439328416364549
 0.70710678118654746
 0.77301045336273699
 0.83146961230254524
 0.88192126434835494
 0.92387953251128674
 0.95694033573220894
 0.98078528040323043
 0.99518472667219682
 1
 0.99518472667219693
 0.98078528040323043
 0.95694033573220894
 0.92387953251128674
 0.88192126434835505
 0.83146961230254546
 0.7730104533627371
 0.70710678118654757
 0.63439328416364549
 0.55557023301960218
 0.47139673682599786
 0.38268343236508989
 0.29028467725446239
 0.19509032201612861
 0.098017140329560826
 1.2246467991473532e-16


