# Created by Octave 6.2.0, Sat Jul 31 20:40:49 2021 -03 <kuroneko@kuroneko-VirtualBox>
# name: xl
# type: matrix
# rows: 17
# columns: 1
 0
 0.0625
 0.125
 0.1875
 0.25
 0.3125
 0.375
 0.4375
 0.5
 0.5625
 0.625
 0.6875
 0.75
 0.8125
 0.875
 0.9375
 1


# name: h
# type: scalar
0.0625


# name: u
# type: matrix
# rows: 17
# columns: 1
 -1.108021865771438
 -1.0497832540838508
 -0.92344343026188247
 -0.71947319377493613
 -0.44519401905749328
 -0.1104606636054291
 0.27272291010244609
 0.69067156713574951
 1.1285530535093375
 1.5709676107809074
 2.0025509528594938
 2.4085775203934991
 2.7755409302790244
 3.0916894278319789
 3.3474958929050533
 3.5360444818058814
 3.6346481567055324


# name: p
# type: matrix
# rows: 17
# columns: 1
 0
 0.49164482032551149
 0.99715280900375547
 1.4629259584871994
 1.8710532647305647
 2.2058014390931011
 2.4542088215075726
 2.6065724036343956
 2.6568091592223175
 2.6026777055646964
 2.4458516829949466
 2.1918419326728169
 1.8497703576445099
 1.432004045195719
 0.95366359102492271
 0.43202439160729572
 1.2246467991473532e-16


# name: x
# type: range
# base, limit, increment
0 1 0.0625


# name: exata
# type: matrix
# rows: 17
# columns: 1
 0
 0.19509032201612825
 0.38268343236508978
 0.55557023301960218
 0.70710678118654746
 0.83146961230254524
 0.92387953251128674
 0.98078528040323043
 1
 0.98078528040323043
 0.92387953251128674
 0.83146961230254546
 0.70710678118654757
 0.55557023301960218
 0.38268343236508989
 0.19509032201612861
 1.2246467991473532e-16


