# Created by Octave 6.2.0, Sat Jul 31 20:40:50 2021 -03 <kuroneko@kuroneko-VirtualBox>
# name: xl
# type: matrix
# rows: 49
# columns: 1
 0
 0.020833333333333332
 0.041666666666666664
 0.0625
 0.083333333333333329
 0.10416666666666666
 0.12499999999999999
 0.14583333333333331
 0.16666666666666666
 0.1875
 0.20833333333333334
 0.22916666666666669
 0.25
 0.27083333333333331
 0.29166666666666663
 0.31249999999999994
 0.33333333333333326
 0.35416666666666657
 0.37499999999999989
 0.3958333333333332
 0.41666666666666652
 0.43749999999999983
 0.45833333333333315
 0.47916666666666646
 0.49999999999999978
 0.52083333333333315
 0.54166666666666652
 0.56249999999999989
 0.58333333333333326
 0.60416666666666663
 0.625
 0.64583333333333337
 0.66666666666666674
 0.68750000000000011
 0.70833333333333348
 0.72916666666666685
 0.75000000000000022
 0.77083333333333359
 0.79166666666666696
 0.81250000000000033
 0.8333333333333337
 0.85416666666666707
 0.87500000000000044
 0.89583333333333381
 0.91666666666666718
 0.93750000000000056
 0.95833333333333393
 0.9791666666666673
 1.0000000000000007


# name: h
# type: scalar
0.020833333333333332


# name: u
# type: matrix
# rows: 49
# columns: 1
 -1.7467564805735769
 -1.7404087008091107
 -1.7265273809281267
 -1.7036769568396224
 -1.6719519624725596
 -1.6314842896675867
 -1.5824426199582791
 -1.5250316982508414
 -1.4594914515090089
 -1.3860959562141162
 -1.305152259017365
 -1.2169990556294823
 -1.1220052335995065
 -1.0205682852167755
 -0.91311259732583772
 -0.800087625370557
 -0.68196595947891303
 -0.55924129086176277
 -0.43242628722516357
 -0.30205038628492803
 -0.16865751682222879
 -0.032803757028788294
 0.10494505984184609
 0.24401578227537801
 0.38383040932742862
 0.52380858092447713
 0.6633700789844319
 0.80193732866048073
 0.9389378890119745
 1.0738069224520228
 1.2059896324130195
 1.334943658808091
 1.4601414210478649
 1.5810723985972477
 1.6972453393250697
 1.8081903862094011
 1.9134611133117079
 2.0126364623223068
 2.105322571406135
 2.1911544885398464
 2.2697977620266951
 2.3409499014024568
 2.4043417025015086
 2.4597384310347659
 2.5069408596379628
 2.5457861539771449
 2.5761486041455841
 2.5979401982497672
 2.6091459721811736


# name: p
# type: matrix
# rows: 49
# columns: 1
 0
 0.15707973264720754
 0.3315839930248079
 0.5045877646674809
 0.67535222892724389
 0.84314808043754208
 1.0072586366508032
 1.1669828932456667
 1.3216385123084116
 1.4705647304809009
 1.6131251746099886
 1.7487105728293273
 1.8767413494521836
 1.9966700925512897
 2.107983883646797
 2.2102064795137424
 2.302900336753519
 2.385668470447007
 2.4581561389173139
 2.5200523473745355
 2.5710911639903129
 2.6110528427529647
 2.6397647482811379
 2.657102078621759
 2.6629883829228533
 2.6573958717499413
 2.6403455187023841
 2.6119069528794441
 2.5721981426411582
 2.5213848720025025
 2.4596800118870066
 2.3873425893440587
 2.3046766586989591
 2.2120299794525669
 2.1097925065745233
 1.9983946996370219
 1.8783056580114117
 1.7500310900943397
 1.6141111252404039
 1.4711179777513761
 1.3216534729051039
 1.1663464455974735
 1.0058500227157907
 0.84083880085929741
 0.67200593147011956
 0.50006012583386916
 0.32572259275166693
 0.14972392197304621
 1.2246467991473532e-16


# name: x
# type: range
# base, limit, increment
0 1 0.020833333333333332


# name: exata
# type: matrix
# rows: 49
# columns: 1
 0
 0.065403129230143062
 0.13052619222005157
 0.19509032201612825
 0.25881904510252074
 0.32143946530316153
 0.38268343236508973
 0.44228869021900119
 0.49999999999999994
 0.55557023301960218
 0.60876142900872066
 0.65934581510006895
 0.70710678118654746
 0.75183980747897727
 0.79335334029123505
 0.83146961230254512
 0.86602540378443849
 0.89687274153268814
 0.92387953251128652
 0.94693012949510558
 0.9659258262890682
 0.98078528040323032
 0.99144486137381038
 0.99785892323860348
 1
 0.99785892323860359
 0.99144486137381049
 0.98078528040323054
 0.96592582628906842
 0.94693012949510569
 0.92387953251128674
 0.89687274153268837
 0.86602540378443849
 0.83146961230254512
 0.79335334029123483
 0.75183980747897716
 0.70710678118654691
 0.65934581510006829
 0.6087614290087201
 0.5555702330196014
 0.49999999999999917
 0.44228869021900014
 0.38268343236508862
 0.32143946530316009
 0.2588190451025193
 0.19509032201612686
 0.1305261922200498
 0.065403129230141341
 -2.0979813693355779e-15


