# Created by Octave 6.2.0, Sat Jul 31 20:40:49 2021 -03 <kuroneko@kuroneko-VirtualBox>
# name: xl
# type: matrix
# rows: 33
# columns: 1
 0
 0.03125
 0.0625
 0.09375
 0.125
 0.15625
 0.1875
 0.21875
 0.25
 0.28125
 0.3125
 0.34375
 0.375
 0.40625
 0.4375
 0.46875
 0.5
 0.53125
 0.5625
 0.59375
 0.625
 0.65625
 0.6875
 0.71875
 0.75
 0.78125
 0.8125
 0.84375
 0.875
 0.90625
 0.9375
 0.96875
 1


# name: h
# type: scalar
0.03125


# name: u
# type: matrix
# rows: 33
# columns: 1
 -1.5829724289318639
 -1.5686154009460698
 -1.5372610268435318
 -1.4857988099437225
 -1.4147037904156545
 -1.3246351091525455
 -1.2164296099756944
 -1.0910937206459028
 -0.94979369075604136
 -0.7938442803830833
 -0.62469600827829386
 -0.44392108222671295
 -0.25319814687818393
 -0.054295995719866041
 0.150943596185072
 0.36062375362197296
 0.57281092488614072
 0.78555367055554337
 0.9969016367561192
 1.2049245305481586
 1.407730915066373
 1.6034866438074433
 1.7904327569601379
 1.9669026678808359
 2.1313384746813937
 2.2823062403506973
 2.4185100947945699
 2.5388050235551032
 2.6422082206503781
 2.7279088968369645
 2.7952764495070643
 2.8438669162461623
 2.8689434936310372


# name: p
# type: matrix
# rows: 33
# columns: 1
 0
 0.23857344483143125
 0.49927867579945234
 0.75493224439405926
 1.0030796555531867
 1.2413379821122621
 1.4674186574813177
 1.6791493578651508
 1.8744947629802196
 2.0515759950186849
 2.2086885483346692
 2.3443185368577839
 2.457157102434365
 2.5461128450016948
 2.6103221545441966
 2.6491573449798151
 2.6622325112849436
 2.649407053083578
 2.6107868303897077
 2.5467229399850333
 2.4578081238172969
 2.3448708435973029
 2.2089670782355619
 2.0513699226759994
 1.8735570878432763
 1.6771964216182147
 1.4641295897979267
 1.2363540737002654
 0.99600365726546192
 0.74532759103544
 0.48666863311323844
 0.22244017799876553
 1.2246467991473532e-16


# name: x
# type: range
# base, limit, increment
0 1 0.03125


# name: exata
# type: matrix
# rows: 33
# columns: 1
 0
 0.098017140329560604
 0.19509032201612825
 0.29028467725446233
 0.38268343236508978
 0.47139673682599764
 0.55557023301960218
 0.63439328416364549
 0.70710678118654746
 0.77301045336273699
 0.83146961230254524
 0.88192126434835494
 0.92387953251128674
 0.95694033573220894
 0.98078528040323043
 0.99518472667219682
 1
 0.99518472667219693
 0.98078528040323043
 0.95694033573220894
 0.92387953251128674
 0.88192126434835505
 0.83146961230254546
 0.7730104533627371
 0.70710678118654757
 0.63439328416364549
 0.55557023301960218
 0.47139673682599786
 0.38268343236508989
 0.29028467725446239
 0.19509032201612861
 0.098017140329560826
 1.2246467991473532e-16


