# Created by Octave 6.2.0, Sat Jul 31 20:40:50 2021 -03 <kuroneko@kuroneko-VirtualBox>
# name: xl
# type: matrix
# rows: 65
# columns: 1
 0
 0.015625
 0.03125
 0.046875
 0.0625
 0.078125
 0.09375
 0.109375
 0.125
 0.140625
 0.15625
 0.171875
 0.1875
 0.203125
 0.21875
 0.234375
 0.25
 0.265625
 0.28125
 0.296875
 0.3125
 0.328125
 0.34375
 0.359375
 0.375
 0.390625
 0.40625
 0.421875
 0.4375
 0.453125
 0.46875
 0.484375
 0.5
 0.515625
 0.53125
 0.546875
 0.5625
 0.578125
 0.59375
 0.609375
 0.625
 0.640625
 0.65625
 0.671875
 0.6875
 0.703125
 0.71875
 0.734375
 0.75
 0.765625
 0.78125
 0.796875
 0.8125
 0.828125
 0.84375
 0.859375
 0.875
 0.890625
 0.90625
 0.921875
 0.9375
 0.953125
 0.96875
 0.984375
 1


# name: h
# type: scalar
0.015625


# name: u
# type: matrix
# rows: 65
# columns: 1
 -1.8297079372636582
 -1.8261469594551147
 -1.8183560181250833
 -1.8055186468527897
 -1.7876648400718271
 -1.7648365254976419
 -1.737087462590807
 -1.7044831124422188
 -1.6671004793933863
 -1.6250279247730295
 -1.5783649531983424
 -1.5272219719553393
 -1.4717200240375121
 -1.4119904954854563
 -1.3481747977319911
 -1.2804240257174804
 -1.2088985925983926
 -1.1337678419284869
 -1.0552096382462466
 -0.97340993705416534
 -0.88856233522509354
 -0.80086760291797066
 -0.71053319812977356
 -0.61777276505229872
 -0.52280561744137555
 -0.42585620824216874
 -0.32715358674729961
 -0.22693084459450599
 -0.12542455193740612
 -0.022874185146561227
 0.080478452581607129
 0.18438981631344822
 0.28861520875598395
 0.39290937250551583
 0.49702708374150123
 0.60072374593682976
 0.70375598215563728
 0.80588222451324576
 0.90686329937970522
 1.0064630069187133
 1.1044486935673905
 1.2005918160794415
 1.294668495774614
 1.3864600616610072
 1.4757535811236531
 1.562342376902786
 1.6460265291183194
 1.7266133611331154
 1.8039179080866321
 1.8777633669723368
 1.9479815271768006
 2.0144131804455143
 2.0769085092900919
 2.1353274529035304
 2.1895400497044424
 2.2394267556875427
 2.2848787378160247
 2.3257981417516569
 2.3620983332803207
 2.3937041128541487
 2.4205519027362645
 2.4425899063001935
 2.4597782391031759
 2.47208903142069
 2.4784090737941562


# name: p
# type: matrix
# rows: 65
# columns: 1
 0
 0.11702043152704499
 0.24801035279418793
 0.37836685161453798
 0.50777660247342682
 0.63592854490817674
 0.76251463050476087
 0.88723056262932765
 1.0097765271113432
 1.129857912116903
 1.2471860154768033
 1.3614787377641733
 1.4724612594507982
 1.5798667005096088
 1.6834367608730965
 1.7829223402035186
 1.878084135480599
 1.9686932149658549
 2.0545315671595712
 2.1353926234266987
 2.211081753031352
 2.281416729386065
 2.3462281663912692
 2.4053599238125236
 2.4586694807175959
 2.5060282760724206
 2.5473220156740641
 2.5824509446799127
 2.6113300850751653
 2.6338894375051529
 2.6500741469848461
 2.6598446320849152
 2.6631766772816721
 2.6600614882469378
 2.6505057099431775
 2.634531407478768
 2.6121760097680085
 2.5834922161300438
 2.5485478660501197
 2.5074257724153548
 2.4602235186251136
 2.4070532200631347
 2.3480412505043593
 2.2833279341138533
 2.2130672037781043
 2.1374262265900272
 2.0565849973881201
 1.9707359013271553
 1.8800832465323367
 1.7848427679609256
 1.6852411036646369
 1.5815152447125838
 1.4739119600979587
 1.3626871980118618
 1.2481054649246019
 1.1304391839682006
 1.009968034163667
 0.88697827208271718
 0.7617620375758809
 0.63461664523728434
 0.50584386331071807
 0.37574918177180172
 0.24464107134709884
 0.11283023525280476
 1.2246467991473532e-16


# name: x
# type: range
# base, limit, increment
0 1 0.015625


# name: exata
# type: matrix
# rows: 65
# columns: 1
 0
 0.049067674327418015
 0.098017140329560604
 0.14673047445536175
 0.19509032201612825
 0.24298017990326387
 0.29028467725446233
 0.33688985339222005
 0.38268343236508978
 0.42755509343028208
 0.47139673682599764
 0.51410274419322166
 0.55557023301960218
 0.59569930449243336
 0.63439328416364549
 0.67155895484701833
 0.70710678118654746
 0.74095112535495911
 0.77301045336273699
 0.80320753148064483
 0.83146961230254524
 0.85772861000027212
 0.88192126434835494
 0.90398929312344334
 0.92387953251128674
 0.94154406518302081
 0.95694033573220894
 0.97003125319454397
 0.98078528040323043
 0.98917650996478101
 0.99518472667219682
 0.99879545620517241
 1
 0.99879545620517241
 0.99518472667219693
 0.98917650996478101
 0.98078528040323043
 0.97003125319454397
 0.95694033573220894
 0.94154406518302081
 0.92387953251128674
 0.90398929312344345
 0.88192126434835505
 0.85772861000027212
 0.83146961230254546
 0.80320753148064494
 0.7730104533627371
 0.74095112535495899
 0.70710678118654757
 0.67155895484701855
 0.63439328416364549
 0.59569930449243347
 0.55557023301960218
 0.51410274419322177
 0.47139673682599786
 0.42755509343028203
 0.38268343236508989
 0.33688985339222033
 0.29028467725446239
 0.24298017990326407
 0.19509032201612861
 0.1467304744553618
 0.098017140329560826
 0.049067674327417966
 1.2246467991473532e-16


