# Created by Octave 6.2.0, Sat Jul 31 20:23:30 2021 -03 <kuroneko@kuroneko-VirtualBox>
# name: xl
# type: matrix
# rows: 33
# columns: 1
 0
 0.03125
 0.0625
 0.09375
 0.125
 0.15625
 0.1875
 0.21875
 0.25
 0.28125
 0.3125
 0.34375
 0.375
 0.40625
 0.4375
 0.46875
 0.5
 0.53125
 0.5625
 0.59375
 0.625
 0.65625
 0.6875
 0.71875
 0.75
 0.78125
 0.8125
 0.84375
 0.875
 0.90625
 0.9375
 0.96875
 1


# name: h
# type: scalar
0.03125


# name: u
# type: matrix
# rows: 33
# columns: 1
 -2.4282528710066051
 4.8565057420132103
 2.3560227686691153
 3.3127782946179165
 2.7753498111020285
 2.8256493071647446
 2.5905392761049555
 2.4389763632483747
 2.2183345571893227
 1.9954861582385091
 1.7453702459193465
 1.4818279767547677
 1.2025937492756071
 0.9123745794238074
 0.61311914852146288
 0.30806121848505352
 -4.2632564145606011e-14
 -0.30806121848493451
 -0.61311914852154814
 -0.9123745794237097
 -1.2025937492756498
 -1.4818279767546985
 -1.7453702459194176
 -1.9954861582384327
 -2.2183345571893653
 -2.4389763632482913
 -2.5905392761049626
 -2.8256493071647073
 -2.7753498111020036
 -3.3127782946178757
 -2.3560227686691064
 -4.8565057420131668
 2.4282528710065834


# name: p
# type: matrix
# rows: 33
# columns: 1
 0
 0.12015139109308065
 0.20160200901786601
 0.30341571516920024
 0.39308623566622614
 0.48299724481701839
 0.56671630145649488
 0.64577623205485946
 0.71843275235532322
 0.78439915653656878
 0.84286660064764218
 0.89334493902272261
 0.93531739129570446
 0.96839262186940023
 0.9922466747904144
 1.0066521259526782
 1.0114692166910544
 1.0066521259526784
 0.99224667479041473
 0.968392621869401
 0.93531739129570501
 0.89334493902272338
 0.84286660064764363
 0.78439915653657077
 0.71843275235532522
 0.64577623205486134
 0.56671630145649621
 0.48299724481701983
 0.39308623566622719
 0.30341571516920085
 0.20160200901786651
 0.12015139109308103
 1.2246467991473532e-16


# name: x
# type: range
# base, limit, increment
0 1 0.03125


# name: exata
# type: matrix
# rows: 33
# columns: 1
 0
 0.098017140329560604
 0.19509032201612825
 0.29028467725446233
 0.38268343236508978
 0.47139673682599764
 0.55557023301960218
 0.63439328416364549
 0.70710678118654746
 0.77301045336273699
 0.83146961230254524
 0.88192126434835494
 0.92387953251128674
 0.95694033573220894
 0.98078528040323043
 0.99518472667219682
 1
 0.99518472667219693
 0.98078528040323043
 0.95694033573220894
 0.92387953251128674
 0.88192126434835505
 0.83146961230254546
 0.7730104533627371
 0.70710678118654757
 0.63439328416364549
 0.55557023301960218
 0.47139673682599786
 0.38268343236508989
 0.29028467725446239
 0.19509032201612861
 0.098017140329560826
 1.2246467991473532e-16


