# Created by Octave 6.2.0, Sat Jul 31 20:23:30 2021 -03 <kuroneko@kuroneko-VirtualBox>
# name: xl
# type: matrix
# rows: 49
# columns: 1
 0
 0.020833333333333332
 0.041666666666666664
 0.0625
 0.083333333333333329
 0.10416666666666666
 0.12499999999999999
 0.14583333333333331
 0.16666666666666666
 0.1875
 0.20833333333333334
 0.22916666666666669
 0.25
 0.27083333333333331
 0.29166666666666663
 0.31249999999999994
 0.33333333333333326
 0.35416666666666657
 0.37499999999999989
 0.3958333333333332
 0.41666666666666652
 0.43749999999999983
 0.45833333333333315
 0.47916666666666646
 0.49999999999999978
 0.52083333333333315
 0.54166666666666652
 0.56249999999999989
 0.58333333333333326
 0.60416666666666663
 0.625
 0.64583333333333337
 0.66666666666666674
 0.68750000000000011
 0.70833333333333348
 0.72916666666666685
 0.75000000000000022
 0.77083333333333359
 0.79166666666666696
 0.81250000000000033
 0.8333333333333337
 0.85416666666666707
 0.87500000000000044
 0.89583333333333381
 0.91666666666666718
 0.93750000000000056
 0.95833333333333393
 0.9791666666666673
 1.0000000000000007


# name: h
# type: scalar
0.020833333333333332


# name: u
# type: matrix
# rows: 49
# columns: 1
 -2.4322981132283696
 4.8645962264567384
 2.3886673466177908
 3.3871000023820437
 2.9067894871486777
 3.0293109257896398
 2.8803175151614901
 2.8276309195090112
 2.7171846740138967
 2.6142858902155117
 2.4921316148843715
 2.3626927961542452
 2.221713271172149
 2.0718181024251368
 1.9127997775354402
 1.7456961530729895
 1.5710728149833812
 1.3897405483190308
 1.2024493640047353
 1.0100123992386518
 0.81324902306491254
 0.61300377050583177
 0.41013329875107729
 0.20550667269550427
 -5.6843418860808015e-14
 -0.20550667269565015
 -0.41013329875120519
 -0.61300377050597765
 -0.81324902306496938
 -1.0100123992388119
 -1.2024493640048064
 -1.3897405483191911
 -1.5710728149834221
 -1.7456961530730646
 -1.9127997775355245
 -2.0718181024251692
 -2.2217132711722334
 -2.36269279615437
 -2.4921316148844133
 -2.6142858902156192
 -2.7171846740139065
 -2.8276309195090761
 -2.8803175151614928
 -3.0293109257897477
 -2.906789487148699
 -3.387100002382077
 -2.3886673466178925
 -4.8645962264566514
 2.4322981132283257


# name: p
# type: matrix
# rows: 49
# columns: 1
 0
 0.080133382768604197
 0.13482468152233126
 0.20378869954159112
 0.26568479848965659
 0.32909126118580362
 0.3900205672776369
 0.44977328831041979
 0.50743741357771766
 0.56304172932278318
 0.61623227364550093
 0.66682995950269752
 0.71459766302518324
 0.75933943160872885
 0.80086006204190852
 0.83898327442567533
 0.87354518151976324
 0.90439805193488221
 0.93140965632715722
 0.95446437418194319
 0.97346346177177312
 0.98832557044586211
 0.99898705485399308
 1.0054022623778489
 1.0075437214479763
 1.0054022623778494
 0.99898705485399419
 0.98832557044586367
 0.9734634617717749
 0.95446437418194541
 0.93140965632715933
 0.90439805193488432
 0.8735451815197659
 0.83898327442567766
 0.80086006204191118
 0.75933943160873141
 0.71459766302518568
 0.66682995950270074
 0.61623227364550448
 0.56304172932278695
 0.50743741357772154
 0.4497732883104234
 0.39002056727764017
 0.32909126118580689
 0.26568479848966015
 0.20378869954159418
 0.13482468152233446
 0.080133382768606307
 1.2246467991473532e-16


# name: x
# type: range
# base, limit, increment
0 1 0.020833333333333332


# name: exata
# type: matrix
# rows: 49
# columns: 1
 0
 0.065403129230143062
 0.13052619222005157
 0.19509032201612825
 0.25881904510252074
 0.32143946530316153
 0.38268343236508973
 0.44228869021900119
 0.49999999999999994
 0.55557023301960218
 0.60876142900872066
 0.65934581510006895
 0.70710678118654746
 0.75183980747897727
 0.79335334029123505
 0.83146961230254512
 0.86602540378443849
 0.89687274153268814
 0.92387953251128652
 0.94693012949510558
 0.9659258262890682
 0.98078528040323032
 0.99144486137381038
 0.99785892323860348
 1
 0.99785892323860359
 0.99144486137381049
 0.98078528040323054
 0.96592582628906842
 0.94693012949510569
 0.92387953251128674
 0.89687274153268837
 0.86602540378443849
 0.83146961230254512
 0.79335334029123483
 0.75183980747897716
 0.70710678118654691
 0.65934581510006829
 0.6087614290087201
 0.5555702330196014
 0.49999999999999917
 0.44228869021900014
 0.38268343236508862
 0.32143946530316009
 0.2588190451025193
 0.19509032201612686
 0.1305261922200498
 0.065403129230141341
 -2.0979813693355779e-15


