# Created by Octave 6.2.0, Sat Jul 31 20:23:29 2021 -03 <kuroneko@kuroneko-VirtualBox>
# name: xl
# type: matrix
# rows: 17
# columns: 1
 0
 0.0625
 0.125
 0.1875
 0.25
 0.3125
 0.375
 0.4375
 0.5
 0.5625
 0.625
 0.6875
 0.75
 0.8125
 0.875
 0.9375
 1


# name: h
# type: scalar
0.0625


# name: u
# type: matrix
# rows: 17
# columns: 1
 -2.4064406214923117
 4.8128812429846235
 2.181567770031462
 2.9211719005792265
 2.0970203881569418
 1.8017181348944948
 1.1822510945344931
 0.62170638581986815
 -2.8421709430404007e-14
 -0.62170638581982196
 -1.1822510945345357
 -1.8017181348944735
 -2.097020388156956
 -2.9211719005792265
 -2.1815677700314779
 -4.812881242984604
 2.4064406214923006


# name: p
# type: matrix
# rows: 17
# columns: 1
 0
 0.23977850874985845
 0.39638858584328224
 0.5827019300767281
 0.72895683085381102
 0.85584717149550904
 0.94741816465109085
 1.0048561068882684
 1.0238572612722139
 1.0048561068882684
 0.94741816465109063
 0.85584717149550948
 0.72895683085381113
 0.58270193007672855
 0.39638858584328318
 0.23977850874985929
 1.2246467991473532e-16


# name: x
# type: range
# base, limit, increment
0 1 0.0625


# name: exata
# type: matrix
# rows: 17
# columns: 1
 0
 0.19509032201612825
 0.38268343236508978
 0.55557023301960218
 0.70710678118654746
 0.83146961230254524
 0.92387953251128674
 0.98078528040323043
 1
 0.98078528040323043
 0.92387953251128674
 0.83146961230254546
 0.70710678118654757
 0.55557023301960218
 0.38268343236508989
 0.19509032201612861
 1.2246467991473532e-16


