# Created by Octave 6.2.0, Sat Jul 31 20:23:30 2021 -03 <kuroneko@kuroneko-VirtualBox>
# name: xl
# type: matrix
# rows: 65
# columns: 1
 0
 0.015625
 0.03125
 0.046875
 0.0625
 0.078125
 0.09375
 0.109375
 0.125
 0.140625
 0.15625
 0.171875
 0.1875
 0.203125
 0.21875
 0.234375
 0.25
 0.265625
 0.28125
 0.296875
 0.3125
 0.328125
 0.34375
 0.359375
 0.375
 0.390625
 0.40625
 0.421875
 0.4375
 0.453125
 0.46875
 0.484375
 0.5
 0.515625
 0.53125
 0.546875
 0.5625
 0.578125
 0.59375
 0.609375
 0.625
 0.640625
 0.65625
 0.671875
 0.6875
 0.703125
 0.71875
 0.734375
 0.75
 0.765625
 0.78125
 0.796875
 0.8125
 0.828125
 0.84375
 0.859375
 0.875
 0.890625
 0.90625
 0.921875
 0.9375
 0.953125
 0.96875
 0.984375
 1


# name: h
# type: scalar
0.015625


# name: u
# type: matrix
# rows: 65
# columns: 1
 -2.4337144433541189
 4.8674288867082378
 2.4001177098902784
 3.4132476857425473
 2.9532295372135944
 3.1016644264733841
 2.9839630922316189
 2.9677648213485086
 2.8987442502159624
 2.8419322040503858
 2.7702091985867341
 2.6952012507009444
 2.6122763669246467
 2.5236566344090763
 2.428705761277385
 2.3280095754651442
 2.2216606151761482
 2.1099781350421396
 1.9932046937886696
 1.8716327418156919
 1.7455504784909976
 1.6152636127937297
 1.4810851911723262
 1.3433388082961866
 1.2023561614134053
 1.0584769513582213
 0.91204776999491344
 0.76342138887042055
 0.61295585740620595
 0.46101366215865724
 0.30796084438176763
 0.15416612205415126
 -1.9895196601282805e-13
 -0.15416612205380753
 -0.30796084438219395
 -0.4610136621582851
 -0.6129558574066607
 -0.76342138887001998
 -0.91204776999529713
 -1.0584769513578491
 -1.2023561614137463
 -1.3433388082958144
 -1.4810851911726246
 -1.6152636127933859
 -1.7455504784913956
 -1.8716327418153766
 -1.993204693788968
 -2.1099781350418811
 -2.2216606151762903
 -2.3280095754648857
 -2.4287057612775556
 -2.5236566344088178
 -2.6122763669247604
 -2.6952012507007144
 -2.7702091985868833
 -2.8419322040501704
 -2.8987442502159979
 -2.967764821348343
 -2.9839630922316047
 -3.1016644264732469
 -2.9532295372135593
 -3.4132476857424527
 -2.4001177098902886
 -4.8674288867080229
 2.4337144433540296


# name: p
# type: matrix
# rows: 65
# columns: 1
 0
 0.060108560873157607
 0.10122978548629322
 0.15323953697738601
 0.20022112918459531
 0.24869698625379269
 0.29576201634781651
 0.34247449467435687
 0.38822955086782301
 0.43312383856114073
 0.47696227099805116
 0.51967576694186224
 0.5611460760413578
 0.60127974273774054
 0.63997737117593034
 0.67714687427411546
 0.71269822887548084
 0.7465459897491773
 0.77860853017304976
 0.80880864418674514
 0.8370735621498322
 0.86333519766890154
 0.88753028152919577
 0.90960052676150271
 0.92949276374674739
 0.94715907053915083
 0.96255688737612599
 0.97564911960273859
 0.98640422687030593
 0.9947962991894812
 1.0008051193204217
 1.0044162114902122
 1.0056208762610352
 1.004416211490212
 1.0008051193204215
 0.99479629918948065
 0.98640422687030538
 0.97564911960273781
 0.96255688737612499
 0.94715907053914983
 0.92949276374674628
 0.90960052676150149
 0.88753028152919422
 0.86333519766889977
 0.83707356214983042
 0.80880864418674359
 0.77860853017304843
 0.74654598974917652
 0.71269822887547996
 0.67714687427411446
 0.63997737117592968
 0.6012797427377401
 0.56114607604135747
 0.51967576694186224
 0.47696227099805144
 0.43312383856114139
 0.38822955086782335
 0.34247449467435725
 0.29576201634781696
 0.24869698625379338
 0.20022112918459584
 0.15323953697738671
 0.10122978548629445
 0.060108560873158433
 1.2246467991473532e-16


# name: x
# type: range
# base, limit, increment
0 1 0.015625


# name: exata
# type: matrix
# rows: 65
# columns: 1
 0
 0.049067674327418015
 0.098017140329560604
 0.14673047445536175
 0.19509032201612825
 0.24298017990326387
 0.29028467725446233
 0.33688985339222005
 0.38268343236508978
 0.42755509343028208
 0.47139673682599764
 0.51410274419322166
 0.55557023301960218
 0.59569930449243336
 0.63439328416364549
 0.67155895484701833
 0.70710678118654746
 0.74095112535495911
 0.77301045336273699
 0.80320753148064483
 0.83146961230254524
 0.85772861000027212
 0.88192126434835494
 0.90398929312344334
 0.92387953251128674
 0.94154406518302081
 0.95694033573220894
 0.97003125319454397
 0.98078528040323043
 0.98917650996478101
 0.99518472667219682
 0.99879545620517241
 1
 0.99879545620517241
 0.99518472667219693
 0.98917650996478101
 0.98078528040323043
 0.97003125319454397
 0.95694033573220894
 0.94154406518302081
 0.92387953251128674
 0.90398929312344345
 0.88192126434835505
 0.85772861000027212
 0.83146961230254546
 0.80320753148064494
 0.7730104533627371
 0.74095112535495899
 0.70710678118654757
 0.67155895484701855
 0.63439328416364549
 0.59569930449243347
 0.55557023301960218
 0.51410274419322177
 0.47139673682599786
 0.42755509343028203
 0.38268343236508989
 0.33688985339222033
 0.29028467725446239
 0.24298017990326407
 0.19509032201612861
 0.1467304744553618
 0.098017140329560826
 0.049067674327417966
 1.2246467991473532e-16


