# Created by Octave 6.2.0, Sat Jul 03 23:48:26 2021 -03 <kuroneko@kuroneko-VirtualBox>
# name: xlSUPG
# type: matrix
# rows: 11
# columns: 1
 0
 0.20000000000000001
 0.40000000000000002
 0.60000000000000009
 0.80000000000000004
 1
 1.2
 1.3999999999999999
 1.5999999999999999
 1.7999999999999998
 1.9999999999999998


# name: hSUPG
# type: scalar
0.20000000000000001


# name: deltaT
# type: scalar
0.040000000000000008


# name: U
# type: matrix
# rows: 11
# columns: 32
 0 1.12332718893748e-11 7.4436160781634811e-12 4.3146969877460411e-12 2.2766325176964056e-12 1.1217674942553966e-12 5.2506845684702247e-13 2.3626525672562774e-13 1.0307538391995259e-13 4.3873125859559464e-14 1.8305004978569142e-14 7.513251299296763e-15 3.042177761510972e-15 1.2178546378285334e-15 4.8286285214060582e-16 1.8988310841439806e-16 7.4145799918071839e-17 2.8776592978041216e-17 1.1109375092914497e-17 4.2690000732567307e-18 1.6337764460465181e-18 6.230113180658747e-19 2.3681697682685172e-19 8.9762546587076876e-20 3.3937047981538072e-20 1.2801572265929117e-20 4.8190574206185142e-21 1.8107448339913663e-21 6.7924285715700817e-22 2.5440924487758496e-22 9.5156896002755636e-23 3.5546769254327428e-23
 0 -0.017145381380138144 -0.02719650643548429 -0.031715431022884703 -0.032212682139948018 -0.029985409535026038 -0.026101487332878582 -0.021401402761863239 -0.016513236723324859 -0.011876396091093689 -0.0077703106685116955 -0.004344970671004692 -0.0016508802037989026 0.00033331859379150369 0.0016766782456082774 0.002475832680259615 0.002839105698863858 0.002874682914153744 0.0026824614118487258 0.0023490516771477181 0.0019453403911143087 0.0015260149056468995 0.0011304846367890427 0.00078469618134162898 0.00050341469181663999 0.0002926247510888309 0.0001517855405439298 7.575780056826515e-05 5.630530047095321e-05 8.3158952343188026e-05 0.00014470861661285866 0.00022844292829384319
 0 0.29801993070967403 0.23294026519238104 0.17474842364439899 0.12464085934453853 0.083059640010283375 0.049856964974702135 0.024454704968883006 0.0059900119111722062 -0.0065587942944589153 -0.014269095556963063 -0.018194366612117398 -0.019307106237852811 -0.01846209316940655 -0.016376982807850372 -0.013626892155214596 -0.010649574052269409 -0.0077579775762336382 -0.005157352909362996 -0.0029645178196448705 -0.0012274016009315297 5.6524840258683348e-05 0.00092387135328428414 0.0014315527645621274 0.0016458508085311415 0.0016343112372844987 0.0014602969930632159 0.0011798824870469533 0.00084066163197511637 0.00048195194319176481 0.00013582649873378124 -0.00017157908836532381
 0 0.39237622718832377 0.39679653110346053 0.38466762829165979 0.35978932380048179 0.32592102707087406 0.28654666387665573 0.24471451361340774 0.20294458547718738 0.16319329399497526 0.12686376545591388 0.094849850528925 0.067602561023655625 0.045208920067883539 0.027474867013894653 0.014005678118742322 0.0042791801108675474 -0.0022912815487017915 -0.0063056904047980675 -0.0083383915842624584 -0.0089107592616598248 -0.0084743072773983685 -0.0074026643560425893 -0.0059906709179969502 -0.0044588697434375076 -0.0029618016174915202 -0.0015987102156790754 -0.00042543961629762063 0.00053356576267033569 0.0012741600305760669 0.0018031783705428927 0.0021315704708361979
 0 0.06243231877303685 0.12318688655639647 0.17796822539564208 0.22363580315957185 0.25829196197476501 0.28116074678284297 0.29241048118380519 0.29294661814048406 0.28419720798929665 0.26790849384973892 0.24596318684133939 0.22022929280487905 0.19244324031165969 0.1641276665277514 0.13654162591585967 0.11065919141903471 0.087171354931132775 0.066505700872336093 0.048858399763887984 0.034233518462764706 0.022485348456817923 0.013360308836610884 0.0065359004621314103 0.0016550939462784116 -0.0016446638562270873 -0.0037080479273561414 -0.0048439830542435555 -0.0053132183263934728 -0.0053214045388332654 -0.0050177839081652405 -0.0044993652559885662
 0 -0.0041927667626557663 0.0030387214930577854 0.020466612988457443 0.045979950541868798 0.076957216640398479 0.11060233740919906 0.14422397593658012 0.17544747934861066 0.20235692783413725 0.22357107130793927 0.23826144716718314 0.24612373410956415 0.24731461473803476 0.24236636973716247 0.23209041831457417 0.217479363546625 0.19961508328328711 0.17958827234713165 0.15843278383539622 0.13707627406610004 0.11630710624071797 0.096756236042603444 0.078891876304463759 0.063024116507388164 0.04931642010294917 0.037801165630357757 0.028397212802574411 0.020928708283556217 0.015145534578881356 0.010746344784454711 0.0074046327539824524
 0 0.00028357545733013085 -0.00096735147744060222 -0.0015102169801704873 0.00050773323452537483 0.0063803990901004455 0.016771829670445451 0.031727927964540201 0.05075131579541961 0.072918418295000925 0.09701866013328185 0.12169811547996356 0.14559341647305235 0.16744565671598358 0.18618797409894808 0.20100411531426629 0.21135833746851523 0.21699935849472662 0.21794268619115911 0.21443656828111701 0.20691710552483208 0.19595790015097544 0.18221915288903748 0.16640053934847229 0.14920153022444252 0.1312918748942653 0.11329338013295789 0.095771707904936124 0.079234158155474327 0.064127499743055441 0.050830210221585057 0.039636476247317469
 0 -1.9179210573105652e-05 0.00011694871782677313 -2.7748202515586392e-05 -0.00042512040598036643 -0.0006859119779375134 -0.00019480490162275733 0.00174711037666571 0.005791841203524703 0.012439561060440169 0.021966988610299401 0.034391544330749542 0.049469406771193963 0.066722385250369859 0.085486508882698459 0.10497433037505642 0.12434299816698391 0.14276095152074916 0.15946740748326443 0.17382040243863889 0.18533079407750486 0.19368108368607861 0.19872894337111521 0.20049579646425425 0.19914093877628525 0.19492231689252221 0.18814728272452083 0.17912074850341902 0.16810265136968316 0.15528827275844248 0.14082076920971459 0.12483513406808674
 0 1.2964356604941594e-06 -1.1384526489153409e-05 1.9981081412945518e-05 3.9943585722811575e-05 -2.0979569220504536e-05 -0.00017187021332050356 -0.00031812701114861081 -0.00024968423351878131 0.0003433110521169355 0.0018342682728987546 0.0046116638855475183 0.009026699571751489 0.015344625532119021 0.023705670837321072 0.03409957256001972 0.046355650442780935 0.060148463346440438 0.075017478419998659 0.090398006138968867 0.10566001874261341 0.12015154980149891 0.13324439323941201 0.14438175107222984 0.15312936986717957 0.15923128824464491 0.16266608481067735 0.16368955673908095 0.16284017065317824 0.16088307963752257 0.1586832095291312 0.15702521269705269
 0 -8.5613675693010502e-08 9.7680386195402617e-07 -3.0830221313589737e-06 -8.3377620633905982e-07 1.0019518933772784e-05 1.5854284491586695e-05 -4.5701679793740098e-06 -6.2852853226615121e-05 -0.00014085442005141126 -0.00017304286426895297 -3.5181384936406542e-05 0.00045836378908282674 0.0015480329195909114 0.0035139550412432289 0.0066541534552206159 0.011258632909600845 0.017582217454723853 0.025818945787247555 0.036080410971932222 0.048379551456800236 0.062619693185338693 0.078585570674590405 0.095928810437235001 0.11413758114608601 0.13248451925938437 0.14996388538537059 0.16525538999860825 0.17677249966578637 0.18284517541400194 0.18203996144614745 0.17354920905258034
 0 1.4535033522001284e-80 3.9622403281429166e-67 1.0758042141813852e-56 2.2010432769344063e-48 1.2500788026109838e-41 4.7426265711290953e-36 2.218613982414948e-31 1.9888057853983341e-27 4.7291625223286955e-24 3.8116786852254326e-21 1.2570546516311827e-18 1.9648829840834523e-16 1.635434178352792e-14 7.9582936058320875e-13 2.4424921606231163e-11 5.031357148891784e-10 7.3238429662420093e-09 7.8644357811319706e-08 6.4592800190722582e-07 4.1841418479136506e-06 2.1943014463880156e-05 9.5280939201895681e-05 0.00034926373167220936 0.0010991141423155552 0.0030133015037492107 0.0072900601384936065 0.01574037635784566 0.030635707246983449 0.054226398992859685 0.087979354788221734 0.13176128659718059


# name: x
# type: range
# base, limit, increment
0 2 0.20000000000000001


