# Created by Octave 6.2.0, Mon Aug 23 15:30:16 2021 -03 <kuroneko@kuroneko-VirtualBox>
# name: alfa
# type: scalar
1


# name: beta
# type: scalar
0


# name: h
# type: scalar
0.015625


# name: xlU1
# type: matrix
# rows: 64
# columns: 1
 0
 0.015625
 0.03125
 0.046875
 0.0625
 0.078125
 0.09375
 0.109375
 0.125
 0.140625
 0.15625
 0.171875
 0.1875
 0.203125
 0.21875
 0.234375
 0.25
 0.265625
 0.28125
 0.296875
 0.3125
 0.328125
 0.34375
 0.359375
 0.375
 0.390625
 0.40625
 0.421875
 0.4375
 0.453125
 0.46875
 0.484375
 0.5
 0.515625
 0.53125
 0.546875
 0.5625
 0.578125
 0.59375
 0.609375
 0.625
 0.640625
 0.65625
 0.671875
 0.6875
 0.703125
 0.71875
 0.734375
 0.75
 0.765625
 0.78125
 0.796875
 0.8125
 0.828125
 0.84375
 0.859375
 0.875
 0.890625
 0.90625
 0.921875
 0.9375
 0.953125
 0.96875
 0.984375


# name: xlU2
# type: matrix
# rows: 64
# columns: 1
 0.015625
 0.03125
 0.046875
 0.0625
 0.078125
 0.09375
 0.109375
 0.125
 0.140625
 0.15625
 0.171875
 0.1875
 0.203125
 0.21875
 0.234375
 0.25
 0.265625
 0.28125
 0.296875
 0.3125
 0.328125
 0.34375
 0.359375
 0.375
 0.390625
 0.40625
 0.421875
 0.4375
 0.453125
 0.46875
 0.484375
 0.5
 0.515625
 0.53125
 0.546875
 0.5625
 0.578125
 0.59375
 0.609375
 0.625
 0.640625
 0.65625
 0.671875
 0.6875
 0.703125
 0.71875
 0.734375
 0.75
 0.765625
 0.78125
 0.796875
 0.8125
 0.828125
 0.84375
 0.859375
 0.875
 0.890625
 0.90625
 0.921875
 0.9375
 0.953125
 0.96875
 0.984375
 1


# name: U
# type: matrix
# rows: 64
# columns: 2
 0.00060239284026968824 -0.00060239284026968813
 0.0018057273036934779 -0.0018057273036934777
 0.0030047116118796613 -0.0030047116118796608
 0.0041964573066111876 -0.0041964573066111868
 0.0053780933681247794 -0.0053780933681247785
 0.0065467731316492545 -0.0065467731316492528
 0.0076996811452699305 -0.0076996811452699288
 0.0088340399525993346 -0.0088340399525993329
 0.0099471167839123228 -0.0099471167839123211
 0.011036230139628379 -0.011036230139628378
 0.012098756250278456 -0.012098756250278456
 0.013132135397395783 -0.013132135397395779
 0.014133878080101482 -0.014133878080101478
 0.015101571012530774 -0.015101571012530771
 0.016032882937649467 -0.016032882937649463
 0.016925570243456645 -0.016925570243456641
 0.017777482368042573 -0.017777482368042569
 0.018586566980480168 -0.018586566980480165
 0.019350874925070843 -0.01935087492507084
 0.020068564917030702 -0.020068564917030698
 0.020737907978306682 -0.020737907978306679
 0.02135729160283651 -0.021357291602836507
 0.021925223641217607 -0.021925223641217604
 0.022440335895424074 -0.02244033589542407
 0.02290138741491721 -0.022901387414917207
 0.023307267486203164 -0.023307267486203161
 0.023656998308639252 -0.023656998308639248
 0.023949737350041671 -0.023949737350041665
 0.024184779376418532 -0.024184779376418532
 0.024361558150940984 -0.02436155815094098
 0.024479647798057575 -0.024479647798057572
 0.024538763829464617 -0.024538763829464613
 0.02453876382946462 -0.024538763829464617
 0.024479647798057572 -0.024479647798057568
 0.024361558150940994 -0.024361558150940994
 0.024184779376418521 -0.024184779376418518
 0.023949737350041678 -0.023949737350041678
 0.023656998308639224 -0.023656998308639217
 0.023307267486203185 -0.023307267486203181
 0.02290138741491721 -0.02290138741491721
 0.022440335895423966 -0.022440335895423963
 0.021925223641217715 -0.021925223641217712
 0.021357291602836562 -0.021357291602836559
 0.020737907978306516 -0.020737907978306512
 0.020068564917030813 -0.020068564917030809
 0.01935087492507085 -0.019350874925070847
 0.018586566980480279 -0.018586566980480276
 0.017777482368042465 -0.017777482368042462
 0.016925570243456593 -0.016925570243456589
 0.016032882937649578 -0.016032882937649574
 0.015101571012530721 -0.015101571012530717
 0.0141338780801016 -0.014133878080101596
 0.01313213539739567 -0.013132135397395666
 0.012098756250278462 -0.01209875625027846
 0.011036230139628433 -0.011036230139628431
 0.0099471167839123246 -0.0099471167839123228
 0.0088340399525992808 -0.0088340399525992791
 0.0076996811452699852 -0.0076996811452699843
 0.0065467731316492554 -0.0065467731316492554
 0.0053780933681247794 -0.0053780933681247785
 0.0041964573066111868 -0.0041964573066111859
 0.0030047116118796062 -0.0030047116118796062
 0.0018057273036935328 -0.0018057273036935328
 0.00060239284026968856 -0.00060239284026968845


# name: x
# type: range
# base, limit, increment
0 1 0.015625


# name: exata
# type: matrix
# rows: 65
# columns: 1
 1
 0.99879545620517241
 0.99518472667219693
 0.98917650996478101
 0.98078528040323043
 0.97003125319454397
 0.95694033573220882
 0.94154406518302081
 0.92387953251128674
 0.90398929312344334
 0.88192126434835505
 0.85772861000027212
 0.83146961230254524
 0.80320753148064494
 0.77301045336273699
 0.74095112535495911
 0.70710678118654757
 0.67155895484701833
 0.63439328416364549
 0.59569930449243347
 0.55557023301960229
 0.51410274419322166
 0.47139673682599781
 0.4275550934302822
 0.38268343236508984
 0.33688985339222005
 0.29028467725446233
 0.24298017990326398
 0.19509032201612833
 0.14673047445536175
 0.09801714032956077
 0.049067674327418126
 6.123233995736766e-17
 -0.049067674327418008
 -0.098017140329560645
 -0.14673047445536164
 -0.19509032201612819
 -0.24298017990326387
 -0.29028467725446216
 -0.33688985339221994
 -0.38268343236508973
 -0.42755509343028186
 -0.4713967368259977
 -0.51410274419322166
 -0.55557023301960196
 -0.59569930449243336
 -0.63439328416364538
 -0.67155895484701844
 -0.70710678118654746
 -0.74095112535495888
 -0.77301045336273699
 -0.80320753148064483
 -0.83146961230254535
 -0.85772861000027201
 -0.88192126434835494
 -0.90398929312344334
 -0.92387953251128674
 -0.9415440651830207
 -0.95694033573220882
 -0.97003125319454397
 -0.98078528040323043
 -0.98917650996478101
 -0.99518472667219682
 -0.99879545620517241
 -1


