# Created by Octave 6.2.0, Mon Aug 23 15:30:16 2021 -03 <kuroneko@kuroneko-VirtualBox>
# name: alfa
# type: scalar
1


# name: beta
# type: scalar
0


# name: h
# type: scalar
0.0625


# name: xlU1
# type: matrix
# rows: 16
# columns: 1
 0
 0.0625
 0.125
 0.1875
 0.25
 0.3125
 0.375
 0.4375
 0.5
 0.5625
 0.625
 0.6875
 0.75
 0.8125
 0.875
 0.9375


# name: xlU2
# type: matrix
# rows: 16
# columns: 1
 0.0625
 0.125
 0.1875
 0.25
 0.3125
 0.375
 0.4375
 0.5
 0.5625
 0.625
 0.6875
 0.75
 0.8125
 0.875
 0.9375
 1


# name: U
# type: matrix
# rows: 16
# columns: 2
 0.0096382590445141646 -0.0096382590445141629
 0.028544384243659727 -0.028544384243659727
 0.046353564764196574 -0.046353564764196567
 0.062381403786223942 -0.062381403786223928
 0.076011960444641008 -0.076011960444640994
 0.086721420091169038 -0.086721420091169024
 0.094098224197526129 -0.094098224197526129
 0.097858886318864413 -0.097858886318864385
 0.097858886318864385 -0.097858886318864372
 0.09409822419752617 -0.094098224197526156
 0.086721420091168941 -0.086721420091168927
 0.076011960444641119 -0.076011960444641105
 0.062381403786224039 -0.062381403786224032
 0.046353564764196525 -0.046353564764196518
 0.028544384243659741 -0.028544384243659737
 0.0096382590445141681 -0.0096382590445141664


# name: x
# type: range
# base, limit, increment
0 1 0.0625


# name: exata
# type: matrix
# rows: 17
# columns: 1
 1
 0.98078528040323043
 0.92387953251128674
 0.83146961230254524
 0.70710678118654757
 0.55557023301960229
 0.38268343236508984
 0.19509032201612833
 6.123233995736766e-17
 -0.19509032201612819
 -0.38268343236508973
 -0.55557023301960196
 -0.70710678118654746
 -0.83146961230254535
 -0.92387953251128674
 -0.98078528040323043
 -1


