# Created by Octave 6.2.0, Mon Aug 23 15:30:16 2021 -03 <kuroneko@kuroneko-VirtualBox>
# name: alfa
# type: scalar
1


# name: beta
# type: scalar
0


# name: h
# type: scalar
0.25


# name: xlU1
# type: matrix
# rows: 4
# columns: 1
 0
 0.25
 0.5
 0.75


# name: xlU2
# type: matrix
# rows: 4
# columns: 1
 0.25
 0.5
 0.75
 1


# name: U
# type: matrix
# rows: 4
# columns: 2
 0.15410558891118051 -0.15410558891118048
 0.372043802786865 -0.37204380278686494
 0.372043802786865 -0.37204380278686494
 0.15410558891118065 -0.15410558891118062


# name: x
# type: range
# base, limit, increment
0 1 0.25


# name: exata
# type: matrix
# rows: 5
# columns: 1
 1
 0.70710678118654757
 6.123233995736766e-17
 -0.70710678118654746
 -1


