# Created by Octave 6.2.0, Sat Jul 31 20:29:51 2021 -03 <kuroneko@kuroneko-VirtualBox>
# name: xl
# type: matrix
# rows: 257
# columns: 1
 0
 0.00390625
 0.0078125
 0.01171875
 0.015625
 0.01953125
 0.0234375
 0.02734375
 0.03125
 0.03515625
 0.0390625
 0.04296875
 0.046875
 0.05078125
 0.0546875
 0.05859375
 0.0625
 0.06640625
 0.0703125
 0.07421875
 0.078125
 0.08203125
 0.0859375
 0.08984375
 0.09375
 0.09765625
 0.1015625
 0.10546875
 0.109375
 0.11328125
 0.1171875
 0.12109375
 0.125
 0.12890625
 0.1328125
 0.13671875
 0.140625
 0.14453125
 0.1484375
 0.15234375
 0.15625
 0.16015625
 0.1640625
 0.16796875
 0.171875
 0.17578125
 0.1796875
 0.18359375
 0.1875
 0.19140625
 0.1953125
 0.19921875
 0.203125
 0.20703125
 0.2109375
 0.21484375
 0.21875
 0.22265625
 0.2265625
 0.23046875
 0.234375
 0.23828125
 0.2421875
 0.24609375
 0.25
 0.25390625
 0.2578125
 0.26171875
 0.265625
 0.26953125
 0.2734375
 0.27734375
 0.28125
 0.28515625
 0.2890625
 0.29296875
 0.296875
 0.30078125
 0.3046875
 0.30859375
 0.3125
 0.31640625
 0.3203125
 0.32421875
 0.328125
 0.33203125
 0.3359375
 0.33984375
 0.34375
 0.34765625
 0.3515625
 0.35546875
 0.359375
 0.36328125
 0.3671875
 0.37109375
 0.375
 0.37890625
 0.3828125
 0.38671875
 0.390625
 0.39453125
 0.3984375
 0.40234375
 0.40625
 0.41015625
 0.4140625
 0.41796875
 0.421875
 0.42578125
 0.4296875
 0.43359375
 0.4375
 0.44140625
 0.4453125
 0.44921875
 0.453125
 0.45703125
 0.4609375
 0.46484375
 0.46875
 0.47265625
 0.4765625
 0.48046875
 0.484375
 0.48828125
 0.4921875
 0.49609375
 0.5
 0.50390625
 0.5078125
 0.51171875
 0.515625
 0.51953125
 0.5234375
 0.52734375
 0.53125
 0.53515625
 0.5390625
 0.54296875
 0.546875
 0.55078125
 0.5546875
 0.55859375
 0.5625
 0.56640625
 0.5703125
 0.57421875
 0.578125
 0.58203125
 0.5859375
 0.58984375
 0.59375
 0.59765625
 0.6015625
 0.60546875
 0.609375
 0.61328125
 0.6171875
 0.62109375
 0.625
 0.62890625
 0.6328125
 0.63671875
 0.640625
 0.64453125
 0.6484375
 0.65234375
 0.65625
 0.66015625
 0.6640625
 0.66796875
 0.671875
 0.67578125
 0.6796875
 0.68359375
 0.6875
 0.69140625
 0.6953125
 0.69921875
 0.703125
 0.70703125
 0.7109375
 0.71484375
 0.71875
 0.72265625
 0.7265625
 0.73046875
 0.734375
 0.73828125
 0.7421875
 0.74609375
 0.75
 0.75390625
 0.7578125
 0.76171875
 0.765625
 0.76953125
 0.7734375
 0.77734375
 0.78125
 0.78515625
 0.7890625
 0.79296875
 0.796875
 0.80078125
 0.8046875
 0.80859375
 0.8125
 0.81640625
 0.8203125
 0.82421875
 0.828125
 0.83203125
 0.8359375
 0.83984375
 0.84375
 0.84765625
 0.8515625
 0.85546875
 0.859375
 0.86328125
 0.8671875
 0.87109375
 0.875
 0.87890625
 0.8828125
 0.88671875
 0.890625
 0.89453125
 0.8984375
 0.90234375
 0.90625
 0.91015625
 0.9140625
 0.91796875
 0.921875
 0.92578125
 0.9296875
 0.93359375
 0.9375
 0.94140625
 0.9453125
 0.94921875
 0.953125
 0.95703125
 0.9609375
 0.96484375
 0.96875
 0.97265625
 0.9765625
 0.98046875
 0.984375
 0.98828125
 0.9921875
 0.99609375
 1


# name: h
# type: scalar
0.015625


# name: u
# type: matrix
# rows: 257
# columns: 1
 -6.283185307216077
 -6.2449824704543673
 -6.2065930036637367
 -6.1680158204982893
 -6.1292498856772166
 -6.0902942149352324
 -6.0511478749612033
 -6.0118099833235146
 -5.972279708401774
 -5.9325562693112923
 -5.892638935811771
 -5.8525270282027808
 -5.8122199172295632
 -5.7717170239816431
 -5.7310178197717034
 -5.6901218260012953
 -5.6490286140408852
 -5.607737805102758
 -5.5662490700902412
 -5.5245621294338871
 -5.4826767529459559
 -5.4405927596678181
 -5.3983100176898002
 -5.3558284439581207
 -5.3131480041040682
 -5.2702687122661827
 -5.2271906308810463
 -5.183913870461347
 -5.1404385894000661
 -5.0967649937677812
 -5.0528933370748108
 -5.0088239200208173
 -4.9645570902744058
 -4.9200932422459456
 -4.8754328168215295
 -4.8305763010846379
 -4.7855242280715755
 -4.74027717652028
 -4.6948357705766348
 -4.6492006794887653
 -4.6033726173388185
 -4.5573523427682652
 -4.5111406586571992
 -4.4647384117918785
 -4.4181464925734222
 -4.3713658347201934
 -4.3243974149207185
 -4.2772422524752205
 -4.2299014089818314
 -4.1823759880166795
 -4.1346671347612043
 -4.0867760356184073
 -4.0387039178772666
 -3.9904520493712194
 -3.9420217380806726
 -3.8934143317247978
 -3.8446312174048782
 -3.7956738212419237
 -3.7465436079552279
 -3.6972420804306156
 -3.647770779343487
 -3.5981312827763605
 -3.5483252057743941
 -3.498354199891033
 -3.4482199527915753
 -3.3979241878514839
 -3.3474686636898516
 -3.2968551736934444
 -3.2460855456016704
 -3.1951616410865422
 -3.1440853552651209
 -3.0928586162030034
 -3.0414833844816176
 -2.9899616527607655
 -2.9382954452711258
 -2.8864868172982971
 -2.8345378547333717
 -2.7824506736190413
 -2.7302274196232919
 -2.6778702675051451
 -2.6253814206495223
 -2.5727631105979212
 -2.5200175965044798
 -2.4671471645846164
 -2.4141541276352232
 -2.3610408245509698
 -2.3078096197639457
 -2.254462902676448
 -2.2010030871675763
 -2.1474326110962498
 -2.0937539357256987
 -2.03996954514166
 -1.9860819457464951
 -1.932093665750038
 -1.8780072545802264
 -1.8238252822880281
 -1.7695503390302159
 -1.7151850345491961
 -1.6607319975711121
 -1.6061938751988449
 -1.5515733323846139
 -1.4968730513999622
 -1.4420957312226976
 -1.3872440869193345
 -1.3323208491087166
 -1.277328763423361
 -1.2222705898866206
 -1.1671491022859715
 -1.1119670876288725
 -1.0567273455966872
 -1.0014326879134807
 -0.94608593771157434
 -0.89068992898087718
 -0.83524750601662379
 -0.77976152278124033
 -0.72423484226360491
 -0.66867033592310121
 -0.61307088313242908
 -0.55743937053398718
 -0.50177869139429576
 -0.44609174504403581
 -0.39038143631719824
 -0.33465067490344552
 -0.27890237469916623
 -0.22313945324477211
 -0.16736483116146006
 -0.11158143150102762
 -0.055792179095033083
 9.3691231663284098e-12
 0.055792179113771545
 0.11158143151976659
 0.16736483118019976
 0.22313945326351281
 0.27890237471790807
 0.33465067492218875
 0.39038143633594324
 0.44609174506278287
 0.50177869141304487
 0.55743937055273873
 0.61307088315118319
 0.66867033594185787
 0.72423484228236434
 0.77976152280000277
 0.83524750603538955
 0.89068992899964639
 0.94608593773034688
 1.0014326879322564
 1.0567273456154662
 1.1119670876476553
 1.1671491023047593
 1.2222705899054134
 1.2773287634421584
 1.3323208491275187
 1.3872440869381417
 1.4420957312415099
 1.4968730514187791
 1.5515733324034355
 1.6061938752176721
 1.6607319975899451
 1.7151850345680351
 1.769550339049061
 1.8238252823068788
 1.8780072545990827
 1.9320936657688998
 1.986081945765362
 2.0399695451605298
 2.0937539357445716
 2.1474326111151263
 2.2010030871864559
 2.2544629026953293
 2.3078096197828293
 2.3610408245698555
 2.4141541276541116
 2.4671471646035035
 2.520017596523366
 2.5727631106168065
 2.6253814206684067
 2.67787026752403
 2.7302274196421776
 2.7824506736379275
 2.8345378547522579
 2.8864868173171874
 2.9382954452900201
 2.9899616527796629
 3.041483384500518
 3.0928586162219065
 3.1440853552840258
 3.1951616411054498
 3.246085545620581
 3.2968551737123564
 3.3474686637087667
 3.397924187870403
 3.4482199528104998
 3.4983541999099637
 3.5483252057933314
 3.5981312827953031
 3.647770779362435
 3.6972420804495694
 3.7465436079741883
 3.7956738212608911
 3.8446312174238524
 3.8934143317437773
 3.9420217380996569
 3.9904520493902091
 4.0387039178962612
 4.086776035637409
 4.134667134780214
 4.1823759880356972
 4.229901409000858
 4.2772422524942533
 4.3243974149397584
 4.3713658347392421
 4.4181464925924816
 4.4647384118109441
 4.511140658676271
 4.5573523427873432
 4.6033726173579037
 4.6492006795078549
 4.6948357705957289
 4.7402771765393785
 4.7855242280906802
 4.8305763011037479
 4.8754328168406458
 4.9200932422650698
 4.964557090293539
 5.0088239200399602
 5.0528933370939635
 5.0967649937869446
 5.1404385894192401
 5.1839138704805316
 5.2271906309002425
 5.2702687122853922
 5.3131480041232919
 5.3558284439773587
 5.3983100177090497
 5.44059275968708
 5.4826767529652312
 5.524562129453173
 5.5662490701095395
 5.6077378051220705
