# Created by Octave 6.2.0, Sat Jul 31 20:29:44 2021 -03 <kuroneko@kuroneko-VirtualBox>
# name: xl
# type: matrix
# rows: 129
# columns: 1
 0
 0.0078125
 0.015625
 0.0234375
 0.03125
 0.0390625
 0.046875
 0.0546875
 0.0625
 0.0703125
 0.078125
 0.0859375
 0.09375
 0.1015625
 0.109375
 0.1171875
 0.125
 0.1328125
 0.140625
 0.1484375
 0.15625
 0.1640625
 0.171875
 0.1796875
 0.1875
 0.1953125
 0.203125
 0.2109375
 0.21875
 0.2265625
 0.234375
 0.2421875
 0.25
 0.2578125
 0.265625
 0.2734375
 0.28125
 0.2890625
 0.296875
 0.3046875
 0.3125
 0.3203125
 0.328125
 0.3359375
 0.34375
 0.3515625
 0.359375
 0.3671875
 0.375
 0.3828125
 0.390625
 0.3984375
 0.40625
 0.4140625
 0.421875
 0.4296875
 0.4375
 0.4453125
 0.453125
 0.4609375
 0.46875
 0.4765625
 0.484375
 0.4921875
 0.5
 0.5078125
 0.515625
 0.5234375
 0.53125
 0.5390625
 0.546875
 0.5546875
 0.5625
 0.5703125
 0.578125
 0.5859375
 0.59375
 0.6015625
 0.609375
 0.6171875
 0.625
 0.6328125
 0.640625
 0.6484375
 0.65625
 0.6640625
 0.671875
 0.6796875
 0.6875
 0.6953125
 0.703125
 0.7109375
 0.71875
 0.7265625
 0.734375
 0.7421875
 0.75
 0.7578125
 0.765625
 0.7734375
 0.78125
 0.7890625
 0.796875
 0.8046875
 0.8125
 0.8203125
 0.828125
 0.8359375
 0.84375
 0.8515625
 0.859375
 0.8671875
 0.875
 0.8828125
 0.890625
 0.8984375
 0.90625
 0.9140625
 0.921875
 0.9296875
 0.9375
 0.9453125
 0.953125
 0.9609375
 0.96875
 0.9765625
 0.984375
 0.9921875
 1


# name: h
# type: scalar
0.03125


# name: u
# type: matrix
# rows: 129
# columns: 1
 -6.2831853071845645
 -6.2065930035981012
 -6.1292498856469084
 -6.0511478749695913
 -5.972279708373244
 -5.8926389357172466
 -5.8122199172021984
 -5.7310178198148458
 -5.6490286140152604
 -5.5662490699671645
 -5.4826767529214573
 -5.3983100177671739
 -5.3131480040812704
 -5.2271906307300711
 -5.1404385893783733
 -5.0528933371856031
 -4.9645570902543756
 -4.8754328166436203
 -4.785524228052628
 -4.6948357707197301
 -4.6033726173214902
 -4.51114065845361
 -4.4181464925571658
 -4.3243974150947162
 -4.2299014089671489
 -4.1346671345334585
 -4.038703917863625
 -3.9420217382838891
 -3.8446312173927755
 -3.7465436077051364
 -3.6477707793324363
 -3.5483252060049253
 -3.4482199527820288
 -3.3474686634194821
 -3.2460855455931799
 -3.1440853555208172
 -3.041483384474605
 -2.9382954449827849
 -2.8345378547274311
 -2.7302274199018033
 -2.6253814206450299
 -2.5200175962006774
 -2.4141541276318277
 -2.3078096200627236
 -2.2010030871655899
 -2.093753935409107
 -1.9860819457456147
 -1.8780072548965299
 -1.7695503390307077
 -1.6607319972445518
 -1.5515733323862277
 -1.4420957315536471
 -1.332320849111664
 -1.2222705895530408
 -1.1119670876329664
 -1.0014326882560856
 -0.89068992898626853
 -0.77976152244368735
 -0.66867033592966396
 -0.55743937088517193
 -0.44609174505186228
 -0.33465067456503417
 -0.22313945325379853
 -0.11158143185766105
 -8.885755512262279e-13
 0.1115814318558839
 0.22313945325202181
 0.33465067456325837
 0.44609174505008781
 0.55743937088339901
 0.66867033592789282
 0.7797615224419181
 0.8906899289845015
 1.0014326882543207
 1.1119670876312033
 1.2222705895512802
 1.3323208491099063
 1.4420957315518916
 1.551573332384474
 1.6607319972427999
 1.7695503390289575
 1.8780072548947806
 1.9860819457438661
 2.0937539354073591
 2.2010030871638429
 2.3078096200609783
 2.4141541276300833
 2.520017596198934
 2.6253814206432877
 2.730227419900062
 2.8345378547256903
 2.9382954449810446
 3.0414833844728655
 3.1440853555190786
 3.2460855455914421
 3.3474686634177444
 3.448219952780291
 3.5483252060031867
 3.6477707793306968
 3.7465436077033956
 3.8446312173910342
 3.9420217382821487
 4.0387039178618833
 4.1346671345317141
 4.2299014089654019
 4.3243974150929692
 4.4181464925554179
 4.5111406584518621
 4.6033726173197449
 4.6948357707179849
 4.785524228050881
 4.8754328166418714
 4.9645570902526268
 5.0528933371838498
 5.1404385893766156
 5.2271906307283098
 5.3131480040795056
 5.3983100177654029
 5.4826767529196783
 5.5662490699653784
 5.649028614013468
 5.7310178198130517
 5.8122199172004017
 5.8926389357154454
 5.9722797083714374
 6.0511478749677776
 6.1292498856450859
 6.2065930035962698
 6.2831853071827251


# name: p
# type: matrix
# rows: 129
# columns: 1
 9.7561335387239723
 9.8540046787415037
 9.9512449477435041
 10.047818901141619
 10.14369107002587
 10.238825983577216
 10.333188194896174
 10.42674230671469
 10.5194529936214
 10.611285024205298
 10.702203286532351
 10.792172813404532
 10.881158804156884
 10.969126646323714
 11.056041940523142
 11.141870525025174
 11.226578496915037
 11.31013223307753
 11.39249841425471
 11.473644048691151
 11.55353649246373
 11.632143469585982
 11.709433095011757
 11.78537389713421
 11.859934837089938
 11.933085327793348
 12.004795255668759
 12.075035001790413
 12.143775459978389
 12.210988054582911
 12.2766447607393
 12.340718123948955
 12.403181276795731
 12.464007955311871
 12.523172517564067
 12.580649961489955
 12.63641594007666
 12.690446776153307
 12.742719479132182
 12.793211760931692
 12.84190204947328
 12.888769501760352
 12.933794018615762
 12.976956258540426
 13.018237649400595
 13.057620399669219
 13.095087511020022
 13.130622789990362
 13.164210857747998
 13.195837159388271
 13.225487974265405
 13.253150425348849
 13.278812486976948
 13.302462992121741
 13.324091640359459
 13.34368900483161
 13.36124653791196
 13.37675657637002
 13.390212346905058
 13.401607970645907
 13.41093846667748
 13.418199755053957
 13.42338865984374
 13.426502911125326
 13.427541146339824
 13.426502911125265
 13.423388659843617
 13.418199755053777
 13.410938466677244
 13.401607970645625
 13.39021234690474
 13.376756576369672
 13.36124653791158
 13.343689004831209
 13.324091640359038
 13.302462992121297
 13.278812486976484
 13.253150425348386
 13.225487974264944
 13.195837159387807
 13.164210857747523
 13.130622789989875
 13.095087511019521
 13.057620399668707
 13.018237649400087
 12.976956258539909
 12.933794018615238
 12.888769501759828
 12.84190204947275
 12.793211760931163
 12.742719479131654
 12.690446776152786
 12.636415940076143
 12.580649961489463
 12.523172517563598
 12.464007955311418
 12.403181276795287
 12.340718123948516
 12.276644760738852
 12.21098805458244
 12.143775459977888
 12.075035001789869
 12.004795255668178
 11.933085327792734
 11.859934837089286
 11.785373897133523
 11.709433095011041
 11.632143469585248
 11.553536492462987
 11.47364404869041
 11.392498414253964
 11.310132233076773
 11.226578496914275
 11.141870525024409
 11.056041940522372
 10.969126646322938
 10.881158804156097
 10.792172813403722
 10.702203286531523
 10.611285024204459
 10.519452993620561
 10.426742306713862
 10.333188194895365
 10.238825983576438
 10.143691070025124
 10.047818901140889
 9.9512449477427829
 9.8540046787407967
 9.7561335387233026


# name: x
# type: range
# base, limit, increment
0 1 0.0078125


