# Created by Octave 6.2.0, Wed Aug 04 01:17:26 2021 -03 <kuroneko@kuroneko-VirtualBox>
# name: xl
# type: matrix
# rows: 257
# columns: 1
 0
 0.00390625
 0.0078125
 0.01171875
 0.015625
 0.01953125
 0.0234375
 0.02734375
 0.03125
 0.03515625
 0.0390625
 0.04296875
 0.046875
 0.05078125
 0.0546875
 0.05859375
 0.0625
 0.06640625
 0.0703125
 0.07421875
 0.078125
 0.08203125
 0.0859375
 0.08984375
 0.09375
 0.09765625
 0.1015625
 0.10546875
 0.109375
 0.11328125
 0.1171875
 0.12109375
 0.125
 0.12890625
 0.1328125
 0.13671875
 0.140625
 0.14453125
 0.1484375
 0.15234375
 0.15625
 0.16015625
 0.1640625
 0.16796875
 0.171875
 0.17578125
 0.1796875
 0.18359375
 0.1875
 0.19140625
 0.1953125
 0.19921875
 0.203125
 0.20703125
 0.2109375
 0.21484375
 0.21875
 0.22265625
 0.2265625
 0.23046875
 0.234375
 0.23828125
 0.2421875
 0.24609375
 0.25
 0.25390625
 0.2578125
 0.26171875
 0.265625
 0.26953125
 0.2734375
 0.27734375
 0.28125
 0.28515625
 0.2890625
 0.29296875
 0.296875
 0.30078125
 0.3046875
 0.30859375
 0.3125
 0.31640625
 0.3203125
 0.32421875
 0.328125
 0.33203125
 0.3359375
 0.33984375
 0.34375
 0.34765625
 0.3515625
 0.35546875
 0.359375
 0.36328125
 0.3671875
 0.37109375
 0.375
 0.37890625
 0.3828125
 0.38671875
 0.390625
 0.39453125
 0.3984375
 0.40234375
 0.40625
 0.41015625
 0.4140625
 0.41796875
 0.421875
 0.42578125
 0.4296875
 0.43359375
 0.4375
 0.44140625
 0.4453125
 0.44921875
 0.453125
 0.45703125
 0.4609375
 0.46484375
 0.46875
 0.47265625
 0.4765625
 0.48046875
 0.484375
 0.48828125
 0.4921875
 0.49609375
 0.5
 0.50390625
 0.5078125
 0.51171875
 0.515625
 0.51953125
 0.5234375
 0.52734375
 0.53125
 0.53515625
 0.5390625
 0.54296875
 0.546875
 0.55078125
 0.5546875
 0.55859375
 0.5625
 0.56640625
 0.5703125
 0.57421875
 0.578125
 0.58203125
 0.5859375
 0.58984375
 0.59375
 0.59765625
 0.6015625
 0.60546875
 0.609375
 0.61328125
 0.6171875
 0.62109375
 0.625
 0.62890625
 0.6328125
 0.63671875
 0.640625
 0.64453125
 0.6484375
 0.65234375
 0.65625
 0.66015625
 0.6640625
 0.66796875
 0.671875
 0.67578125
 0.6796875
 0.68359375
 0.6875
 0.69140625
 0.6953125
 0.69921875
 0.703125
 0.70703125
 0.7109375
 0.71484375
 0.71875
 0.72265625
 0.7265625
 0.73046875
 0.734375
 0.73828125
 0.7421875
 0.74609375
 0.75
 0.75390625
 0.7578125
 0.76171875
 0.765625
 0.76953125
 0.7734375
 0.77734375
 0.78125
 0.78515625
 0.7890625
 0.79296875
 0.796875
 0.80078125
 0.8046875
 0.80859375
 0.8125
 0.81640625
 0.8203125
 0.82421875
 0.828125
 0.83203125
 0.8359375
 0.83984375
 0.84375
 0.84765625
 0.8515625
 0.85546875
 0.859375
 0.86328125
 0.8671875
 0.87109375
 0.875
 0.87890625
 0.8828125
 0.88671875
 0.890625
 0.89453125
 0.8984375
 0.90234375
 0.90625
 0.91015625
 0.9140625
 0.91796875
 0.921875
 0.92578125
 0.9296875
 0.93359375
 0.9375
 0.94140625
 0.9453125
 0.94921875
 0.953125
 0.95703125
 0.9609375
 0.96484375
 0.96875
 0.97265625
 0.9765625
 0.98046875
 0.984375
 0.98828125
 0.9921875
 0.99609375
 1


# name: h
# type: scalar
0.015625


# name: u
# type: matrix
# rows: 257
# columns: 1
 -3.1415926535897478
 -3.1413560974404504
 -3.1406464646183228
 -3.1394638619910222
 -3.1378084676530569
 -3.135680530900947
 -3.1330803721969818
 -3.1300083831135312
 -3.1264650262782245
 -3.1224508353093228
 -3.1179664147335857
 -3.1130124398847618
 -3.107589656809091
 -3.1016988821610414
 -3.0953410030754851
 -3.0885169770206145
 -3.0812278316639876
 -3.0734746647288897
 -3.0652586438211178
 -3.0565810062366814
 -3.0474430587887174
 -3.0378461776248153
 -3.0277918080088337
 -3.0172814640838435
 -3.0063167286603334
 -2.9948992529949354
 -2.9830307565278038
 -2.9707130266013708
 -2.9579479182103472
 -2.9447373537423847
 -2.9310833226716517
 -2.9169878812340757
 -2.9024531521397439
 -2.8874813242761288
 -2.8720746523585956
 -2.856235456562914
 -2.8399661222007544
 -2.8232690993861902
 -2.8061469026439729
 -2.7886021105002095
 -2.7706373651217269
 -2.7522553719466591
 -2.733458899251437
 -2.7142507777006064
 -2.6946338999509414
 -2.6746112202470003
 -2.6541857539478713
 -2.6333605770372226
 -2.6121388256931115
 -2.5905236958494848
 -2.5685184426838243
 -2.546126380088606
 -2.5233508802078428
 -2.5001953729655848
 -2.4766633455156999
 -2.4527583416760161
 -2.4284839614327112
 -2.4038438604369516
 -2.3788417494181324
 -2.3534813935820633
 -2.3277666120844058
 -2.3017012774966621
 -2.2752893151842799
 -2.2485347026703422
 -2.2214414690793118
 -2.1940136945736572
 -2.1662555096983356
 -2.1381710947114998
 -2.1097646789999023
 -2.0810405404875114
 -2.0520030049479443
 -2.0226564453038178
 -1.9930052810152101
 -1.9630539774616993
 -1.9328070452243928
 -1.9022690393556163
 -1.8714445587419071
 -1.8403382454609578
 -1.8089547840349862
 -1.777298900672508
 -1.7453753626073991
 -1.7131889774322961
 -1.6807445923251019
 -1.6480470932646709
 -1.6151014043475338
 -1.5819124870993604
 -1.5484853396764608
 -1.5148249960572777
 -1.4809365253384164
 -1.4468250310258288
 -1.4124956502132373
 -1.3779535527513773
 -1.3432039405250318
 -1.3082520467256431
 -1.2731031350086361
 -1.2377624986424163
 -1.2022354597681475
 -1.1665273686555457
 -1.1306436028411313
 -1.0945895662590319
 -1.0583706884852886
 -1.0219924239786224
 -0.98546025120169356
 -0.94877967173580169
 -0.91195620951154033
 -0.87499541003636616
 -0.83790283950098277
 -0.8006840838800704
 -0.76334474815114306
 -0.72589045551078013
 -0.68832684646828735
 -0.65065957793462359
 -0.61289432243134068
 -0.57503676729736863
 -0.53709261377213391
 -0.49906757607487962
 -0.46096738060559467
 -0.42279776514426137
 -0.38456447792564213
 -0.34627327671120983
 -0.30792992798399133
 -0.26954020614220658
 -0.23110989256795289
 -0.19264477469398134
 -0.15415064519439386
 -0.11563330117461694
 -0.077098543236227154
 -0.038552174540821195
 1.483167834746319e-12
 0.038552174543787544
 0.077098543239193587
 0.11563330117758351
 0.1541506451973606
 0.19264477469694816
 0.23110989257091985
 0.26954020614517382
 0.30792992798695901
 0.34627327671417785
 0.38456447792861054
 0.42279776514723039
 0.46096738060856435
 0.49906757607784941
 0.53709261377510409
 0.57503676730033926
 0.61289432243431186
 0.65065957793759521
 0.68832684647125952
 0.72589045551375286
 0.76334474815411646
 0.80068408388304457
 0.83790283950395783
 0.87499541003934245
 0.91195620951451795
 0.94877967173878053
 0.98546025120467384
 1.0219924239816043
 1.058370688488272
 1.0945895662620166
 1.1306436028441176
 1.1665273686585336
 1.2022354597711371
 1.2377624986454074
 1.2731031350116286
 1.3082520467286367
 1.3432039405280267
 1.3779535527543727
 1.4124956502162331
 1.4468250310288249
 1.4809365253414131
 1.5148249960602751
 1.5484853396794589
 1.5819124871023589
 1.6151014043505327
 1.6480470932676698
 1.680744592328101
 1.7131889774352949
 1.7453753626103976
 1.7772989006755058
 1.808954784037984
 1.8403382454639561
 1.8714445587449065
 1.9022690393586184
 1.9328070452273975
 1.9630539774647069
 1.9930052810182208
 2.0226564453068288
 2.0520030049509548
 2.0810405404905215
 2.1097646790029128
 2.1381710947145125
 2.1662555097013509
 2.1940136945766748
 2.2214414690823308
 2.2485347026733633
 2.2752893151873042
 2.3017012774996894
 2.3277666120874367
 2.3534813935850964
 2.3788417494211673
 2.4038438604399888
 2.428483961435751
 2.4527583416790568
 2.4766633455187415
 2.5001953729686273
 2.5233508802108866
 2.5461263800916512
 2.5685184426868708
 2.5905236958525331
 2.6121388256961615
 2.6333605770402735
 2.6541857539509226
 2.674611220250052
 2.694633899953994
 2.7142507777036586
 2.7334588992544897
 2.7522553719497136
 2.7706373651247831
 2.7886021105032652
 2.8061469026470283
 2.8232690993892442
 2.839966122203808
 2.8562354565659676
 2.8720746523616478
 2.8874813242791793
 2.902453152142793
 2.9169878812371266
 2.9310833226747044
 2.9447373537454387
 2.9579479182134021
 2.9707130266044275
 2.9830307565308614
 2.9948992529979934
 3.0063167286633927
 3.0172814640869037
 3.0277918080118957
 3.0378461776278805
 3.0474430587917856
 3.0565810062397496
 3.0652586438241869
