# Created by Octave 6.2.0, Sat Jul 31 20:29:42 2021 -03 <kuroneko@kuroneko-VirtualBox>
# name: xl
# type: matrix
# rows: 65
# columns: 1
 0
 0.015625
 0.03125
 0.046875
 0.0625
 0.078125
 0.09375
 0.109375
 0.125
 0.140625
 0.15625
 0.171875
 0.1875
 0.203125
 0.21875
 0.234375
 0.25
 0.265625
 0.28125
 0.296875
 0.3125
 0.328125
 0.34375
 0.359375
 0.375
 0.390625
 0.40625
 0.421875
 0.4375
 0.453125
 0.46875
 0.484375
 0.5
 0.515625
 0.53125
 0.546875
 0.5625
 0.578125
 0.59375
 0.609375
 0.625
 0.640625
 0.65625
 0.671875
 0.6875
 0.703125
 0.71875
 0.734375
 0.75
 0.765625
 0.78125
 0.796875
 0.8125
 0.828125
 0.84375
 0.859375
 0.875
 0.890625
 0.90625
 0.921875
 0.9375
 0.953125
 0.96875
 0.984375
 1


# name: h
# type: scalar
0.0625


# name: u
# type: matrix
# rows: 65
# columns: 1
 -6.2831853071807595
 -6.1292498840611724
 -5.9722797083502623
 -5.8122199189576156
 -5.6490286140112529
 -5.4826767493253898
 -5.3131480040585091
 -5.1404385931375947
 -4.9645570902503939
 -4.785524222556556
 -4.6033726173000309
 -4.4181464982035319
 -4.2299014089633751
 -4.0387039106520426
 -3.8446312173736006
 -3.6477707866756055
 -3.4482199527786443
 -3.2460855369174713
 -3.0414833844585689
 -2.8345378635108767
 -2.625381420642158
 -2.4141541178003831
 -2.2010030871533703
 -1.9860819556566884
 -1.7695503390284406
 -1.5515733217524215
 -1.332320849103767
 -1.1119670983151351
 -0.89068992898467492
 -0.66867032487809086
 -0.44609174504860755
 -0.2231394643205383
 -1.4095430208495064e-14
 0.22313946432051027
 0.44609174504858018
 0.66867032487806444
 0.89068992898464971
 1.1119670983151104
 1.3323208491037435
 1.5515733217523997
 1.7695503390284213
 1.9860819556566709
 2.2010030871533544
 2.4141541178003685
 2.6253814206421451
 2.8345378635108638
 3.0414833844585569
 3.2460855369174602
 3.4482199527786346
 3.6477707866755926
 3.8446312173735837
 4.0387039106520213
 4.2299014089633502
 4.4181464982035035
 4.6033726172999971
 4.7855242225565151
 4.964557090250346
 5.140438593137544
 5.313148004058454
 5.4826767493253294
 5.6490286140111872
 5.8122199189575499
 5.9722797083501948
 6.1292498840611014
 6.2831853071806858


# name: p
# type: matrix
# rows: 65
# columns: 1
 9.7561335387293671
 9.9512449615075251
 10.143691070000893
 10.333188181179809
 10.519452993626425
 10.702203299769838
 10.881158804086548
 11.056041927393505
 11.226578496919805
 11.392498426467544
 11.553536492350629
 11.709433082963494
 11.859934837094418
 12.004795266396417
 12.143775459826793
 12.276644750227261
 12.403181276799959
 12.523172526401472
 12.636415939892208
 12.742719470553688
 12.841902049477214
 12.933794025228863
 13.018237649190334
 13.095087504699816
 13.164210857751774
 13.225487978404288
 13.278812486749073
 13.324091636537265
 13.3612465379159
 13.390212348413437
 13.410938466440875
 13.42338865866463
 13.427541146344049
 13.423388658664594
 13.410938466440813
 13.39021234841336
 13.361246537915815
 13.324091636537167
 13.278812486748961
 13.225487978404166
 13.164210857751648
 13.09508750469969
 13.018237649190223
 12.933794025228769
 12.841902049477138
 12.74271947055361
 12.636415939892119
 12.523172526401369
 12.403181276799845
 12.276644750227147
 12.143775459826671
 12.004795266396279
 11.859934837094265
 11.70943308296334
 11.553536492350469
 11.392498426467379
 11.226578496919632
 11.056041927393315
 10.881158804086349
 10.702203299769641
 10.519452993626235
 10.333188181179635
 10.143691070000742
 9.9512449615073901
 9.7561335387292356


# name: x
# type: range
# base, limit, increment
0 1 0.015625


# name: exata
# type: matrix
# rows: 65
# columns: 1
 0
 0.049067674327418015
 0.098017140329560604
 0.14673047445536175
 0.19509032201612825
 0.24298017990326387
 0.29028467725446233
 0.33688985339222005
 0.38268343236508978
 0.42755509343028208
 0.47139673682599764
 0.51410274419322166
 0.55557023301960218
 0.59569930449243336
 0.63439328416364549
 0.67155895484701833
 0.70710678118654746
 0.74095112535495911
 0.77301045336273699
 0.80320753148064483
 0.83146961230254524
 0.85772861000027212
 0.88192126434835494
 0.90398929312344334
 0.92387953251128674
 0.94154406518302081
 0.95694033573220894
 0.97003125319454397
 0.98078528040323043
 0.98917650996478101
 0.99518472667219682
 0.99879545620517241
 1
 0.99879545620517241
 0.99518472667219693
 0.98917650996478101
 0.98078528040323043
 0.97003125319454397
 0.95694033573220894
 0.94154406518302081
 0.92387953251128674
 0.90398929312344345
 0.88192126434835505
 0.85772861000027212
 0.83146961230254546
 0.80320753148064494
 0.7730104533627371
 0.74095112535495899
 0.70710678118654757
 0.67155895484701855
 0.63439328416364549
 0.59569930449243347
 0.55557023301960218
 0.51410274419322177
 0.47139673682599786
 0.42755509343028203
 0.38268343236508989
 0.33688985339222033
 0.29028467725446239
 0.24298017990326407
 0.19509032201612861
 0.1467304744553618
 0.098017140329560826
 0.049067674327417966
 1.2246467991473532e-16


