# Created by Octave 6.2.0, Wed Aug 04 01:17:18 2021 -03 <kuroneko@kuroneko-VirtualBox>
# name: xl
# type: matrix
# rows: 65
# columns: 1
 0
 0.015625
 0.03125
 0.046875
 0.0625
 0.078125
 0.09375
 0.109375
 0.125
 0.140625
 0.15625
 0.171875
 0.1875
 0.203125
 0.21875
 0.234375
 0.25
 0.265625
 0.28125
 0.296875
 0.3125
 0.328125
 0.34375
 0.359375
 0.375
 0.390625
 0.40625
 0.421875
 0.4375
 0.453125
 0.46875
 0.484375
 0.5
 0.515625
 0.53125
 0.546875
 0.5625
 0.578125
 0.59375
 0.609375
 0.625
 0.640625
 0.65625
 0.671875
 0.6875
 0.703125
 0.71875
 0.734375
 0.75
 0.765625
 0.78125
 0.796875
 0.8125
 0.828125
 0.84375
 0.859375
 0.875
 0.890625
 0.90625
 0.921875
 0.9375
 0.953125
 0.96875
 0.984375
 1


# name: h
# type: scalar
0.0625


# name: u
# type: matrix
# rows: 65
# columns: 1
 -3.1415926535897145
 -3.1378084662585177
 -3.1264650260554365
 -3.1075896585469742
 -3.0812278316636399
 -3.0474430543148934
 -3.0063167284458401
 -2.9579479230137982
 -2.902453152139219
 -2.8399661148197173
 -2.7706373649239318
 -2.6946339076355255
 -2.6121388256925853
 -2.5233508702033802
 -2.4284839612593458
 -2.3277666223549391
 -2.2214414690789299
 -2.1097646667566128
 -1.993005280873072
 -1.8714445712038252
 -1.7453753626073101
 -1.615101390336054
 -1.4809365252330928
 -1.3432039546995631
 -1.202235459768479
 -1.0583706732441813
 -0.91195620944718192
 -0.76334476349365576
 -0.61289432243215924
 -0.46096736472064592
 -0.30792992796314866
 -0.15415066111536016
 1.3549998343905472e-13
 0.15415066111563139
 0.30792992796342022
 0.46096736472091798
 0.61289432243243192
 0.76334476349392932
 0.91195620944745648
 1.0583706732444571
 1.2022354597687563
 1.3432039546998422
 1.4809365252333733
 1.6151013903363356
 1.7453753626075934
 1.8714445712041079
 1.9930052808733536
 2.1097646667568934
 2.2214414690792101
 2.3277666223552176
 2.4284839612596225
 2.5233508702036551
 2.6121388256928579
 2.6946339076357941
 2.7706373649241955
 2.8399661148199771
 2.9024531521394756
 2.9579479230140509
 3.0063167284460892
 3.0474430543151381
 3.0812278316638801
 3.1075896585472118
 3.1264650260556728
 3.1378084662587535
 3.1415926535899512


# name: p
# type: matrix
# rows: 65
# columns: 1
 7.7021109765091049e-13
 0.049067679393454723
 0.098017140336128752
 0.14673046939684187
 0.19509032201689619
 0.24298018478062386
 0.29028467727240725
 0.33688984853410636
 0.38268343236585906
 0.42755509793156271
 0.4713967368546601
 0.51410273972223863
 0.55557023302037312
 0.59569930844468355
 0.63439328420195507
 0.67155895093501461
 0.70710678118732162
 0.74095112860632673
 0.77301045340925179
 0.80320752827798669
 0.83146961230332295
 0.85772861242583942
 0.88192126440131779
 0.90398929075323686
 0.92387953251206811
 0.94154406668960444
 0.95694033578961435
 0.97003125174790505
 0.98078528040401491
 0.98917651049451283
 0.99518472673186842
 0.99879545573772543
 1.0000000000007898
 0.99879545573772832
 0.99518472673187375
 0.98917651049451993
 0.98078528040402291
 0.9700312517479146
 0.95694033578962401
 0.94154406668961443
 0.9238795325120791
 0.90398929075324863
 0.88192126440132934
 0.8577286124258503
 0.83146961230333316
 0.80320752827799569
 0.77301045340925967
 0.74095112860633316
 0.70710678118732562
 0.67155895093501616
 0.63439328420195384
 0.59569930844467911
 0.55557023302036501
 0.51410273972222686
 0.47139673685464456
 0.4275550979315435
 0.3826834323658358
 0.33688984853407933
 0.29028467727237667
 0.24298018478058989
 0.19509032201685886
 0.14673046939680093
 0.098017140336084232
 0.04906767939340663
 7.185363415371409e-13


# name: x
# type: range
# base, limit, increment
0 1 0.015625


# name: exata
# type: matrix
# rows: 65
# columns: 1
 0
 0.049067674327418015
 0.098017140329560604
 0.14673047445536175
 0.19509032201612825
 0.24298017990326387
 0.29028467725446233
 0.33688985339222005
 0.38268343236508978
 0.42755509343028208
 0.47139673682599764
 0.51410274419322166
 0.55557023301960218
 0.59569930449243336
 0.63439328416364549
 0.67155895484701833
 0.70710678118654746
 0.74095112535495911
 0.77301045336273699
 0.80320753148064483
 0.83146961230254524
 0.85772861000027212
 0.88192126434835494
 0.90398929312344334
 0.92387953251128674
 0.94154406518302081
 0.95694033573220894
 0.97003125319454397
 0.98078528040323043
 0.98917650996478101
 0.99518472667219682
 0.99879545620517241
 1
 0.99879545620517241
 0.99518472667219693
 0.98917650996478101
 0.98078528040323043
 0.97003125319454397
 0.95694033573220894
 0.94154406518302081
 0.92387953251128674
 0.90398929312344345
 0.88192126434835505
 0.85772861000027212
 0.83146961230254546
 0.80320753148064494
 0.7730104533627371
 0.74095112535495899
 0.70710678118654757
 0.67155895484701855
 0.63439328416364549
 0.59569930449243347
 0.55557023301960218
 0.51410274419322177
 0.47139673682599786
 0.42755509343028203
 0.38268343236508989
 0.33688985339222033
 0.29028467725446239
 0.24298017990326407
 0.19509032201612861
 0.1467304744553618
 0.098017140329560826
 0.049067674327417966
 1.2246467991473532e-16


