# Created by Octave 6.2.0, Wed Aug 04 01:17:20 2021 -03 <kuroneko@kuroneko-VirtualBox>
# name: xl
# type: matrix
# rows: 129
# columns: 1
 0
 0.0078125
 0.015625
 0.0234375
 0.03125
 0.0390625
 0.046875
 0.0546875
 0.0625
 0.0703125
 0.078125
 0.0859375
 0.09375
 0.1015625
 0.109375
 0.1171875
 0.125
 0.1328125
 0.140625
 0.1484375
 0.15625
 0.1640625
 0.171875
 0.1796875
 0.1875
 0.1953125
 0.203125
 0.2109375
 0.21875
 0.2265625
 0.234375
 0.2421875
 0.25
 0.2578125
 0.265625
 0.2734375
 0.28125
 0.2890625
 0.296875
 0.3046875
 0.3125
 0.3203125
 0.328125
 0.3359375
 0.34375
 0.3515625
 0.359375
 0.3671875
 0.375
 0.3828125
 0.390625
 0.3984375
 0.40625
 0.4140625
 0.421875
 0.4296875
 0.4375
 0.4453125
 0.453125
 0.4609375
 0.46875
 0.4765625
 0.484375
 0.4921875
 0.5
 0.5078125
 0.515625
 0.5234375
 0.53125
 0.5390625
 0.546875
 0.5546875
 0.5625
 0.5703125
 0.578125
 0.5859375
 0.59375
 0.6015625
 0.609375
 0.6171875
 0.625
 0.6328125
 0.640625
 0.6484375
 0.65625
 0.6640625
 0.671875
 0.6796875
 0.6875
 0.6953125
 0.703125
 0.7109375
 0.71875
 0.7265625
 0.734375
 0.7421875
 0.75
 0.7578125
 0.765625
 0.7734375
 0.78125
 0.7890625
 0.796875
 0.8046875
 0.8125
 0.8203125
 0.828125
 0.8359375
 0.84375
 0.8515625
 0.859375
 0.8671875
 0.875
 0.8828125
 0.890625
 0.8984375
 0.90625
 0.9140625
 0.921875
 0.9296875
 0.9375
 0.9453125
 0.953125
 0.9609375
 0.96875
 0.9765625
 0.984375
 0.9921875
 1


# name: h
# type: scalar
0.03125


# name: u
# type: matrix
# rows: 129
# columns: 1
 -3.1415926535899472
 -3.1406464645967662
 -3.1378084676497764
 -3.1330803722244576
 -3.126465026278439
 -3.1179664146632233
 -3.1075896568058536
 -3.0953410031517343
 -3.0812278316642137
 -3.0652586437026308
 -3.0474430587855594
 -3.0277918081331228
 -3.0063167286605679
 -2.9830307563623331
 -2.9579479182073003
 -2.9310833228427948
 -2.9024531521399992
 -2.8720746521477558
 -2.8399661221978718
 -2.806146902860343
 -2.7706373651220204
 -2.7334588989972692
 -2.6946338999482577
 -2.6541857542073903
 -2.6121388256934477
 -2.5685184423887875
 -2.5233508802053946
 -2.4766633458158789
 -2.4284839614330949
 -2.3788417490850762
 -2.3277666120822285
 -2.2752893155222376
 -2.2214414690797484
 -2.1662555093304792
 -2.1097646789980273
 -2.0520030053204454
 -1.9930052810157226
 -1.9328070448253019
 -1.8714445587403756
 -1.8089547844384601
 -1.7453753626079942
 -1.680744591898639
 -1.6151014043463832
 -1.5484853401070466
 -1.480936525339112
 -1.412495649763527
 -1.3432039405242866
 -1.2731031354621993
 -1.2022354597689504
 -1.1306436023725179
 -1.0583706884849693
 -0.98546025167387796
 -0.91195620951245338
 -0.83790283901799034
 -0.76334474815126341
 -0.6883268469545577
 -0.61289432243236885
 -0.5370926132794287
 -0.4609673806061696
 -0.38456447842133068
 -0.30792992798513891
 -0.23110989207029337
 -0.1541506451954307
 -0.077098543736573655
 2.1351061901942674e-13
 0.077098543737000716
 0.15415064519585781
 0.23110989207072058
 0.30792992798556634
 0.38456447842175845
 0.46096738060659759
 0.53709261327985702
 0.61289432243279762
 0.68832684695498703
 0.76334474815169306
 0.83790283901842
 0.91195620951288281
 0.98546025167430751
 1.0583706884853992
 1.1306436023729485
 1.2022354597693818
 1.273103135462631
 1.3432039405247185
 1.4124956497639587
 1.4809365253395435
 1.5484853401074785
 1.6151014043468153
 1.6807445918990711
 1.7453753626084265
 1.8089547844388938
 1.8714445587408104
 1.9328070448257373
 1.9930052810161589
 2.0520030053208829
 2.1097646789984648
 2.1662555093309166
 2.2214414690801867
 2.275289315522675
 2.327766612082665
 2.3788417490855118
 2.4284839614335305
 2.476663345816315
 2.5233508802058311
 2.568518442389224
 2.6121388256938851
 2.6541857542078282
 2.6946338999486956
 2.7334588989977067
 2.7706373651224583
 2.8061469028607817
 2.8399661221983101
 2.8720746521481937
 2.9024531521404375
 2.9310833228432309
 2.9579479182077342
 2.9830307563627652
 3.0063167286609982
 3.0277918081335491
 3.0474430587859827
 3.0652586437030518
 3.0812278316646324
 3.0953410031521518
 3.1075896568062698
 3.1179664146636377
 3.126465026278852
 3.1330803722248679
 3.1378084676501827
 3.140646464597169
 3.1415926535903473


# name: p
# type: matrix
# rows: 129
# columns: 1
 -2.6204929864250045e-12
 0.024541228679146435
 0.049067674324844587
 0.073564563438242192
 0.098017140326942503
 0.12241067535396863
 0.14673047445287896
 0.17096188860045147
 0.19509032201350854
 0.21910124030862083
 0.24298017990086646
 0.2667127573181346
 0.29028467725183749
 0.31368174054615128
 0.3368898533899029
 0.35989503638279213
 0.3826834323624575
 0.40524131414631331
 0.4275550934280411
 0.44961132950841781
 0.47139673682335698
 0.49289819236378341
 0.5141027441910514
 0.5349976197482964
 0.55557023301695163
 0.57580819154320328
 0.59569930449032815
 0.61523159045052445
 0.63439328416098395
 0.65317284306925949
 0.67155895484497119
 0.68954054461688785
 0.70710678118387316
 0.7242470830559351
 0.74095112535296415
 0.75720884639736308
 0.77301045336005381
 0.78834642771903396
 0.80320753147870261
 0.81758481305455111
 0.83146961229985783
 0.84485356532918021
 0.85772860999837408
 0.87008699102467324
 0.88192126434565921
 0.89322430126123786
 0.90398929312157827
 0.91420975563326845
 0.92387953250858312
 0.93299279888605502
 0.94154406518118428
 0.949528180537204
 0.95694033572949988
 0.96377606583183095
 0.97003125319272976
 0.97570212999764017
 0.98078528040051949
 0.98527764241003535
 0.98917650996298556
 0.99247953457313787
 0.99518472666948643
 0.99729045668425775
 0.99879545620338406
 0.99969881868616473
 0.99999999999728639
 0.99969881868616273
 0.99879545620338084
 0.99729045668425342
 0.99518472666948032
 0.99247953457312921
 0.98917650996297479
 0.9852776424100228
 0.9807852804005055
 0.97570212999762451
 0.97003125319271266
 0.96377606583181286
 0.95694033572948023
 0.94952818053718202
 0.94154406518115952
 0.93299279888602715
 0.92387953250855193
 0.91420975563323303
 0.90398929312153842
 0.89322430126119312
 0.88192126434560913
 0.87008699102461873
 0.85772860999831613
 0.84485356532911993
 0.83146961229979544
 0.81758481305448705
 0.80320753147863722
 0.78834642771896768
 0.77301045335998675
 0.75720884639729513
 0.74095112535289454
 0.72424708305586349
 0.70710678118379955
 0.68954054461681269
 0.67155895484489325
 0.653172843069178
 0.63439328416089913
 0.61523159045043652
 0.595699304490237
 0.57580819154310925
 0.55557023301685482
 0.53499761974819693
 0.51410274419094948
 0.49289819236367916
 0.47139673682325062
 0.44961132950830945
 0.42755509342793085
 0.40524131414620118
 0.38268343236234331
 0.35989503638267567
 0.33688985338978378
 0.31368174054602921
 0.29028467725171248
 0.26671275731800659
 0.24298017990073542
 0.21910124030848663
 0.19509032201337093
 0.17096188860031075
 0.14673047445273513
 0.12241067535382173
 0.098017140326792623
 0.073564563438089314
 0.049067674324688643
 0.024541228678987403
 -2.7826629889268986e-12


# name: x
# type: range
# base, limit, increment
0 1 0.0078125


