# Created by Octave 6.3.0, Sat Sep 25 14:29:12 2021 -03 <kuroneko@kuroneko-VirtualBox>
# name: beta
# type: scalar
0


# name: Lambda
# type: matrix
# rows: 65
# columns: 1
 1
 0.99879545620517152
 0.99518472667219526
 0.98917650996477857
 0.98078528040322754
 0.97003125319454064
 0.95694033573220483
 0.94154406518301625
 0.92387953251128174
 0.90398929312343801
 0.8819212643483495
 0.85772861000026634
 0.83146961230253935
 0.80320753148063873
 0.77301045336273044
 0.74095112535495256
 0.70710678118654102
 0.67155895484701167
 0.63439328416363849
 0.59569930449242603
 0.55557023301959463
 0.514102744193214
 0.4713967368259897
 0.42755509343027387
 0.38268343236508134
 0.3368898533922115
 0.29028467725445373
 0.24298017990325513
 0.19509032201611937
 0.14673047445535276
 0.098017140329551514
 0.049067674327408842
 -9.2287804709949421e-15
 -0.049067674327427285
 -0.098017140329569888
 -0.14673047445537105
 -0.19509032201613752
 -0.24298017990327314
 -0.29028467725447155
 -0.33688985339222915
 -0.38268343236509866
 -0.42755509343029074
 -0.47139673682600614
 -0.51410274419322999
 -0.55557023301961028
 -0.59569930449244113
 -0.63439328416365304
 -0.67155895484702555
 -0.70710678118655446
 -0.74095112535496577
 -0.77301045336274332
 -0.80320753148065094
 -0.8314696123025509
 -0.85772861000027734
 -0.88192126434835993
 -0.90398929312344789
 -0.92387953251129074
 -0.94154406518302425
 -0.95694033573221193
 -0.97003125319454653
 -0.98078528040323265
 -0.98917650996478268
 -0.99518472667219804
 -0.99879545620517307
 -1


# name: nen
# type: scalar
3


# name: nel
# type: scalar
64


# name: h
# type: scalar
0.015625


# name: xl
# type: matrix
# rows: 129
# columns: 1
 0
 0.0078125
 0.015625
 0.0234375
 0.03125
 0.0390625
 0.046875
 0.0546875
 0.0625
 0.0703125
 0.078125
 0.0859375
 0.09375
 0.1015625
 0.109375
 0.1171875
 0.125
 0.1328125
 0.140625
 0.1484375
 0.15625
 0.1640625
 0.171875
 0.1796875
 0.1875
 0.1953125
 0.203125
 0.2109375
 0.21875
 0.2265625
 0.234375
 0.2421875
 0.25
 0.2578125
 0.265625
 0.2734375
 0.28125
 0.2890625
 0.296875
 0.3046875
 0.3125
 0.3203125
 0.328125
 0.3359375
 0.34375
 0.3515625
 0.359375
 0.3671875
 0.375
 0.3828125
 0.390625
 0.3984375
 0.40625
 0.4140625
 0.421875
 0.4296875
 0.4375
 0.4453125
 0.453125
 0.4609375
 0.46875
 0.4765625
 0.484375
 0.4921875
 0.5
 0.5078125
 0.515625
 0.5234375
 0.53125
 0.5390625
 0.546875
 0.5546875
 0.5625
 0.5703125
 0.578125
 0.5859375
 0.59375
 0.6015625
 0.609375
 0.6171875
 0.625
 0.6328125
 0.640625
 0.6484375
 0.65625
 0.6640625
 0.671875
 0.6796875
 0.6875
 0.6953125
 0.703125
 0.7109375
 0.71875
 0.7265625
 0.734375
 0.7421875
 0.75
 0.7578125
 0.765625
 0.7734375
 0.78125
 0.7890625
 0.796875
 0.8046875
 0.8125
 0.8203125
 0.828125
 0.8359375
 0.84375
 0.8515625
 0.859375
 0.8671875
 0.875
 0.8828125
 0.890625
 0.8984375
 0.90625
 0.9140625
 0.921875
 0.9296875
 0.9375
 0.9453125
 0.953125
 0.9609375
 0.96875
 0.9765625
 0.984375
 0.9921875
 1


# name: U
# type: matrix
# rows: 64
# columns: 3
 4.2715830872452892e-14 0.07709643205848539 0.1541506451958099
 0.15415064519581598 0.23110356411774705 0.30792992798530511
 0.30792992798528895 0.38455394744872068 0.46096738060677178
 0.46096738060676673 0.53707790663733646 0.61289432243238418
 0.61289432243239306 0.68830799810638965 0.76334474815206821
 0.76334474815208275 0.83787989531935758 0.91195620951236278
 0.91195620951237599 0.98543326647492679 1.0583706884860191
 1.0583706884860213 1.1306126425777432 1.2022354597687706
 1.2022354597687348 1.2730682737946197 1.3432039405255172
 1.3432039405255345 1.4124569720323672 1.4809365253388225
 1.4809365253388433 1.548442937707895 1.6151014043478584
 1.6151014043478733 1.6806985687188023 1.7453753626076247
 1.7453753626076582 1.8089052496659159 1.8714445587420778
 1.871444558742098 1.9327541194252233 1.9930052810153314
 1.9930052810152903 2.0519468152214753 2.1097646789999178
 2.109764678999928 2.1661961914106276 2.2214414690792794
 2.2214414690792985 2.2752270112382544 2.327766612084329
 2.3277666120843521 2.3787766099094889 2.4284839614326166
 2.4284839614326121 2.4765955273712104 2.5233508802076958
 2.5233508802077207 2.5684481092833411 2.6121388256929574
 2.6121388256929698 2.6541130747307333 2.6946338999507637
 2.6946338999507624 2.7333840493082082 2.770637365121531
 2.7706373651215586 2.8060700622948187 2.8399661222005785
 2.8399661222005701 2.871996006718581 2.9024531521395587
 2.9024531521395547 2.9310030612050326 2.9579479182101638
 2.957947918210178 2.9829490725915084 3.0063167286601877
 3.00631672866019 3.0277088983866465 3.0474430587886108
 3.0474430587886125 3.0651747082495699 3.0812278316639308
 3.0812278316639299 3.0952562437627251 3.1075896568090786
 3.1075896568090799 3.1178810358722209 3.1264650262782743
 3.1264650262782783 3.1329945794721903 3.1378084676531728
 3.1378084676531688 3.1405604647122844 3.1415926535899272
 3.1415926535899255 3.1405604647122862 3.1378084676531688
 3.1378084676531666 3.1329945794721841 3.1264650262782712
 3.1264650262782716 3.11788103587222 3.1075896568090791
 3.107589656809068 3.0952562437627194 3.0812278316639192
 3.0812278316639139 3.0651747082495429 3.0474430587886037
 3.0474430587886037 3.0277088983866212 3.0063167286601802
 3.0063167286601735 2.9829490725915071 2.9579479182101656
 2.9579479182101411 2.9310030612050251 2.9024531521395356
 2.9024531521395316 2.8719960067185797 2.8399661222005452
 2.8399661222005497 2.8060700622948054 2.7706373651215168
 2.7706373651214911 2.73338404930819 2.6946338999507295
 2.6946338999507171 2.6541130747306951 2.612138825692913
 2.6121388256929357 2.5684481092833367 2.5233508802076998
 2.5233508802076727 2.4765955273712046 2.4284839614325811
 2.4284839614325713 2.3787766099094716 2.3277666120843032
 2.3277666120843348 2.2752270112383237 2.2214414690792919
 2.2214414690793052 2.1661961914106738 2.1097646789999303
 2.1097646789999063 2.0519468152214708 1.993005281015285
 1.9930052810152563 1.9327541194251505 1.8714445587420314
 1.8714445587420505 1.8089052496658933 1.7453753626076165
 1.7453753626076067 1.6806985687188045 1.6151014043478309
 1.6151014043478242 1.5484429377078432 1.480936525338814
 1.4809365253387854 1.4124569720323814 1.3432039405255083
 1.3432039405254779 1.273068273794622 1.2022354597687035
 1.2022354597686922 1.1306126425777083 1.0583706884859709
 1.0583706884859665 0.98543326647487128 0.91195620951231471
 0.91195620951230982 0.83787989531936058 0.76334474815202003
 0.76334474815203712 0.68830799810640386 0.61289432243233599
 0.61289432243230779 0.5370779066372402 0.46096738060670406
 0.46096738060672249 0.38455394744871058 0.30792992798523733
 0.30792992798519064 0.23110356411762364 0.15415064519570332
 0.15415064519571098 0.077096432058410713 -2.4217212173299356e-14


