# Created by Octave 6.3.0, Sat Sep 25 14:29:11 2021 -03 <kuroneko@kuroneko-VirtualBox>
# name: beta
# type: scalar
0


# name: Lambda
# type: matrix
# rows: 17
# columns: 1
 1
 0.98078528038816826
 0.92387953248652888
 0.83146961227314675
 0.70710678115705816
 0.55557023299389108
 0.38268343234619662
 0.19509032200614707
 -1.7023419710919068e-15
 -0.19509032200615037
 -0.38268343234619967
 -0.55557023299389385
 -0.70710678115706072
 -0.83146961227314875
 -0.9238795324865301
 -0.98078528038816881
 -1


# name: nen
# type: scalar
3


# name: nel
# type: scalar
16


# name: h
# type: scalar
0.0625


# name: xl
# type: matrix
# rows: 33
# columns: 1
 0
 0.03125
 0.0625
 0.09375
 0.125
 0.15625
 0.1875
 0.21875
 0.25
 0.28125
 0.3125
 0.34375
 0.375
 0.40625
 0.4375
 0.46875
 0.5
 0.53125
 0.5625
 0.59375
 0.625
 0.65625
 0.6875
 0.71875
 0.75
 0.78125
 0.8125
 0.84375
 0.875
 0.90625
 0.9375
 0.96875
 1


# name: U
# type: matrix
# rows: 16
# columns: 3
 2.8476770941310287e-10 0.30779491461827313 0.61289432273454858
 0.61289432273455891 0.91155635734083273 1.2022354600876781
 1.2022354600876819 1.4802872004683931 1.7453753629419968
 1.7453753629419884 1.9921314366475225 2.2214414694271682
 2.2214414694271816 2.4274191789274457 2.6121388260519454
 2.6121388260519454 2.7694225634844694 2.902453152506808
 2.9024531525068085 3.0049985920477957 3.0812278320362587
 3.0812278320362569 3.1250942099522936 3.1415926539639747
 3.1415926539639738 3.1250942099522931 3.0812278320362569
 3.0812278320362561 3.0049985920477975 2.9024531525068062
 2.9024531525068031 2.7694225634844671 2.6121388260519391
 2.6121388260519365 2.427419178927436 2.2214414694271714
 2.2214414694271727 1.9921314366475329 1.7453753629419946
 1.745375362941989 1.4802872004683891 1.202235460087671
 1.2022354600876617 0.91155635734080409 0.61289432273454147
 0.61289432273453781 0.30779491461826514 2.84764962179851e-10


# name: P
# type: matrix
# rows: 16
# columns: 3
 1.0000007543815981 0.99518498396297939 0.9807804191318138
 0.98079162141725718 0.95694058312278241 0.92386924240757717
 0.92389121648091677 0.88192149233608452 0.83145428881356154
 0.83148619022348169 0.77301065318994344 0.70708701318879763
 0.70712761598200624 0.63439344815415954 0.55554678018888937
 0.55559452402281329 0.4713968586801493 0.38265719598259751
 0.3827102460884742 0.2902847522911749 0.19506231033269023
 0.1951186280247017 0.098017165666241149 -2.8710510414471595e-05
 2.8710510411089629e-05 -0.098017165666244466 -0.19511862802470495
 -0.1950623103326935 -0.29028475229117801 -0.38271024608847715
 -0.38265719598260062 -0.47139685868015224 -0.55559452402281595
 -0.55554678018889225 -0.6343934481541621 -0.70712761598200846
 -0.70708701318879996 -0.77301065318994566 -0.8314861902234838
 -0.83145428881356342 -0.88192149233608608 -0.92389121648091799
 -0.92386924240757851 -0.95694058312278329 -0.98079162141725762
 -0.98078041913181435 -0.99518498396297961 -1.0000007543815981


# name: x
# type: range
# base, limit, increment
0 1 0.03125


# name: exata
# type: matrix
# rows: 33
# columns: 1
 1
 0.99518472667219693
 0.98078528040323043
 0.95694033573220882
 0.92387953251128674
 0.88192126434835505
 0.83146961230254524
 0.77301045336273699
 0.70710678118654757
 0.63439328416364549
 0.55557023301960229
 0.47139673682599781
 0.38268343236508984
 0.29028467725446233
 0.19509032201612833
 0.09801714032956077
 6.123233995736766e-17
 -0.098017140329560645
 -0.19509032201612819
 -0.29028467725446216
 -0.38268343236508973
 -0.4713967368259977
 -0.55557023301960196
 -0.63439328416364538
 -0.70710678118654746
 -0.77301045336273699
 -0.83146961230254535
 -0.88192126434835494
 -0.92387953251128674
 -0.95694033573220882
 -0.98078528040323043
 -0.99518472667219682
 -1


