# Created by Octave 6.3.0, Sat Sep 25 14:29:11 2021 -03 <kuroneko@kuroneko-VirtualBox>
# name: beta
# type: scalar
0


# name: Lambda
# type: matrix
# rows: 5
# columns: 1
 1
 0.7071066570032366
 -2.2204460492503131e-16
 -0.70710665700323694
 -1


# name: nen
# type: scalar
3


# name: nel
# type: scalar
4


# name: h
# type: scalar
0.25


# name: xl
# type: matrix
# rows: 9
# columns: 1
 0
 0.125
 0.25
 0.375
 0.5
 0.625
 0.75
 0.875
 1


# name: U
# type: matrix
# rows: 4
# columns: 3
 1.1992201308282562e-06 1.1937011196781111 2.2214429324531362
 2.221442932453138 2.8818477365934787 3.1415942263798433
 3.1415942263798415 2.8818477365934756 2.2214429324531366
 2.2214429324531371 1.1937011196781133 1.1992201314690445e-06


# name: P
# type: matrix
# rows: 4
# columns: 3
 1.0002069951003083 0.9239423766952235 0.70593066787285386
 0.70857538141182064 0.38270942690594301 -0.0018700948776993168
 0.0018700948776988469 -0.38270942690594328 -0.70857538141182075
 -0.70593066787285408 -0.92394237669522361 -1.0002069951003083


# name: x
# type: range
# base, limit, increment
0 1 0.125


# name: exata
# type: matrix
# rows: 9
# columns: 1
 1
 0.92387953251128674
 0.70710678118654757
 0.38268343236508984
 6.123233995736766e-17
 -0.38268343236508973
 -0.70710678118654746
 -0.92387953251128674
 -1


