# Created by Octave 6.2.0, Tue Jun 01 00:44:12 2021 -03 <kuroneko@kuroneko-VirtualBox>
# name: uu
# type: matrix
# rows: 16
# columns: 2
 0.001430132301527353 0.067003660969763276
 0.49896187494165956 0.74998527425180495
 0.99856986769847245 0.93299633903023782
 0.50103812505834178 0.25001472574819739
 0.0014301323015272586 0.067003660969761875
 0.49896187494165611 0.7499852742518025
 0.99856986769847245 0.93299633903023838
 0.50103812505834344 0.25001472574819811
 0.0014301323015272398 0.067003660969761555
 0.49896187494165622 0.74998527425180139
 0.99856986769847245 0.93299633903023893
 0.50103812505834366 0.25001472574819916
 0.0014301323015272335 0.067003660969761084
 0.49896187494165545 0.74998527425180062
 0.99856986769847267 0.93299633903023971
 0.50103812505834533 0.25001472574820116


# name: x
# type: range
# base, limit, increment
-2 2 0.083333333333333329


# name: h
# type: scalar
0.25


# name: exata
# type: matrix
# rows: 49
# columns: 1
 5.9990391306474304e-32
 0.066987298107780632
 0.24999999999999967
 0.49999999999999928
 0.74999999999999911
 0.93301270189221874
 1
 0.93301270189221985
 0.75000000000000111
 0.50000000000000211
 0.25000000000000211
 0.066987298107781784
 6.4621228295612185e-30
 0.06698729810777948
 0.24999999999999806
 0.49999999999999789
 0.74999999999999778
 0.9330127018922183
 1
 0.93301270189222019
 0.75000000000000189
 0.50000000000000222
 0.250000000000002
 0.066987298107781812
 5.5427813966895752e-30
 0.06698729810777948
 0.24999999999999795
 0.49999999999999756
 0.74999999999999778
 0.93301270189221808
 1
 0.93301270189222063
 0.750000000000002
 0.50000000000000222
 0.25000000000000222
 0.066987298107781923
 5.4892306848366978e-30
 0.066987298107779342
 0.24999999999999784
 0.49999999999999722
 0.74999999999999722
 0.93301270189221763
 1
 0.9330127018922213
 0.75000000000000377
 0.50000000000000466
 0.25000000000000433
 0.066987298107783311
 2.1956922739346791e-29


# name: xl
# type: matrix
# rows: 49
# columns: 1
 -2
 -1.9166666666666667
 -1.8333333333333335
 -1.7500000000000002
 -1.666666666666667
 -1.5833333333333337
 -1.5000000000000004
 -1.4166666666666672
 -1.3333333333333339
 -1.2500000000000007
 -1.1666666666666674
 -1.0833333333333341
 -1.0000000000000009
 -0.91666666666666752
 -0.83333333333333415
 -0.75000000000000078
 -0.66666666666666741
 -0.58333333333333404
 -0.50000000000000067
 -0.41666666666666735
 -0.33333333333333404
 -0.25000000000000072
 -0.16666666666666741
 -0.083333333333334078
 -7.4940054162198066e-16
 0.083333333333332579
 0.16666666666666591
 0.24999999999999922
 0.33333333333333254
 0.41666666666666585
 0.49999999999999917
 0.58333333333333248
 0.66666666666666585
 0.74999999999999922
 0.83333333333333259
 0.91666666666666596
 0.99999999999999933
 1.0833333333333326
 1.1666666666666659
 1.2499999999999991
 1.3333333333333324
 1.4166666666666656
 1.4999999999999989
 1.5833333333333321
 1.6666666666666654
 1.7499999999999987
 1.8333333333333319
 1.9166666666666652
 1.9999999999999984


