# Created by Octave 6.2.0, Tue Jun 01 00:44:12 2021 -03 <kuroneko@kuroneko-VirtualBox>
# name: uu
# type: matrix
# rows: 64
# columns: 2
 6.98565333682356e-06 0.0042776553462286603
 0.038066264256415322 0.066987371490163483
 0.14645076668671175 0.19561933505546844
 0.30865993495717453 0.37059049564097929
 0.49999889362840044 0.56526308016507376
 0.69133802073467132 0.7499999523453289
 0.85354766866756671 0.89667659803622002
 0.96193288896342288 0.98296282755841313
 0.99999301434666332 0.99572234465377207
 0.96193373574358676 0.93301262850983968
 0.85354923331329191 0.80438066494453642
 0.69134006504283019 0.62940950435902687
 0.50000110637160555 0.43473691983493312
 0.30866197926533306 0.25000004765467709
 0.14645233133243779 0.10332340196378308
 0.038067111036579913 0.017037172441588529
 6.9856533367147323e-06 0.0042776553462272535
 0.038066264256411207 0.066987371490158321
 0.14645076668670451 0.19561933505546136
 0.30865993495716754 0.37059049564097146
 0.4999988936283935 0.56526308016506577
 0.69133802073466544 0.74999995234532357
 0.85354766866756271 0.89667659803621691
 0.96193288896342088 0.98296282755841191
 0.99999301434666332 0.99572234465377241
 0.96193373574358754 0.93301262850984079
 0.85354923331329391 0.80438066494453764
 0.69134006504283163 0.62940950435902809
 0.500001106371607 0.43473691983493423
 0.3086619792653339 0.25000004765467676
 0.14645233133243715 0.10332340196378324
 0.038067111036579469 0.017037172441588224
 6.9856533367214112e-06 0.0042776553462273723
 0.038066264256411741 0.066987371490158862
 0.14645076668670612 0.19561933505546161
 0.30865993495716865 0.37059049564097174
 0.49999889362839317 0.56526308016506543
 0.69133802073466533 0.74999995234532291
 0.85354766866756226 0.8966765980362168
 0.96193288896342011 0.98296282755841191
 0.99999301434666366 0.99572234465377285
 0.9619337357435882 0.93301262850984179
 0.8535492333132938 0.80438066494453886
 0.69134006504283074 0.62940950435902854
 0.50000110637160577 0.43473691983493423
 0.30866197926533279 0.25000004765467643
 0.14645233133243671 0.10332340196378294
 0.038067111036578928 0.017037172441588026
 6.9856533367143393e-06 0.0042776553462275093
 0.038066264256412179 0.066987371490159334
 0.14645076668670665 0.19561933505546114
 0.3086599349571687 0.37059049564097041
 0.4999988936283925 0.56526308016506455
 0.69133802073466344 0.74999995234532157
 0.85354766866756182 0.89667659803621447
 0.96193288896341966 0.9829628275584108
 0.99999301434666288 0.99572234465377363
 0.9619337357435902 0.93301262850984423
 0.85354923331329746 0.80438066494454397
 0.69134006504283707 0.62940950435903487
 0.50000110637161399 0.43473691983494261
 0.30866197926534056 0.25000004765468464
 0.14645233133244134 0.10332340196378868
 0.038067111036582453 0.017037172441590708


# name: x
# type: range
# base, limit, increment
-2 2 0.020833333333333332


# name: h
# type: scalar
0.0625


# name: exata
# type: matrix
# rows: 193
# columns: 1
 5.9990391306474304e-32
 0.0042775693130947595
 0.017037086855465882
 0.038060233744356464
 0.066987298107780202
 0.10332332985438207
 0.14644660940672544
 0.19561928549563837
 0.24999999999999889
 0.30865828381745347
 0.37059047744873735
 0.43473690388997227
 0.49999999999999756
 0.56526309611002279
 0.62940952255125793
 0.69134171618254192
 0.74999999999999689
 0.804380714504357
 0.85355339059327107
 0.89667667014561492
 0.93301270189221674
 0.96193976625564159
 0.98296291314453277
 0.99572243068690447
 1
 0.99572243068690602
 0.98296291314453588
 0.96193976625564548
 0.93301270189222263
 0.8966766701456218
 0.85355339059327839
 0.80438071450436577
 0.75000000000000644
 0.69134171618255158
 0.62940952255126781
 0.56526309611003345
 0.50000000000000822
 0.43473690388998254
 0.37059047744874818
 0.30865828381746346
 0.25000000000000777
 0.19561928549564725
 0.14644660940673304
 0.10332332985438834
 0.066987298107785781
 0.038060233744360565
 0.017037086855468547
 0.0042775693130962167
 1.2055525189171594e-28
 0.0042775693130933509
 0.017037086855463093
 0.038060233744352502
 0.06698729810777547
 0.10332332985437603
 0.14644660940671878
 0.1956192854956316
 0.24999999999999112
 0.30865828381744592
 0.37059047744873003
 0.43473690388996467
 0.49999999999999034
 0.56526309611001613
 0.62940952255125138
 0.69134171618253626
 0.74999999999999201
 0.80438071450435311
 0.8535533905932674
 0.89667667014561214
 0.93301270189221486
 0.96193976625564004
 0.98296291314453188
 0.99572243068690403
 1
 0.99572243068690625
 0.98296291314453632
 0.96193976625564659
 0.93301270189222341
 0.89667667014562291
 0.85355339059327984
 0.80438071450436721
 0.75000000000000755
 0.69134171618255302
 0.62940952255126903
 0.56526309611003478
 0.50000000000000899
 0.4347369038899831
 0.37059047744874829
 0.30865828381746346
 0.25000000000000777
 0.19561928549564672
 0.14644660940673249
 0.10332332985438782
 0.066987298107785115
 0.038060233744360038
 0.017037086855468172
 0.0042775693130959625
 8.0271962989557598e-29
 0.0042775693130936232
 0.017037086855463533
 0.038060233744353182
 0.06698729810777615
 0.10332332985437692
 0.14644660940671983
 0.19561928549563248
 0.24999999999999217
 0.30865828381744681
 0.37059047744873097
 0.43473690388996539
 0.49999999999999112
 0.5652630961100169
 0.6294095225512516
 0.69134171618253637
 0.74999999999999201
 0.80438071450435289
 0.85355339059326718
 0.8966766701456117
 0.93301270189221464
 0.96193976625563982
 0.98296291314453166
 0.99572243068690403
 1
 0.99572243068690647
 0.98296291314453654
 0.96193976625564703
 0.93301270189222407
 0.89667667014562336
 0.85355339059328028
 0.80438071450436743
 0.75000000000000777
 0.69134171618255302
 0.62940952255126881
 0.56526309611003411
 0.50000000000000855
 0.43473690388998221
 0.37059047744874762
 0.30865828381746285
 0.25000000000000688
 0.19561928549564603
 0.14644660940673165
 0.10332332985438714
 0.066987298107784365
 0.038060233744359476
 0.017037086855467801
 0.0042775693130957283
 5.2242423305983394e-29
 0.0042775693130938409
 0.017037086855463946
 0.038060233744353592
 0.066987298107776705
 0.10332332985437749
 0.14644660940672016
 0.19561928549563282
 0.24999999999999206
 0.30865828381744653
 0.37059047744873058
 0.4347369038899645
 0.49999999999999001
 0.56526309611001591
 0.62940952255125071
 0.69134171618253515
 0.74999999999999034
 0.80438071450435189
 0.85355339059326574
 0.89667667014561048
 0.93301270189221364
 0.96193976625563882
 0.98296291314453099
 0.99572243068690358
 1
 0.99572243068690691
 0.98296291314453743
 0.96193976625564859
 0.93301270189222618
 0.89667667014562624
 0.85355339059328361
 0.80438071450437176
 0.75000000000001299
 0.69134171618255835
 0.62940952255127502
 0.56526309611004133
 0.50000000000001532
 0.43473690388998981
 0.37059047744875545
 0.30865828381746985
 0.25000000000001432
 0.19561928549565319
 0.14644660940673801
 0.10332332985439288
 0.066987298107789514
 0.03806023374436325
 0.017037086855470476
 0.0042775693130971933
 3.2430599134977129e-28


