# Created by Octave 6.2.0, Mon May 31 23:45:49 2021 -03 <kuroneko@kuroneko-VirtualBox>
# name: erro
# type: matrix
# rows: 4
# columns: 1
 0.20484351530329228
 0.29791160469375871
 0.10813980386085915
 0.11225326060273963


# name: hh
# type: matrix
# rows: 4
# columns: 1
 0.25
 0.125
 0.083333333333333329
 0.0625


