# Created by Octave 6.2.0, Mon May 31 20:05:22 2021 -03 <kuroneko@kuroneko-VirtualBox>
# name: erro
# type: matrix
# rows: 4
# columns: 1
 1.6309131585948295
 1.7607002123508979
 2.9426790762237389
 2.738713053418794


# name: hh
# type: matrix
# rows: 4
# columns: 1
 0.25
 0.125
 0.083333333333333329
 0.0625


