# Created by Octave 6.2.0, Sun Jun 20 00:30:37 2021 -03 <kuroneko@kuroneko-VirtualBox>
# name: erro
# type: matrix
# rows: 4
# columns: 1
 0.18229167539092497
 0.17759834627964863
 0.10318763502518255
 0.10094786162586536


# name: hh
# type: matrix
# rows: 4
# columns: 1
 0.25
 0.125
 0.083333333333333329
 0.0625


# name: estabilidade
# type: bool matrix
# rows: 1
# columns: 4
 0 0 0 0


# name: difestabilidade
# type: matrix
# rows: 1
# columns: 4
 0.22550510257216821 0.10050510257216821 0.058838435905501543 0.038005102572168215


