# Created by Octave 6.2.0, Wed Jun 02 15:13:59 2021 -03 <kuroneko@kuroneko-VirtualBox>
# name: erro
# type: matrix
# rows: 4
# columns: 1
 0.5148749723693804
 0.17515936832628645
 0.98147509721956094
 0.64414963509912615


# name: hh
# type: matrix
# rows: 4
# columns: 1
 0.25
 0.125
 0.083333333333333329
 0.0625


