# Created by Octave 6.2.0, Mon May 31 23:45:47 2021 -03 <kuroneko@kuroneko-VirtualBox>
# name: erro
# type: matrix
# rows: 4
# columns: 1
 1.6368072120357233
 1.0364916831756816
 2.9766496327074274
 2.5702014517792149


# name: hh
# type: matrix
# rows: 4
# columns: 1
 0.25
 0.125
 0.083333333333333329
 0.0625


