# Created by Octave 6.2.0, Sat Jun 19 19:45:49 2021 -03 <kuroneko@kuroneko-VirtualBox>
# name: erro
# type: matrix
# rows: 4
# columns: 1
 5.2287105940481293
 5.5245175240816309
 9.2316895781811912
 9.5499006428925064


# name: hh
# type: matrix
# rows: 4
# columns: 1
 0.25
 0.125
 0.083333333333333329
 0.0625


# name: estabilidade
# type: bool matrix
# rows: 1
# columns: 4
 0 0 0 0


# name: difestabilidade
# type: matrix
# rows: 1
# columns: 4
 0.22550510257216821 0.10050510257216821 0.058838435905501543 0.038005102572168215


