# Created by Octave 6.2.0, Wed Jun 02 15:14:00 2021 -03 <kuroneko@kuroneko-VirtualBox>
# name: erro
# type: matrix
# rows: 4
# columns: 1
 3.1480571360881853
 3.1625789124352823
 5.595121735558549
 5.6164555370563907


# name: hh
# type: matrix
# rows: 4
# columns: 1
 0.25
 0.125
 0.083333333333333329
 0.0625


