# Created by Octave 6.2.0, Wed Jun 02 15:14:01 2021 -03 <kuroneko@kuroneko-VirtualBox>
# name: erro
# type: matrix
# rows: 4
# columns: 1
 0.063904678819081559
 0.054055954796162022
 0.051378395468747617
 0.039169716289829966


# name: hh
# type: matrix
# rows: 4
# columns: 1
 0.25
 0.125
 0.083333333333333329
 0.0625


