# Created by Octave 6.2.0, Wed Jun 02 15:13:59 2021 -03 <kuroneko@kuroneko-VirtualBox>
# name: erro
# type: matrix
# rows: 4
# columns: 1
 1.6360490697605885
 1.0443710273016946
 2.9750160222489832
 2.5736203242974969


# name: hh
# type: matrix
# rows: 4
# columns: 1
 0.25
 0.125
 0.083333333333333329
 0.0625


