# Created by Octave 6.2.0, Mon Aug 16 23:08:04 2021 -03 <kuroneko@kuroneko-VirtualBox>
# name: erro
# type: matrix
# rows: 4
# columns: 1
 0.19447074065728109
 0.015458495629687109
 0.0056291119642823276
 0.005061953669778102


# name: hh
# type: matrix
# rows: 4
# columns: 1
 0.25
 0.0625
 0.015625
 0.00390625


