# Created by Octave 6.2.0, Mon Aug 16 23:08:04 2021 -03 <kuroneko@kuroneko-VirtualBox>
# name: erro
# type: matrix
# rows: 4
# columns: 1
 0.19446547871193118
 0.015435028478853882
 0.0056040642859728268
 0.0050368361445723943


# name: hh
# type: matrix
# rows: 4
# columns: 1
 0.25
 0.0625
 0.015625
 0.00390625


