# Created by Octave 6.2.0, Mon Aug 16 23:08:04 2021 -03 <kuroneko@kuroneko-VirtualBox>
# name: alfa
# type: scalar
1


# name: beta
# type: scalar
100


# name: h
# type: scalar
0.00390625


# name: xl
# type: matrix
# rows: 257
# columns: 1
 0
 0.00390625
 0.0078125
 0.01171875
 0.015625
 0.01953125
 0.0234375
 0.02734375
 0.03125
 0.03515625
 0.0390625
 0.04296875
 0.046875
 0.05078125
 0.0546875
 0.05859375
 0.0625
 0.06640625
 0.0703125
 0.07421875
 0.078125
 0.08203125
 0.0859375
 0.08984375
 0.09375
 0.09765625
 0.1015625
 0.10546875
 0.109375
 0.11328125
 0.1171875
 0.12109375
 0.125
 0.12890625
 0.1328125
 0.13671875
 0.140625
 0.14453125
 0.1484375
 0.15234375
 0.15625
 0.16015625
 0.1640625
 0.16796875
 0.171875
 0.17578125
 0.1796875
 0.18359375
 0.1875
 0.19140625
 0.1953125
 0.19921875
 0.203125
 0.20703125
 0.2109375
 0.21484375
 0.21875
 0.22265625
 0.2265625
 0.23046875
 0.234375
 0.23828125
 0.2421875
 0.24609375
 0.25
 0.25390625
 0.2578125
 0.26171875
 0.265625
 0.26953125
 0.2734375
 0.27734375
 0.28125
 0.28515625
 0.2890625
 0.29296875
 0.296875
 0.30078125
 0.3046875
 0.30859375
 0.3125
 0.31640625
 0.3203125
 0.32421875
 0.328125
 0.33203125
 0.3359375
 0.33984375
 0.34375
 0.34765625
 0.3515625
 0.35546875
 0.359375
 0.36328125
 0.3671875
 0.37109375
 0.375
 0.37890625
 0.3828125
 0.38671875
 0.390625
 0.39453125
 0.3984375
 0.40234375
 0.40625
 0.41015625
 0.4140625
 0.41796875
 0.421875
 0.42578125
 0.4296875
 0.43359375
 0.4375
 0.44140625
 0.4453125
 0.44921875
 0.453125
 0.45703125
 0.4609375
 0.46484375
 0.46875
 0.47265625
 0.4765625
 0.48046875
 0.484375
 0.48828125
 0.4921875
 0.49609375
 0.5
 0.50390625
 0.5078125
 0.51171875
 0.515625
 0.51953125
 0.5234375
 0.52734375
 0.53125
 0.53515625
 0.5390625
 0.54296875
 0.546875
 0.55078125
 0.5546875
 0.55859375
 0.5625
 0.56640625
 0.5703125
 0.57421875
 0.578125
 0.58203125
 0.5859375
 0.58984375
 0.59375
 0.59765625
 0.6015625
 0.60546875
 0.609375
 0.61328125
 0.6171875
 0.62109375
 0.625
 0.62890625
 0.6328125
 0.63671875
 0.640625
 0.64453125
 0.6484375
 0.65234375
 0.65625
 0.66015625
 0.6640625
 0.66796875
 0.671875
 0.67578125
 0.6796875
 0.68359375
 0.6875
 0.69140625
 0.6953125
 0.69921875
 0.703125
 0.70703125
 0.7109375
 0.71484375
 0.71875
 0.72265625
 0.7265625
 0.73046875
 0.734375
 0.73828125
 0.7421875
 0.74609375
 0.75
 0.75390625
 0.7578125
 0.76171875
 0.765625
 0.76953125
 0.7734375
 0.77734375
 0.78125
 0.78515625
 0.7890625
 0.79296875
 0.796875
 0.80078125
 0.8046875
 0.80859375
 0.8125
 0.81640625
 0.8203125
 0.82421875
 0.828125
 0.83203125
 0.8359375
 0.83984375
 0.84375
 0.84765625
 0.8515625
 0.85546875
 0.859375
 0.86328125
 0.8671875
 0.87109375
 0.875
 0.87890625
 0.8828125
 0.88671875
 0.890625
 0.89453125
 0.8984375
 0.90234375
 0.90625
 0.91015625
 0.9140625
 0.91796875
 0.921875
 0.92578125
 0.9296875
 0.93359375
 0.9375
 0.94140625
 0.9453125
 0.94921875
 0.953125
 0.95703125
 0.9609375
 0.96484375
 0.96875
 0.97265625
 0.9765625
 0.98046875
 0.984375
 0.98828125
 0.9921875
 0.99609375
 1


# name: u
# type: matrix
# rows: 257
# columns: 1
 0.99505074534704074
 0.99497495781098433
 0.99474858529284071
 0.99437166180978032
 0.99384424405139515
 0.99316641137116157
 0.9923382657744898
 0.99135993190336258
 0.99023155701756416
 0.98895331097250372
 0.98752538619363583
 0.98594799764748176
 0.98422138280925597
 0.98234580162710461
 0.98032153648295628
 0.9781488921499979
 0.97582819574677615
 0.97335979668793515
 0.9707440666315954
 0.9679813994233839
 0.96507221103712237
 0.96201693951218281
 0.9588160448875207
 0.95547000913239444
 0.95197933607378293
 0.94834455132051099
 0.94456620218409471
 0.94064485759631788
 0.93658110802355377
 0.93237556537784216
 0.92802886292473818
 0.92354165518794462
 0.91891461785074335
 0.91414844765423975
 0.90924386229243592
 0.90420160030414876
 0.89902242096178875
 0.89370710415701604
 0.88825645028329225
 0.88267128011534357
 0.87695243468555539
 0.87110077515731565
 0.865117182695327
 0.85900255833290684
 0.85275782283629464
 0.84638391656598833
 0.83988179933512885
 0.83325245026495642
 0.82649686763735819
 0.81961606874453086
 0.81261108973577989
 0.80548298546147956
 0.79823282931421646
 0.79086171306713982
 0.78337074670954521
 0.77576105827971409
 0.76803379369503555
 0.76019011657943458
 0.75223120808813559
 0.7441582667297838
 0.73597250818595517
 0.72767516512807873
 0.71926748703180088
 0.71075073998881899
 0.7021262065162126
 0.69339518536330091
 0.68455899131605646
 0.67561895499910252
 0.66657642267532613
 0.65743275604313611
 0.64818933203139617
 0.63884754259206433
 0.62940879449057019
 0.61987450909396147
 0.61024612215685092
 0.60052508360519719
 0.59071285731795109
 0.58081092090660125
 0.57082076549265104
 0.56074389548306092
 0.55058182834369052
 0.5403360943707739
 0.53000823646046258
 0.51959980987647092
 0.50911238201585918
 0.49854753217298919
 0.48790685130168859
 0.47719194177565905
 0.46640441714716452
 0.45554590190403632
 0.44461803122503119
 0.43362245073357952
 0.42256081624996028
 0.41143479354194068
 0.40024605807391767
 0.38899629475459929
 0.37768719768326336
 0.36632046989463263
 0.35489782310240381
 0.34342097744146988
 0.3318916612088742
 0.32031161060353519
 0.30868256946478095
 0.29700628900973408
 0.28528452756958422
 0.27351905032479013
 0.26171162903924994
 0.24986404179347996
 0.23797807271684251
 0.22605551171886243
 0.21409815421967326
 0.20210780087963365
 0.19008625732815454
 0.17803533389177792
 0.16595684532154847
 0.15385261051971857
 0.14172445226582839
 0.12957419694220199
 0.11740367425890084
 0.10521471697817626
 0.093009160638462082
 0.080788843277949413
 0.068555605157784763
 0.056311288484933553
 0.044057737134750481
 0.031796796373298672
 0.019530312579459412
 0.0072601329668742741
 -0.0050118946942384543
 -0.017283922355351183
 -0.029554101967936317
 -0.041820585761775574
 -0.054081526523227383
 -0.066335077873410447
 -0.078579394546261644
 -0.090812632666426321
 -0.10303295002693903
 -0.11523850636665324
 -0.12742746364737789
 -0.13959798633067907
 -0.15174824165430553
 -0.16387639990819577
 -0.17598063471002573
 -0.18805912328025523
 -0.20011004671663191
 -0.21213159026811107
 -0.22412194360815071
 -0.23607930110733996
 -0.2480018621053201
 -0.25988783118195757
 -0.27173541842772758
 -0.28354283971326782
 -0.29530831695806203
 -0.307030078398212
 -0.31870635885325893
 -0.33033539999201317
 -0.34191545059735223
 -0.35344476682994797
 -0.36492161249088195
 -0.37634425928311088
 -0.38771098707174179
 -0.39902008414307799
 -0.41026984746239659
 -0.42145858293041977
 -0.43258460563843959
 -0.443646240122059
 -0.45464182061351077
 -0.46556969129251596
 -0.47642820653564427
 -0.48721573116413902
 -0.49793064069016874
 -0.50857132156146956
 -0.51913617140433976
 -0.52962359926495184
 -0.54003202584894372
 -0.55035988375925537
 -0.56060561773217232
 -0.57076768487154306
 -0.58084455488113362
 -0.59083471029508428
 -0.60073664670643445
 -0.61054887299368099
 -0.62026991154533517
 -0.62989829848244616
 -0.63943258387905522
 -0.64887133198054969
 -0.65821312141988197
 -0.66745654543162247
 -0.67660021206381304
 -0.6856427443875901
 -0.69458278070454482
 -0.70341897475178994
 -0.71214999590470207
 -0.7207745293773089
 -0.72929127642029112
 -0.73769895451656931
 -0.74599629757444608
 -0.75418205611827505
 -0.76225499747662717
 -0.77021390596792672
 -0.77805758308352801
 -0.785784847668207
 -0.79339453609803845
 -0.80088550245563339
 -0.80825661870271048
 -0.81550677484997425
 -0.82263487912427524
 -0.82963985813302699
 -0.83652065702585499
 -0.843276239653454
 -0.84990558872362731
 -0.85640770595448745
 -0.86278161222479455
 -0.8690263477214073
 -0.87514097208382802
 -0.88112456454581722
 -0.88697622407405763
 -0.89269506950384625
 -0.89828023967179527
 -0.90373089354551928
 -0.90904621035029209
 -0.91422538969265232
 -0.91926765168093971
 -0.92417223704274376
 -0.92893840723924748
 -0.93356544457644886
 -0.93805265231324275
 -0.94239935476634706
