# Created by Octave 6.2.0, Mon Aug 16 23:08:04 2021 -03 <kuroneko@kuroneko-VirtualBox>
# name: alfa
# type: scalar
0


# name: beta
# type: scalar
100


# name: h
# type: scalar
0.00390625


# name: xl
# type: matrix
# rows: 257
# columns: 1
 0
 0.00390625
 0.0078125
 0.01171875
 0.015625
 0.01953125
 0.0234375
 0.02734375
 0.03125
 0.03515625
 0.0390625
 0.04296875
 0.046875
 0.05078125
 0.0546875
 0.05859375
 0.0625
 0.06640625
 0.0703125
 0.07421875
 0.078125
 0.08203125
 0.0859375
 0.08984375
 0.09375
 0.09765625
 0.1015625
 0.10546875
 0.109375
 0.11328125
 0.1171875
 0.12109375
 0.125
 0.12890625
 0.1328125
 0.13671875
 0.140625
 0.14453125
 0.1484375
 0.15234375
 0.15625
 0.16015625
 0.1640625
 0.16796875
 0.171875
 0.17578125
 0.1796875
 0.18359375
 0.1875
 0.19140625
 0.1953125
 0.19921875
 0.203125
 0.20703125
 0.2109375
 0.21484375
 0.21875
 0.22265625
 0.2265625
 0.23046875
 0.234375
 0.23828125
 0.2421875
 0.24609375
 0.25
 0.25390625
 0.2578125
 0.26171875
 0.265625
 0.26953125
 0.2734375
 0.27734375
 0.28125
 0.28515625
 0.2890625
 0.29296875
 0.296875
 0.30078125
 0.3046875
 0.30859375
 0.3125
 0.31640625
 0.3203125
 0.32421875
 0.328125
 0.33203125
 0.3359375
 0.33984375
 0.34375
 0.34765625
 0.3515625
 0.35546875
 0.359375
 0.36328125
 0.3671875
 0.37109375
 0.375
 0.37890625
 0.3828125
 0.38671875
 0.390625
 0.39453125
 0.3984375
 0.40234375
 0.40625
 0.41015625
 0.4140625
 0.41796875
 0.421875
 0.42578125
 0.4296875
 0.43359375
 0.4375
 0.44140625
 0.4453125
 0.44921875
 0.453125
 0.45703125
 0.4609375
 0.46484375
 0.46875
 0.47265625
 0.4765625
 0.48046875
 0.484375
 0.48828125
 0.4921875
 0.49609375
 0.5
 0.50390625
 0.5078125
 0.51171875
 0.515625
 0.51953125
 0.5234375
 0.52734375
 0.53125
 0.53515625
 0.5390625
 0.54296875
 0.546875
 0.55078125
 0.5546875
 0.55859375
 0.5625
 0.56640625
 0.5703125
 0.57421875
 0.578125
 0.58203125
 0.5859375
 0.58984375
 0.59375
 0.59765625
 0.6015625
 0.60546875
 0.609375
 0.61328125
 0.6171875
 0.62109375
 0.625
 0.62890625
 0.6328125
 0.63671875
 0.640625
 0.64453125
 0.6484375
 0.65234375
 0.65625
 0.66015625
 0.6640625
 0.66796875
 0.671875
 0.67578125
 0.6796875
 0.68359375
 0.6875
 0.69140625
 0.6953125
 0.69921875
 0.703125
 0.70703125
 0.7109375
 0.71484375
 0.71875
 0.72265625
 0.7265625
 0.73046875
 0.734375
 0.73828125
 0.7421875
 0.74609375
 0.75
 0.75390625
 0.7578125
 0.76171875
 0.765625
 0.76953125
 0.7734375
 0.77734375
 0.78125
 0.78515625
 0.7890625
 0.79296875
 0.796875
 0.80078125
 0.8046875
 0.80859375
 0.8125
 0.81640625
 0.8203125
 0.82421875
 0.828125
 0.83203125
 0.8359375
 0.83984375
 0.84375
 0.84765625
 0.8515625
 0.85546875
 0.859375
 0.86328125
 0.8671875
 0.87109375
 0.875
 0.87890625
 0.8828125
 0.88671875
 0.890625
 0.89453125
 0.8984375
 0.90234375
 0.90625
 0.91015625
 0.9140625
 0.91796875
 0.921875
 0.92578125
 0.9296875
 0.93359375
 0.9375
 0.94140625
 0.9453125
 0.94921875
 0.953125
 0.95703125
 0.9609375
 0.96484375
 0.96875
 0.97265625
 0.9765625
 0.98046875
 0.984375
 0.98828125
 0.9921875
 0.99609375
 1


# name: u
# type: matrix
# rows: 257
# columns: 1
 0.99502612714549443
 0.99495033766384799
 0.99472396320011436
 0.99434703777146394
 0.99381961806748875
 0.99314178344166515
 0.99231363589940336
 0.99133530008268633
 0.99020692325129778
 0.98892867526064709
 0.98750074853618885
 0.98592335804444442
 0.9841967412606285
 0.98232115813288667
 0.98029689104314799
 0.97812424476459925
 0.97580354641578715
 0.97333514541135591
 0.97071941340942591
 0.96795674425562439
 0.96504755392377284
 0.96199228045324325
 0.95879138388299101
 0.95544534618227472
 0.95195467117807342
 0.94831988447921156
 0.94454153339720515
 0.94062018686383841
 0.93655643534548438
 0.93235089075418287
 0.92800418635548898
 0.92351697667310562
 0.91888993739031444
 0.91412376524822092
 0.90921917794082707
 0.90417691400694999
 0.89899773271900008
 0.89368241396863757
 0.88823175814932376
 0.88264658603578516
 0.87692773866040696
 0.8710760771865772
 0.86509248277899875
 0.85897785647098868
 0.85273311902878657
 0.84635921081289023
 0.83985709163644062
 0.83322774062067806
 0.8264721560474898
 0.81959135520907245
 0.81258637425473146
 0.80545826803484111
 0.79820810994198788
 0.79083699174932121
 0.7833460234461368
 0.7757363330707161
 0.76800906654044798
 0.76016538747925755
 0.75220647704236898
 0.74413353373842783
 0.73594777324900995
 0.72765042824554427
 0.71924274820367728
 0.71072599921510615
 0.70210146379691052
 0.69337044069840958
 0.68453424470557567
 0.67559420644303225
 0.6665516721736664
 0.65740800359588702
 0.64816457763855762
 0.63882278625363631
 0.62938403620655281
 0.61984974886435462
 0.61022135998165461
 0.60050031948441129
 0.59068809125157573
 0.58078615289463642
 0.57079599553509663
 0.56071912357991693
 0.55055705449495695
 0.54031131857645087
 0.52998345872054997
 0.51957503019096873
 0.5090876003847673
 0.49852274859630774
 0.48788206577941756
 0.47716715430779849
 0.46637962773371439
 0.45552111054499661
 0.44459323792040195
 0.43359765548336071
 0.42253601905415183
 0.41140999440054266
 0.40022125698693001
 0.38897149172202194
 0.37766239270509633
 0.36629566297087585
 0.35487301423305734
 0.34339616662653377
 0.33186684844834835
 0.3202867958974196
 0.30865775281307573
 0.29698147041243916
 0.28525970702669956
 0.27349422783631572
 0.26168680460518579
 0.24983921541382614
 0.23795324439159901
 0.22603068144802918
 0.21407332200325022
 0.20208296671762083
 0.19006142122055192
 0.17801049583858553
 0.16593200532276625
 0.15382776857534652
 0.14169960837586654
 0.12954935110665031
 0.11737882647775935
 0.10518986725144497
 0.092984308966140974
 0.080763989660038518
 0.068530749594284096
 0.056286430975843127
 0.044032877680070304
 0.031771934973028743
 0.019505449233599738
 0.007235267675424855
 -0.0050367619312776234
 -0.017308791537980102
 -0.029578973096154985
 -0.041845458835583993
 -0.054106401542625554
 -0.066359954838398391
 -0.078604273456839374
 -0.090837513522593796
 -0.10305783282869627
 -0.11526339111400025
 -0.12745235034031466
 -0.13962287496920558
 -0.15177313223842179
 -0.1639012924379018
 -0.1760055291853215
 -0.18808401970114075
 -0.20013494508310717
 -0.2121564905801761
 -0.22414684586580552
 -0.23610420531058449
 -0.24802676825415437
 -0.25991273927638159
 -0.27176032846774134
 -0.28356775169887133
 -0.29533323088925517
 -0.30705499427499489
 -0.31873127667563156
 -0.33036031975997554
 -0.34194037231090441
 -0.35346969048908983
 -0.36494653809561345
 -0.37636918683343212
 -0.38773591656765272
 -0.3990450155845785
 -0.41029478084948684
 -0.42148351826309977
 -0.43260954291670928
 -0.44367117934591843
 -0.45466676178295995
 -0.46559463440755489
 -0.47645315159627288
 -0.48724067817035721
 -0.4979555896419765
 -0.50859627245886685
 -0.51916112424732663
 -0.52964855405352818
 -0.54005698258310952
 -0.55038484243901054
 -0.56063057835751684
 -0.57079264744247715
 -0.58086951939765719
 -0.59085967675719719
 -0.60076161511413673
 -0.61057384334697251
 -0.62029488384421605
 -0.62992327272691617
 -0.63945756006911447
 -0.64889631011619819
 -0.65823810150111972
 -0.66748152745844946
 -0.67662519603622928
 -0.68566773030559547
 -0.69460776856813922
 -0.70344396456097347
 -0.71217498765947485
 -0.72079952307767092
 -0.72931627206624239
 -0.73772395210810982
 -0.74602129711157572
 -0.75420705760099405
 -0.76228000090493542
 -0.77023891134182432
 -0.77808259040301497
 -0.78580985693328353
 -0.79341954730870456
 -0.80091051561188908
 -0.80828163380455598
 -0.81553179189740943
 -0.8226598981173
 -0.82966487907164144
 -0.83654567991005924
 -0.84330126448324805
 -0.84993061549901117
 -0.85643273467546122
 -0.86280664289135811
 -0.86905138033356066
 -0.87516600664157118
 -0.88114960104915008
 -0.88700126252298017
 -0.89272010989835882
 -0.89830528201189763
 -0.90375593783121155
 -0.9090712565815745
 -0.91425043786952487
 -0.91929270180340228
 -0.92419728911079613
 -0.92896346125288976
 -0.93359050053568104
 -0.93807771021806452
 -0.94242441461675852
