# Created by Octave 6.2.0, Mon Aug 16 23:08:04 2021 -03 <kuroneko@kuroneko-VirtualBox>
# name: alfa
# type: scalar
-1


# name: beta
# type: scalar
100


# name: h
# type: scalar
0.00390625


# name: xl
# type: matrix
# rows: 257
# columns: 1
 0
 0.00390625
 0.0078125
 0.01171875
 0.015625
 0.01953125
 0.0234375
 0.02734375
 0.03125
 0.03515625
 0.0390625
 0.04296875
 0.046875
 0.05078125
 0.0546875
 0.05859375
 0.0625
 0.06640625
 0.0703125
 0.07421875
 0.078125
 0.08203125
 0.0859375
 0.08984375
 0.09375
 0.09765625
 0.1015625
 0.10546875
 0.109375
 0.11328125
 0.1171875
 0.12109375
 0.125
 0.12890625
 0.1328125
 0.13671875
 0.140625
 0.14453125
 0.1484375
 0.15234375
 0.15625
 0.16015625
 0.1640625
 0.16796875
 0.171875
 0.17578125
 0.1796875
 0.18359375
 0.1875
 0.19140625
 0.1953125
 0.19921875
 0.203125
 0.20703125
 0.2109375
 0.21484375
 0.21875
 0.22265625
 0.2265625
 0.23046875
 0.234375
 0.23828125
 0.2421875
 0.24609375
 0.25
 0.25390625
 0.2578125
 0.26171875
 0.265625
 0.26953125
 0.2734375
 0.27734375
 0.28125
 0.28515625
 0.2890625
 0.29296875
 0.296875
 0.30078125
 0.3046875
 0.30859375
 0.3125
 0.31640625
 0.3203125
 0.32421875
 0.328125
 0.33203125
 0.3359375
 0.33984375
 0.34375
 0.34765625
 0.3515625
 0.35546875
 0.359375
 0.36328125
 0.3671875
 0.37109375
 0.375
 0.37890625
 0.3828125
 0.38671875
 0.390625
 0.39453125
 0.3984375
 0.40234375
 0.40625
 0.41015625
 0.4140625
 0.41796875
 0.421875
 0.42578125
 0.4296875
 0.43359375
 0.4375
 0.44140625
 0.4453125
 0.44921875
 0.453125
 0.45703125
 0.4609375
 0.46484375
 0.46875
 0.47265625
 0.4765625
 0.48046875
 0.484375
 0.48828125
 0.4921875
 0.49609375
 0.5
 0.50390625
 0.5078125
 0.51171875
 0.515625
 0.51953125
 0.5234375
 0.52734375
 0.53125
 0.53515625
 0.5390625
 0.54296875
 0.546875
 0.55078125
 0.5546875
 0.55859375
 0.5625
 0.56640625
 0.5703125
 0.57421875
 0.578125
 0.58203125
 0.5859375
 0.58984375
 0.59375
 0.59765625
 0.6015625
 0.60546875
 0.609375
 0.61328125
 0.6171875
 0.62109375
 0.625
 0.62890625
 0.6328125
 0.63671875
 0.640625
 0.64453125
 0.6484375
 0.65234375
 0.65625
 0.66015625
 0.6640625
 0.66796875
 0.671875
 0.67578125
 0.6796875
 0.68359375
 0.6875
 0.69140625
 0.6953125
 0.69921875
 0.703125
 0.70703125
 0.7109375
 0.71484375
 0.71875
 0.72265625
 0.7265625
 0.73046875
 0.734375
 0.73828125
 0.7421875
 0.74609375
 0.75
 0.75390625
 0.7578125
 0.76171875
 0.765625
 0.76953125
 0.7734375
 0.77734375
 0.78125
 0.78515625
 0.7890625
 0.79296875
 0.796875
 0.80078125
 0.8046875
 0.80859375
 0.8125
 0.81640625
 0.8203125
 0.82421875
 0.828125
 0.83203125
 0.8359375
 0.83984375
 0.84375
 0.84765625
 0.8515625
 0.85546875
 0.859375
 0.86328125
 0.8671875
 0.87109375
 0.875
 0.87890625
 0.8828125
 0.88671875
 0.890625
 0.89453125
 0.8984375
 0.90234375
 0.90625
 0.91015625
 0.9140625
 0.91796875
 0.921875
 0.92578125
 0.9296875
 0.93359375
 0.9375
 0.94140625
 0.9453125
 0.94921875
 0.953125
 0.95703125
 0.9609375
 0.96484375
 0.96875
 0.97265625
 0.9765625
 0.98046875
 0.984375
 0.98828125
 0.9921875
 0.99609375
 1


# name: u
# type: matrix
# rows: 257
# columns: 1
 0.99500126283719814
 0.99492547138056087
 0.99469909494183639
 0.99432216753819513
 0.99379474585922911
 0.99311690925841467
 0.99228875974116204
 0.99131042194945396
 0.99018204314307434
 0.9889037931774326
 0.98747586447798319
 0.98589847201124747
 0.9841718532524405
 0.98229626814970761
 0.98027199908497764
 0.97809935083143784
 0.97577865050763468
 0.97331024752821227
 0.97069451355129122
 0.96793184242249841
 0.9650226501156558
 0.96196737467013516
 0.95876647612489174
 0.95542043644918406
 0.95192975946999137
 0.94829497079613823
 0.94451661773914075
 0.94059526923078285
 0.93653151573743731
 0.93232596917114441
 0.92797926279745901
 0.92349205114008415
 0.91886500988230146
 0.91409883576521644
 0.90919424648283131
 0.90415198057396284
 0.89897279731102142
 0.89365747658566741
 0.88820681879136221
 0.88262164470283222
 0.87690279535246263
 0.87105113190364158
 0.86506753552107163
 0.85895290723807005
 0.85270816782087644
 0.84633425762998848
 0.83983213647854749
 0.83320278348779342
 0.82644719693961366
 0.81956639412620491
 0.81256141119687264
 0.80543330300199112
 0.79818314293414672
 0.79081202276648899
 0.7833210524883133
 0.77571136013790143
 0.76798409163264192
 0.76014041059646009
 0.75218149818458013
 0.74410855290564737
 0.73592279044123776
 0.72762544346278035
 0.71921776144592153
 0.71070101048235856
 0.7020764730891712
 0.69334544801567877
 0.68450925004785346
 0.67556920981031854
 0.66652667356596129
 0.65738300301319041
 0.64813957508086983
 0.63879778172095725
 0.62935902969888258
 0.61982474038169322
 0.61019634952400204
 0.60047530705176755
 0.59066307684394082
 0.58076113651201033
 0.57077097717747938
 0.56069410324730851
 0.55053203218735747
 0.54028629429386033
 0.52995843246296859
 0.51955000195839651
 0.50906257017720424
 0.49849771641375384
 0.48785703162187288
 0.47714211817526309
 0.46635458962618825
 0.45549607046247975
 0.44456819586289442
 0.43357261145086246
 0.42251097304666285
 0.41138494641806284
 0.40019620702945946
 0.38894643978956067
 0.37763733879764444
 0.36627060708843334
 0.35484795637562416
 0.34337110679410998
 0.33184178664093406
 0.32026173211501469
 0.3086326870556802
 0.29695640268005308
 0.28523463731932286
 0.2734691561539484
 0.2616617309478278
 0.24981413978147743
 0.2379281667842596
 0.22600560186569912
 0.21404824044592952
 0.20205788318530948
 0.19003633571324993
 0.1779854083562929
 0.16590691586548301
 0.15380267714307264
 0.14167451496860198
 0.1295242557243951
 0.11735372912051349
 0.10516476791920844
 0.092959207658913814
 0.080738886377820687
 0.068505644337075608
 0.056261323743643968
 0.044007768472880474
 0.031746823790848248
 0.019480336076428569
 0.0072101525432630145
 -0.0050618790384301358
 -0.017333910620123287
 -0.029604094153288844
 -0.041870581867708527
 -0.054131526549740752
 -0.066385081820504246
 -0.078629402413935887
 -0.09086264445468098
 -0.10308296573577412
 -0.11528852599606879
 -0.12747748719737387
 -0.13964801380125549
 -0.1517982730454624
 -0.16392643521993308
 -0.17603067394234345
 -0.18810916643315337
 -0.20016009379011046
 -0.21218164126217004
 -0.22417199852279013
 -0.23612935994255974
 -0.24805192486112027
 -0.2599378978583381
 -0.27178548902468846
 -0.28359291423080912
 -0.29535839539618369
 -0.30708016075691402
 -0.31875644513254131
 -0.33038549019187596
 -0.34196554471779556
 -0.3534948648709717
 -0.36497171445248605
 -0.37639436516529534
 -0.38776109687450666
 -0.39907019786642317
 -0.41031996510632218
 -0.42150870449492583
 -0.43263473112352607
 -0.4436963695277259
 -0.45469195393975809
 -0.46561982853934358
 -0.4764783477030522
 -0.48726587625212725
 -0.49798078969873738
 -0.50862147449061856
 -0.51918632825406918
 -0.52967376003526168
 -0.54008219053983408
 -0.55041005237072615
 -0.56065579026422363
 -0.57081786132417489
 -0.58089473525434587
 -0.59088489458887694
 -0.60078683492080742
 -0.61059906512863427
 -0.62032010760086886
 -0.62994849845856016
 -0.63948278777574963
 -0.64892153979782452
 -0.65826333315773722
 -0.66750676109005802
 -0.67665043164282879
 -0.68569296788718603
 -0.69463300812472095
 -0.70346920609254615
 -0.71220023116603848
 -0.7208247685592255
 -0.72934151952278803
 -0.73774920153964629
 -0.74604654851810326
 -0.75423231098251253
 -0.76230525626144507
 -0.77026416867332503
 -0.77810784970950697
 -0.78583511821476648
 -0.79344481056517835
 -0.80093578084335371
 -0.80830690101101133
 -0.81555706107885539
 -0.82268516927373669
 -0.82969015220306874
 -0.83657095501647716
 -0.84332654156465647
 -0.8499558945554101
 -0.85645801570685076
 -0.86283192589773827
 -0.86907666531493144
 -0.87519129359793268
 -0.88117488998050231
 -0.88702655342932291
 -0.89274540277969194
 -0.89833057686822149
 -0.90378123466252591
 -0.90909655538787915
 -0.91427573865081979
 -0.91931800455968737
 -0.92422259384207173
 -0.92898876795915575
 -0.93361580921693754
 -0.93810302087431152
