# Created by Octave 6.2.0, Mon Aug 16 23:08:04 2021 -03 <kuroneko@kuroneko-VirtualBox>
# name: alfa
# type: scalar
0


# name: beta
# type: scalar
100


# name: h
# type: scalar
0.015625


# name: xl
# type: matrix
# rows: 65
# columns: 1
 0
 0.015625
 0.03125
 0.046875
 0.0625
 0.078125
 0.09375
 0.109375
 0.125
 0.140625
 0.15625
 0.171875
 0.1875
 0.203125
 0.21875
 0.234375
 0.25
 0.265625
 0.28125
 0.296875
 0.3125
 0.328125
 0.34375
 0.359375
 0.375
 0.390625
 0.40625
 0.421875
 0.4375
 0.453125
 0.46875
 0.484375
 0.5
 0.515625
 0.53125
 0.546875
 0.5625
 0.578125
 0.59375
 0.609375
 0.625
 0.640625
 0.65625
 0.671875
 0.6875
 0.703125
 0.71875
 0.734375
 0.75
 0.765625
 0.78125
 0.796875
 0.8125
 0.828125
 0.84375
 0.859375
 0.875
 0.890625
 0.90625
 0.921875
 0.9375
 0.953125
 0.96875
 0.984375
 1


# name: u
# type: matrix
# rows: 65
# columns: 1
 0.99503755543096717
 0.99381310036859183
 0.9901824595583657
 0.9841543315640312
 0.97574319070595272
 0.96496925219121044
 0.95185842341339588
 0.93644224153943212
 0.91875779753377584
 0.89884764680303519
 0.87675970667626768
 0.85254714096793804
 0.8262682319016319
 0.79798623970307492
 0.76776925020070752
 0.73569001080096075
 0.70182575523338231
 0.66625801748781688
 0.62907243539188384
 0.59035854430194867
 0.55020956140460753
 0.50872216114831992
 0.46599624234619436
 0.42213468751099786
 0.37724311500217106
 0.33142962458194919
 0.28480453699356661
 0.23748012818892322
 0.18957035884598228
 0.1411905998275152
 0.092457354242588066
 0.043487976780367303
 -0.0055996090076055648
 -0.054687194795578431
 -0.10365657225779919
 -0.15238981784272632
 -0.20076957686119337
 -0.24867934620413429
 -0.29600375500877762
 -0.3426288425971602
 -0.38844233301738207
 -0.43333390552620893
 -0.47719546036140553
 -0.51992137916353121
 -0.56140877941981904
 -0.60155776231716018
 -0.64027165340709535
 -0.67745723550302839
 -0.71302497324859382
 -0.74688922881617226
 -0.77896846821591903
 -0.80918545771828621
 -0.83746744991684297
 -0.86374635898314867
 -0.88795892469147819
 -0.91004686481824559
 -0.92995701554898613
 -0.94764145955464218
 -0.96305764142860562
 -0.97616847020641961
 -0.98694240872116135
 -0.99535354957923905
 -1.0013816775735727
 -1.0050123183837978
 -1.0062168621834828


# name: x
# type: range
# base, limit, increment
0 1 0.015625


# name: exata
# type: matrix
# rows: 65
# columns: 1
 1
 0.99879545620517241
 0.99518472667219693
 0.98917650996478101
 0.98078528040323043
 0.97003125319454397
 0.95694033573220882
 0.94154406518302081
 0.92387953251128674
 0.90398929312344334
 0.88192126434835505
 0.85772861000027212
 0.83146961230254524
 0.80320753148064494
 0.77301045336273699
 0.74095112535495911
 0.70710678118654757
 0.67155895484701833
 0.63439328416364549
 0.59569930449243347
 0.55557023301960229
 0.51410274419322166
 0.47139673682599781
 0.4275550934302822
 0.38268343236508984
 0.33688985339222005
 0.29028467725446233
 0.24298017990326398
 0.19509032201612833
 0.14673047445536175
 0.09801714032956077
 0.049067674327418126
 6.123233995736766e-17
 -0.049067674327418008
 -0.098017140329560645
 -0.14673047445536164
 -0.19509032201612819
 -0.24298017990326387
 -0.29028467725446216
 -0.33688985339221994
 -0.38268343236508973
 -0.42755509343028186
 -0.4713967368259977
 -0.51410274419322166
 -0.55557023301960196
 -0.59569930449243336
 -0.63439328416364538
 -0.67155895484701844
 -0.70710678118654746
 -0.74095112535495888
 -0.77301045336273699
 -0.80320753148064483
 -0.83146961230254535
 -0.85772861000027201
 -0.88192126434835494
 -0.90398929312344334
 -0.92387953251128674
 -0.9415440651830207
 -0.95694033573220882
 -0.97003125319454397
 -0.98078528040323043
 -0.98917650996478101
 -0.99518472667219682
 -0.99879545620517241
 -1


