# Created by Octave 6.2.0, Mon Aug 16 23:08:03 2021 -03 <kuroneko@kuroneko-VirtualBox>
# name: alfa
# type: scalar
-1


# name: beta
# type: scalar
100


# name: h
# type: scalar
0.0625


# name: xl
# type: matrix
# rows: 17
# columns: 1
 0
 0.0625
 0.125
 0.1875
 0.25
 0.3125
 0.375
 0.4375
 0.5
 0.5625
 0.625
 0.6875
 0.75
 0.8125
 0.875
 0.9375
 1


# name: u
# type: matrix
# rows: 17
# columns: 1
 0.99520545174043762
 0.9747066388922947
 0.91651675876543404
 0.8228226696000801
 0.69717563647881742
 0.54435485820103824
 0.37018380535328826
 0.181306427600465
 -0.015068169573833941
 -0.21144276674813292
 -0.40032014450095615
 -0.57449119734870602
 -0.72731197562648509
 -0.85295900874774766
 -0.94665309791310148
 -1.0048429780399621
 -1.0240577175103702


# name: x
# type: range
# base, limit, increment
0 1 0.0625


# name: exata
# type: matrix
# rows: 17
# columns: 1
 1
 0.98078528040323043
 0.92387953251128674
 0.83146961230254524
 0.70710678118654757
 0.55557023301960229
 0.38268343236508984
 0.19509032201612833
 6.123233995736766e-17
 -0.19509032201612819
 -0.38268343236508973
 -0.55557023301960196
 -0.70710678118654746
 -0.83146961230254535
 -0.92387953251128674
 -0.98078528040323043
 -1


