# Created by Octave 6.2.0, Mon Aug 16 23:08:04 2021 -03 <kuroneko@kuroneko-VirtualBox>
# name: alfa
# type: scalar
1


# name: beta
# type: scalar
100


# name: h
# type: scalar
0.015625


# name: xl
# type: matrix
# rows: 65
# columns: 1
 0
 0.015625
 0.03125
 0.046875
 0.0625
 0.078125
 0.09375
 0.109375
 0.125
 0.140625
 0.15625
 0.171875
 0.1875
 0.203125
 0.21875
 0.234375
 0.25
 0.265625
 0.28125
 0.296875
 0.3125
 0.328125
 0.34375
 0.359375
 0.375
 0.390625
 0.40625
 0.421875
 0.4375
 0.453125
 0.46875
 0.484375
 0.5
 0.515625
 0.53125
 0.546875
 0.5625
 0.578125
 0.59375
 0.609375
 0.625
 0.640625
 0.65625
 0.671875
 0.6875
 0.703125
 0.71875
 0.734375
 0.75
 0.765625
 0.78125
 0.796875
 0.8125
 0.828125
 0.84375
 0.859375
 0.875
 0.890625
 0.90625
 0.921875
 0.9375
 0.953125
 0.96875
 0.984375
 1


# name: u
# type: matrix
# rows: 65
# columns: 1
 0.99506211700960778
 0.99383766980413568
 0.99020703685081279
 0.98417891671338154
 0.97576778371220618
 0.9649938530543668
 0.95188303213345538
 0.93646685811639474
 0.91878242196764137
 0.89887227909380352
 0.87678434682393902
 0.85257178897251229
 0.82629288776310894
 0.79801090342145475
 0.76779392177599004
 0.73571469023314595
 0.70185044252247009
 0.66628271263380756
 0.6290971383947771
 0.5903832551617445
 0.55023428012130582
 0.50874688772192056
 0.46602097677669735
 0.42215942979840326
 0.37726786514647892
 0.33145438258315957
 0.28482930285167946
 0.23750490190393853
 0.18959514041789996
 0.14121538925633528
 0.092482151528310561
 0.04351278192299219
 -0.005574796008078288
 -0.054662373939148766
 -0.10363174354446715
 -0.1523649812724919
 -0.20074473243405658
 -0.24865449392009514
 -0.29597889486783613
 -0.3426039745993163
 -0.38841745716263576
 -0.43330902181456021
 -0.47717056879285435
 -0.51989647973807751
 -0.56138387213746277
 -0.60153284717790156
 -0.64024673041093449
 -0.67743230464996529
 -0.71300003453862826
 -0.74686428224930435
 -0.77894351379214866
 -0.80916049543761348
 -0.83744247977926778
 -0.86372138098867113
 -0.88793393884009808
 -0.9100218711099628
 -0.92993201398380076
 -0.94761645013255424
 -0.96303262414961499
 -0.97614344507052664
 -0.98691737572836602
 -0.99532850872954148
 -1.0013566288669729
 -1.004987261820296
 -1.0061918056199808


# name: x
# type: range
# base, limit, increment
0 1 0.015625


# name: exata
# type: matrix
# rows: 65
# columns: 1
 1
 0.99879545620517241
 0.99518472667219693
 0.98917650996478101
 0.98078528040323043
 0.97003125319454397
 0.95694033573220882
 0.94154406518302081
 0.92387953251128674
 0.90398929312344334
 0.88192126434835505
 0.85772861000027212
 0.83146961230254524
 0.80320753148064494
 0.77301045336273699
 0.74095112535495911
 0.70710678118654757
 0.67155895484701833
 0.63439328416364549
 0.59569930449243347
 0.55557023301960229
 0.51410274419322166
 0.47139673682599781
 0.4275550934302822
 0.38268343236508984
 0.33688985339222005
 0.29028467725446233
 0.24298017990326398
 0.19509032201612833
 0.14673047445536175
 0.09801714032956077
 0.049067674327418126
 6.123233995736766e-17
 -0.049067674327418008
 -0.098017140329560645
 -0.14673047445536164
 -0.19509032201612819
 -0.24298017990326387
 -0.29028467725446216
 -0.33688985339221994
 -0.38268343236508973
 -0.42755509343028186
 -0.4713967368259977
 -0.51410274419322166
 -0.55557023301960196
 -0.59569930449243336
 -0.63439328416364538
 -0.67155895484701844
 -0.70710678118654746
 -0.74095112535495888
 -0.77301045336273699
 -0.80320753148064483
 -0.83146961230254535
 -0.85772861000027201
 -0.88192126434835494
 -0.90398929312344334
 -0.92387953251128674
 -0.9415440651830207
 -0.95694033573220882
 -0.97003125319454397
 -0.98078528040323043
 -0.98917650996478101
 -0.99518472667219682
 -0.99879545620517241
 -1


