# Created by Octave 6.2.0, Mon Aug 16 23:08:03 2021 -03 <kuroneko@kuroneko-VirtualBox>
# name: alfa
# type: scalar
-1


# name: beta
# type: scalar
100


# name: h
# type: scalar
0.015625


# name: xl
# type: matrix
# rows: 65
# columns: 1
 0
 0.015625
 0.03125
 0.046875
 0.0625
 0.078125
 0.09375
 0.109375
 0.125
 0.140625
 0.15625
 0.171875
 0.1875
 0.203125
 0.21875
 0.234375
 0.25
 0.265625
 0.28125
 0.296875
 0.3125
 0.328125
 0.34375
 0.359375
 0.375
 0.390625
 0.40625
 0.421875
 0.4375
 0.453125
 0.46875
 0.484375
 0.5
 0.515625
 0.53125
 0.546875
 0.5625
 0.578125
 0.59375
 0.609375
 0.625
 0.640625
 0.65625
 0.671875
 0.6875
 0.703125
 0.71875
 0.734375
 0.75
 0.765625
 0.78125
 0.796875
 0.8125
 0.828125
 0.84375
 0.859375
 0.875
 0.890625
 0.90625
 0.921875
 0.9375
 0.953125
 0.96875
 0.984375
 1


# name: u
# type: matrix
# rows: 65
# columns: 1
 0.99501274831252706
 0.99378828527451857
 0.99015763648865929
 0.98412950051869197
 0.97571835168498056
 0.964944405194605
 0.95183356844115707
 0.93641737859155993
 0.91873292661026995
 0.89882276790389559
 0.87673481980149437
 0.85252224611753091
 0.82624332907559128
 0.79796132890140081
 0.76774433142339982
 0.73566508404801945
 0.7018008205048073
 0.66623307478360838
 0.62904748471204175
 0.59033358564647298
 0.55018459477349835
 0.50869718654157725
 0.46597125976381826
 0.42210969695298828
 0.37721811646852793
 0.33140461807267263
 0.28477952250865662
 0.23745510572837988
 0.18954532840980554
 0.14116556141570508
 0.092432307855144571
 0.043462922417290405
 -0.0056246713463158635
 -0.05471226510992213
 -0.1036816505477763
 -0.15241490410833683
 -0.20079467110243726
 -0.24870444842101161
 -0.29602886520128829
 -0.3426539607653043
 -0.3884674591611596
 -0.43335903964561984
 -0.47722060245644976
 -0.5199465292342087
 -0.56143393746612968
 -0.60158292833910421
 -0.64029682740467286
 -0.67748241747623938
 -0.71305016319743808
 -0.74691442674064989
 -0.77899367411603015
 -0.80921067159403093
 -0.83749267176822118
 -0.86377158881016058
 -0.8879841624941236
 -0.91007211059652426
 -0.92998226930289807
 -0.94766672128418739
 -0.96308291113378408
 -0.97619374788723157
 -0.9869676943776069
 -0.9953788432113182
 -1.0014069791812854
 -1.0050376279671445
 -1.0062421717668295


# name: x
# type: range
# base, limit, increment
0 1 0.015625


# name: exata
# type: matrix
# rows: 65
# columns: 1
 1
 0.99879545620517241
 0.99518472667219693
 0.98917650996478101
 0.98078528040323043
 0.97003125319454397
 0.95694033573220882
 0.94154406518302081
 0.92387953251128674
 0.90398929312344334
 0.88192126434835505
 0.85772861000027212
 0.83146961230254524
 0.80320753148064494
 0.77301045336273699
 0.74095112535495911
 0.70710678118654757
 0.67155895484701833
 0.63439328416364549
 0.59569930449243347
 0.55557023301960229
 0.51410274419322166
 0.47139673682599781
 0.4275550934302822
 0.38268343236508984
 0.33688985339222005
 0.29028467725446233
 0.24298017990326398
 0.19509032201612833
 0.14673047445536175
 0.09801714032956077
 0.049067674327418126
 6.123233995736766e-17
 -0.049067674327418008
 -0.098017140329560645
 -0.14673047445536164
 -0.19509032201612819
 -0.24298017990326387
 -0.29028467725446216
 -0.33688985339221994
 -0.38268343236508973
 -0.42755509343028186
 -0.4713967368259977
 -0.51410274419322166
 -0.55557023301960196
 -0.59569930449243336
 -0.63439328416364538
 -0.67155895484701844
 -0.70710678118654746
 -0.74095112535495888
 -0.77301045336273699
 -0.80320753148064483
 -0.83146961230254535
 -0.85772861000027201
 -0.88192126434835494
 -0.90398929312344334
 -0.92387953251128674
 -0.9415440651830207
 -0.95694033573220882
 -0.97003125319454397
 -0.98078528040323043
 -0.98917650996478101
 -0.99518472667219682
 -0.99879545620517241
 -1


