# Created by Octave 6.2.0, Mon Aug 30 22:23:41 2021 -03 <kuroneko@kuroneko-VirtualBox>
# name: alfa
# type: scalar
0


# name: beta
# type: scalar
100


# name: h
# type: scalar
0.00390625


# name: xl
# type: matrix
# rows: 257
# columns: 1
 0
 0.00390625
 0.0078125
 0.01171875
 0.015625
 0.01953125
 0.0234375
 0.02734375
 0.03125
 0.03515625
 0.0390625
 0.04296875
 0.046875
 0.05078125
 0.0546875
 0.05859375
 0.0625
 0.06640625
 0.0703125
 0.07421875
 0.078125
 0.08203125
 0.0859375
 0.08984375
 0.09375
 0.09765625
 0.1015625
 0.10546875
 0.109375
 0.11328125
 0.1171875
 0.12109375
 0.125
 0.12890625
 0.1328125
 0.13671875
 0.140625
 0.14453125
 0.1484375
 0.15234375
 0.15625
 0.16015625
 0.1640625
 0.16796875
 0.171875
 0.17578125
 0.1796875
 0.18359375
 0.1875
 0.19140625
 0.1953125
 0.19921875
 0.203125
 0.20703125
 0.2109375
 0.21484375
 0.21875
 0.22265625
 0.2265625
 0.23046875
 0.234375
 0.23828125
 0.2421875
 0.24609375
 0.25
 0.25390625
 0.2578125
 0.26171875
 0.265625
 0.26953125
 0.2734375
 0.27734375
 0.28125
 0.28515625
 0.2890625
 0.29296875
 0.296875
 0.30078125
 0.3046875
 0.30859375
 0.3125
 0.31640625
 0.3203125
 0.32421875
 0.328125
 0.33203125
 0.3359375
 0.33984375
 0.34375
 0.34765625
 0.3515625
 0.35546875
 0.359375
 0.36328125
 0.3671875
 0.37109375
 0.375
 0.37890625
 0.3828125
 0.38671875
 0.390625
 0.39453125
 0.3984375
 0.40234375
 0.40625
 0.41015625
 0.4140625
 0.41796875
 0.421875
 0.42578125
 0.4296875
 0.43359375
 0.4375
 0.44140625
 0.4453125
 0.44921875
 0.453125
 0.45703125
 0.4609375
 0.46484375
 0.46875
 0.47265625
 0.4765625
 0.48046875
 0.484375
 0.48828125
 0.4921875
 0.49609375
 0.5
 0.50390625
 0.5078125
 0.51171875
 0.515625
 0.51953125
 0.5234375
 0.52734375
 0.53125
 0.53515625
 0.5390625
 0.54296875
 0.546875
 0.55078125
 0.5546875
 0.55859375
 0.5625
 0.56640625
 0.5703125
 0.57421875
 0.578125
 0.58203125
 0.5859375
 0.58984375
 0.59375
 0.59765625
 0.6015625
 0.60546875
 0.609375
 0.61328125
 0.6171875
 0.62109375
 0.625
 0.62890625
 0.6328125
 0.63671875
 0.640625
 0.64453125
 0.6484375
 0.65234375
 0.65625
 0.66015625
 0.6640625
 0.66796875
 0.671875
 0.67578125
 0.6796875
 0.68359375
 0.6875
 0.69140625
 0.6953125
 0.69921875
 0.703125
 0.70703125
 0.7109375
 0.71484375
 0.71875
 0.72265625
 0.7265625
 0.73046875
 0.734375
 0.73828125
 0.7421875
 0.74609375
 0.75
 0.75390625
 0.7578125
 0.76171875
 0.765625
 0.76953125
 0.7734375
 0.77734375
 0.78125
 0.78515625
 0.7890625
 0.79296875
 0.796875
 0.80078125
 0.8046875
 0.80859375
 0.8125
 0.81640625
 0.8203125
 0.82421875
 0.828125
 0.83203125
 0.8359375
 0.83984375
 0.84375
 0.84765625
 0.8515625
 0.85546875
 0.859375
 0.86328125
 0.8671875
 0.87109375
 0.875
 0.87890625
 0.8828125
 0.88671875
 0.890625
 0.89453125
 0.8984375
 0.90234375
 0.90625
 0.91015625
 0.9140625
 0.91796875
 0.921875
 0.92578125
 0.9296875
 0.93359375
 0.9375
 0.94140625
 0.9453125
 0.94921875
 0.953125
 0.95703125
 0.9609375
 0.96484375
 0.96875
 0.97265625
 0.9765625
 0.98046875
 0.984375
 0.98828125
 0.9921875
 0.99609375
 1


# name: u
# type: matrix
# rows: 257
# columns: 1
 0.27420761849365832
 0.28343735086505806
 0.29251649825437054
 0.30144509467876629
 0.31022319682783722
 0.31885088405505979
 0.32732825836584417
 0.33565544440217293
 0.34383258942383044
 0.35185986328622587
 0.35973745841481375
 0.36746558977611526
 0.37504449484534541
 0.38247443357064975
 0.38975568833395724
 0.39688856390845462
 0.40387338741268874
 0.41071050826130356
 0.4174002981124198
 0.42394315081166445
 0.43033948233285901
 0.43658973071537555
 0.44269435599816942
 0.44865384015049919
 0.45446868699934378
 0.46013942215352799
 0.46566659292456786
 0.47105076824424735
 0.47629253857893944
 0.48139251584068404
 0.48635133329503627
 0.49116964546569897
 0.49584812803595391
 0.5003874777469064
 0.50478841229255877
 0.5090516702117277
 0.51317801077682368
 0.51716821387950707
 0.52102307991323926
 0.52474342965274645
 0.52833010413041392
 0.53178396450962973
 0.53510589195509672
 0.5382967875001321
 0.54135757191097544
 0.54428918554812455
 0.54709258822472051
 0.54976875906200351
 0.55231869634186059
 0.55474341735648847
 0.55704395825519293
 0.55922137388834803
 0.56127673764854014
 0.56321114130891881
 0.56502569485877963
 0.56672152633640405
 0.56829978165918082
 0.56976162445103518
 0.57110823586719139
 0.57234081441629503
 0.57346057577992182
 0.57446875262950092
 0.57536659444067861
 0.57615536730515227
 0.5768363537400012
 0.57741085249454493
 0.57788017835475569
 0.57824566194525695
 0.57850864952893588
 0.57867050280420107
 0.57873259869991645
 0.57869632916803992
 0.57856310097400121
 0.57833433548484792
 0.57801146845519269
 0.57759594981099427
 0.57708924343120349
 0.57649282692730897
 0.57580819142081396
 0.57503684131867905
 0.57418029408676396
 0.57324008002130278
 0.572217742018447
 0.57111483534191076
 0.56993292738875445
 0.56867359745334001
 0.567338436489495
 0.56592904687092105
 0.56444704214988206
 0.5628940468142094
 0.56127169604265981
 0.55958163545866346
 0.55782552088249959
 0.55600501808193536
 0.55412180252136767
 0.55217755910950461
 0.55017398194562395
 0.54811277406444847
 0.54599564717967486
 0.5438243214261963
 0.54160052510105594
 0.5393259944031723
 0.53700247317187355
 0.53463171262428211
 0.53221547109158762
 0.52975551375424901
 0.5272536123761643
 0.52471154503784978
 0.52213109586866779
 0.51951405477814294
 0.51686221718640901
 0.5141773837538246
 0.51146136010980059
 0.50871595658087909
 0.50594298791810488
 0.5031442730237301
 0.50032163467729507
 0.49747689926112376
 0.49461189648527759
 0.49172845911200797
 0.48882842267974874
 0.48591362522669113
 0.48298590701398147
 0.48004711024858526
 0.47709907880585717
 0.47414365795186025
 0.47118269406547586
 0.46821803436034554
 0.46525152660668762
 0.46228501885302969
 0.45932035914789937
 0.45635939526151492
 0.4534039744075179
 0.45045594296478958
 0.44751714619939315
 0.44458942798668327
 0.44167463053362538
 0.43877459410136599
 0.4358911567280962
 0.4330261539522498
 0.43018141853607816
 0.42735878018964285
 0.42456006529526769
 0.42178709663249303
 0.41904169310357126
 0.41632566945954691
 0.41364083602696211
 0.41098899843522774
 0.40837195734470244
 0.40579150817551984
 0.40324944083720465
 0.40074753945911917
 0.39828758212177989
 0.39587134058908491
 0.39350058004149291
 0.39117705881019366
 0.38890252811230952
 0.38667873178716872
 0.38450740603368971
 0.38239027914891577
 0.38032907126773985
 0.37832549410385874
 0.37638125069199524
 0.3744980351314271
 0.37267753233086237
 0.370921417754698
 0.36923135717070121
 0.36760900639915101
 0.36605601106347768
 0.36457400634243803
 0.3631646167238633
 0.36182945576001752
 0.36057012582460224
 0.3593882178714452
 0.35828531119490825
 0.35726297319205158
 0.35632275912658956
 0.3554662118946737
 0.35469486179253801
 0.35401022628604228
 0.35341380978214704
 0.35290710340235548
 0.35249158475815617
 0.35216871772850006
 0.35193995223934582
 0.35180672404530616
 0.35177045451342875
 0.35183255040914319
 0.35199440368440754
 0.35225739126808547
 0.35262287485858584
 0.35309220071879577
 0.35366669947333862
 0.35434768590818666
 0.35513645877265926
 0.35603430058383595
 0.35704247743341405
 0.35816223879704001
 0.35939481734614276
 0.36074142876229809
 0.36220327155415155
 0.36378152687692739
 0.36547735835455075
 0.36729191190441046
 0.36922631556478791
 0.3712816793249788
 0.37345909495813256
 0.37575963585683558
 0.37818435687146212
 0.38073429415131788
 0.38341046498859943
 0.38621386766519394
 0.38914548130234156
 0.39220626571318346
 0.39539716125821744
 0.398719088703683
 0.40217294908289736
 0.40575962356056333
 0.40947997330006897
 0.41333483933379955
 0.41732504243648127
 0.42145138300157553
 0.42571464092074274
 0.43011557546639329
 0.43465492517734416
 0.43933340774759749
 0.44415171991825858
 0.4491105373726092
 0.45421051463435225
 0.45945228496904278
 0.46483646028872078
 0.4703636310597592
 0.47603436621394207
 0.48184921306278528
