# Created by Octave 6.2.0, Mon Aug 30 22:23:41 2021 -03 <kuroneko@kuroneko-VirtualBox>
# name: alfa
# type: scalar
0


# name: beta
# type: scalar
100


# name: h
# type: scalar
0.0625


# name: xl
# type: matrix
# rows: 17
# columns: 1
 0
 0.0625
 0.125
 0.1875
 0.25
 0.3125
 0.375
 0.4375
 0.5
 0.5625
 0.625
 0.6875
 0.75
 0.8125
 0.875
 0.9375
 1


# name: u
# type: matrix
# rows: 17
# columns: 1
 0.86252044049088372
 0.84003250746156966
 0.77985350715353763
 0.68417029780701277
 0.55653414450457883
 0.40172424604562845
 0.22556407301670731
 0.034697575082712775
 -0.16366614227275747
 -0.3620298596282277
 -0.55289635756222222
 -0.7290565305911435
 -0.88386642905009394
 -1.0115025823525279
 -1.1071857916990528
 -1.1673647920070849
 -1.1898527250363988


# name: x
# type: range
# base, limit, increment
0 1 0.0625


# name: exata
# type: matrix
# rows: 17
# columns: 1
 1
 0.98078528040323043
 0.92387953251128674
 0.83146961230254524
 0.70710678118654757
 0.55557023301960229
 0.38268343236508984
 0.19509032201612833
 6.123233995736766e-17
 -0.19509032201612819
 -0.38268343236508973
 -0.55557023301960196
 -0.70710678118654746
 -0.83146961230254535
 -0.92387953251128674
 -0.98078528040323043
 -1


