# Created by Octave 6.2.0, Mon Aug 30 22:23:41 2021 -03 <kuroneko@kuroneko-VirtualBox>
# name: alfa
# type: scalar
0


# name: beta
# type: scalar
100


# name: h
# type: scalar
0.015625


# name: xl
# type: matrix
# rows: 65
# columns: 1
 0
 0.015625
 0.03125
 0.046875
 0.0625
 0.078125
 0.09375
 0.109375
 0.125
 0.140625
 0.15625
 0.171875
 0.1875
 0.203125
 0.21875
 0.234375
 0.25
 0.265625
 0.28125
 0.296875
 0.3125
 0.328125
 0.34375
 0.359375
 0.375
 0.390625
 0.40625
 0.421875
 0.4375
 0.453125
 0.46875
 0.484375
 0.5
 0.515625
 0.53125
 0.546875
 0.5625
 0.578125
 0.59375
 0.609375
 0.625
 0.640625
 0.65625
 0.671875
 0.6875
 0.703125
 0.71875
 0.734375
 0.75
 0.765625
 0.78125
 0.796875
 0.8125
 0.828125
 0.84375
 0.859375
 0.875
 0.890625
 0.90625
 0.921875
 0.9375
 0.953125
 0.96875
 0.984375
 1


# name: u
# type: matrix
# rows: 65
# columns: 1
 0.61803713523038128
 0.59561243240284434
 0.57078154382745661
 0.5435531680679605
 0.5139417794447203
 0.4819675931648163
 0.44765651662184003
 0.41104008698271455
 0.37215539521189639
 0.33104499671599374
 0.28775680882406429
 0.24234399535057272
 0.19486483851910472
 0.14538259855538579
 0.093965361287856417
 0.040685874122947621
 -0.014378629209792925
 -0.071146614720520293
 -0.12953244458161536
 -0.18944658343671256
 -0.2507958140992157
 -0.31348346212066541
 -0.37740962868795302
 -0.44247143128831146
 -0.5085632515623002
 -0.5755769897476839
 -0.64340232510122841
 -0.71192698167103374
 -0.78103699877913646
 -0.85061700556276543
 -0.92055049891285445
 -0.99072012414023725
 -1.061007957693372
 -1.1312957912465067
 -1.2014654164738894
 -1.2713989098239784
 -1.3409789166076072
 -1.4100889337157101
 -1.4786135902855155
 -1.54643892563906
 -1.6134526638244437
 -1.6795444840984328
 -1.7446062866987913
 -1.8085324532660789
 -1.8712201012875289
 -1.9325693319500323
 -1.99248347080513
 -2.0508693006662253
 -2.1076372861769532
 -2.1627017895096938
 -2.215981276674603
 -2.2673985139421329
 -2.3168807539058522
 -2.3643599107373205
 -2.4097727242108133
 -2.4530609121027442
 -2.4941713105986487
 -2.5330560023694684
 -2.5696724320085953
 -2.6039835085515728
 -2.6359576948314785
 -2.6655690834547201
 -2.6927974592142179
 -2.7176283477896077
 -2.7400530506171474


# name: x
# type: range
# base, limit, increment
0 1 0.015625


# name: exata
# type: matrix
# rows: 65
# columns: 1
 1
 0.99879545620517241
 0.99518472667219693
 0.98917650996478101
 0.98078528040323043
 0.97003125319454397
 0.95694033573220882
 0.94154406518302081
 0.92387953251128674
 0.90398929312344334
 0.88192126434835505
 0.85772861000027212
 0.83146961230254524
 0.80320753148064494
 0.77301045336273699
 0.74095112535495911
 0.70710678118654757
 0.67155895484701833
 0.63439328416364549
 0.59569930449243347
 0.55557023301960229
 0.51410274419322166
 0.47139673682599781
 0.4275550934302822
 0.38268343236508984
 0.33688985339222005
 0.29028467725446233
 0.24298017990326398
 0.19509032201612833
 0.14673047445536175
 0.09801714032956077
 0.049067674327418126
 6.123233995736766e-17
 -0.049067674327418008
 -0.098017140329560645
 -0.14673047445536164
 -0.19509032201612819
 -0.24298017990326387
 -0.29028467725446216
 -0.33688985339221994
 -0.38268343236508973
 -0.42755509343028186
 -0.4713967368259977
 -0.51410274419322166
 -0.55557023301960196
 -0.59569930449243336
 -0.63439328416364538
 -0.67155895484701844
 -0.70710678118654746
 -0.74095112535495888
 -0.77301045336273699
 -0.80320753148064483
 -0.83146961230254535
 -0.85772861000027201
 -0.88192126434835494
 -0.90398929312344334
 -0.92387953251128674
 -0.9415440651830207
 -0.95694033573220882
 -0.97003125319454397
 -0.98078528040323043
 -0.98917650996478101
 -0.99518472667219682
 -0.99879545620517241
 -1


