# Created by Octave 6.3.0, Fri Sep 24 18:13:56 2021 -03 <kuroneko@kuroneko-VirtualBox>
# name: beta
# type: scalar
0


# name: Lambda
# type: matrix
# rows: 5
# columns: 5
 1 0 0 0 0
 0.70710678118654757 0 0 0 0
 6.123233995736766e-17 0 0 0 0
 -0.70710678118654746 0 0 0 0
 -1 0 0 0 0


# name: nen
# type: scalar
2


# name: nel
# type: scalar
4


# name: h
# type: scalar
0.25


# name: xl
# type: matrix
# rows: 5
# columns: 1
 0
 0.25
 0.5
 0.75
 1


# name: U
# type: matrix
# rows: 4
# columns: 2
 -2.343465666197702 -0.12222375638118677
 -3.4363846844736781 -2.5163161601161619
 -2.5163161601161628 -3.4363846844736781
 -0.12222375638118817 -2.3434656661977025


# name: P
# type: matrix
# rows: 4
# columns: 2
 -0.96920308393495702 -0.69162782413041324
 -0.67903232186423212 -0.008906365064867269
 0.0089063650648671215 0.67903232186423201
 0.69162782413041313 0.96920308393495702


# name: x
# type: range
# base, limit, increment
0 1 0.25


# name: exata
# type: matrix
# rows: 5
# columns: 1
 1
 0.70710678118654757
 6.123233995736766e-17
 -0.70710678118654746
 -1


