# Created by Octave 6.3.0, Wed Sep 15 02:22:37 2021 -03 <kuroneko@kuroneko-VirtualBox>
# name: alfa
# type: scalar
1


# name: beta
# type: scalar
23040


# name: Lambda
# type: matrix
# rows: 257
# columns: 1
 0
 0.012271538280065934
 0.02454122851170833
 0.036807222924708956
 0.049067674305426266
 0.061320736274978999
 0.07356456356730405
 0.085797312307046722
 0.098017140287241566
 0.11022220724674203
 0.12241067514735694
 0.13458070845065234
 0.14673047439437689
 0.15885814326846895
 0.17096188869060436
 0.18303988788124284
 0.19509032193813183
 0.20711137611022651
 0.21910124007098461
 0.23105810819099512
 0.24298017980989914
 0.25486565950756279
 0.26671275737446115
 0.27851968928123166
 0.29028467714735767
 0.30200594920894064
 0.31368174028552159
 0.32531029204591061
 0.33688985327298482
 0.34841868012741556
 0.3598950364102842
 0.37131719382454698
 0.38268343223531065
 0.39399203992887799
 0.40524131387052581
 0.4164295599609758
 0.42755509329151953
 0.43861623839775954
 0.44961132951192806
 0.46053871081374559
 0.47139673667978133
 0.48218377193127809
 0.49289819208040397
 0.50353838357489433
 0.51410274404104717
 0.52458968252503402
 0.5349976197324926
 0.54532498826636189
 0.55557023286292706
 0.56573181062603595
 0.57580819125945404
 0.58579785729732092
 0.59569930433267526
 0.60551104124401312
 0.6152315904198451
 0.62485948798121949
 0.63439328400217709
 0.64383154272810428
 0.65317284279195309
 0.66241577742829283
 0.67155895468516458
 0.68060099763370407
 0.68954054457550151
 0.69837624924766895
 0.70710678102558222
 0.71573082512326802
 0.72424708279140637
 0.73265427151291684
 0.74095112519610118
 0.7491363943653121
 0.75720884634911978
 0.76516726546594738
 0.77301045320714867
 0.78073722841749826
 0.78834642747307027
 0.79583690445647481
 0.80320753132942946
 0.81045719810263761
 0.81758481300294883
 0.82458930263777575
 0.83146961215674309
 0.83822470541054417
 0.84485356510698129
 0.8513551929641664
 0.85772860986085819
 0.86397285598391449
 0.87008699097283648
 0.8760700940613837
 0.88192126421623773
 0.88763962027269461
 0.89322430106736517
 0.89867446556786301
 0.90398929299946074
 0.90916798296869583
 0.91420975558390694
 0.91911385157268266
 0.92387953239620479
 0.92850608036047022
 0.93299279872437213
 0.93733901180462775
 0.94154406507753308
 0.94560732527753177
 0.9495281804925827
 0.95330604025631183
 0.95694033563693393
 0.96043051932293189
 0.96377606570547969
 0.96697647095759709
 0.97003125311002414
 0.97293995212380446
 0.97570212995956473
 0.97831737064348201
 0.98078528032992829
 0.98310548736078174
 0.98527764232139725
 0.98730141809322647
 0.98917650990308137
 0.990902635369032
 0.99247953454293114
 0.99390696994956296
 0.99518472662240498
 0.9963126121360012
 0.9972904566349412
 0.9981181128594393
 0.99879545616751186
 0.99932238455374744
 0.99969881866466814
 0.99992470181068094
 0.99999999997461408
 0.99992470181684023
 0.99969881867698418
 0.99932238457221489
 0.99879545619212318
 0.99811811289018415
 0.99729045667180694
 0.9963126121789726
 0.99518472667146418
 0.99390697000468953
 0.99247953460410199
 0.99090263543622159
 0.98917650997626194
 0.98730141817236716
 0.98527764240646498
 0.98310548745174098
 0.98078528042674074
 0.97831737074610692
 0.97570213006795903
 0.97293995223792273
 0.97003125322981842
 0.96697647108301699
 0.96377606583647235
 0.96043051945944191
 0.95694033577890325
 0.95330604040367994
 0.94952818064528677
 0.94560732543550652
 0.94154406524071077
 0.93733901197293845
 0.93299279889774311
 0.92850608053882655
 0.92387953257946953
 0.91911385176077598
 0.9142097557767469
 0.90916798316619796
 0.90398929320153842
 0.89867446577442756
 0.89322430127832553
 0.88763962048795719
 0.88192126443570684
 0.87607009428496141
 0.87008699120042232
 0.86397285621540587
 0.85772861009615042
 0.85135519320315245
 0.8448535653495518
 0.83822470565658791
 0.83146961240614659
 0.82458930289042343
 0.8175848132587229
 0.81045719836141838
 0.80320753159109493
 0.79583690472090107
 0.78834642774013142
 0.78073722868706619
 0.77301045347909336
 0.76516726574013694
 0.7572088466254201
 0.74913639464358739
 0.74095112547621378
 0.73265427179472709
 0.7242470830747727
 0.715730825408047
 0.70710678131162863
 0.6983762495348359
 0.68954054486364014
 0.68060099792266382
 0.67155895497479312
 0.66241577771843607
 0.65317284308245527
 0.64383154301880774
 0.6343932842929223
 0.62485948827184579
 0.61523159071019018
 0.605511041533913
 0.59569930462196463
 0.58579785758583258
 0.57580819154701957
 0.56573181091248503
 0.55557023314808796
 0.54532498855006162
 0.53499762001455686
 0.52458968280528728
 0.51410274431931235
 0.50353838385099314
 0.49289819235415666
 0.48218377220250391
 0.47139673694829798
 0.46053871107936967
 0.44961132977447504
 0.43861623865704369
 0.42755509354735394
 0.4164295602131724
 0.40524131411889547
 0.39399204017323064
 0.38268343247545511
 0.37131719406029112
 0.3598950366414348
 0.3484186803537786
 0.3368898534943654
 0.32531029226211294
 0.31368174049634906
 0.30200594941419562
 0.29028467734684199
 0.27851968947474642
 0.26671275756180651
 0.25486565968853825
 0.24298017998430355
 0.23105810835862681
 0.21910124023164124
 0.2071113762637051
 0.19509032208422902
 0.18303988801975465
 0.17096188882132632
 0.15885814339119611
 0.14673047450890395
 0.13458070855677362
 0.12241067524486635
 0.11022220733543321
 0.098017140366907826
 0.085797312377481075
 0.073564563628299301
 0.061320736326327729
 0.04906767434692088
 0.03680722295614175
 0.024541228532871488
 0.01227153829075155
 1.2246467991473532e-16


# name: nen
# type: scalar
4


# name: nel
# type: scalar
256


# name: h
# type: scalar
0.00390625


