# Created by Octave 6.3.0, Wed Sep 15 02:22:34 2021 -03 <kuroneko@kuroneko-VirtualBox>
# name: alfa
# type: scalar
1


# name: beta
# type: scalar
360


# name: Lambda
# type: matrix
# rows: 5
# columns: 1
 0
 0.70706823898384807
 0.9999993103425191
 0.70714434806628412
 1.2246467991473532e-16


# name: nen
# type: scalar
4


# name: nel
# type: scalar
4


# name: h
# type: scalar
0.25


# name: xl
# type: matrix
# rows: 13
# columns: 1
 0
 0.083333333333333329
 0.16666666666666666
 0.25
 0.33333333333333331
 0.41666666666666663
 0.49999999999999994
 0.58333333333333326
 0.66666666666666663
 0.75
 0.83333333333333337
 0.91666666666666674
 1


# name: U
# type: matrix
# rows: 4
# columns: 4
 1.3295915952848855e-05 0.25879744726617343 0.49992352093182557 0.70705487031370029
 0.70710424277326378 0.86597376303326556 0.96581158835898151 0.99997045205043589
 1.0000369314738549 0.9659102712402694 0.86595826510531371 0.70711690494838086
 0.70716154859103508 0.50001170350743118 0.25880245643649569 -9.9521374492146083e-06


# name: x
# type: range
# base, limit, increment
0 1 0.083333333333333329


# name: exata
# type: matrix
# rows: 13
# columns: 1
 0
 0.25881904510252074
 0.49999999999999994
 0.70710678118654746
 0.8660254037844386
 0.9659258262890682
 1
 0.96592582628906842
 0.86602540378443871
 0.70710678118654757
 0.49999999999999994
 0.25881904510252057
 1.2246467991473532e-16


