# Created by Octave 6.3.0, Wed Sep 15 02:22:34 2021 -03 <kuroneko@kuroneko-VirtualBox>
# name: alfa
# type: scalar
1


# name: beta
# type: scalar
1440


# name: Lambda
# type: matrix
# rows: 17
# columns: 1
 0
 0.19509002197823844
 0.38268293902783129
 0.55556964694870636
 0.70710619291027099
 0.83146909883272002
 0.92387915438379897
 0.98078507935165982
 0.99999999735182199
 0.98078547626021328
 0.9238799057455801
 0.83147012136861187
 0.70710736571773547
 0.55557081614800086
 0.3826839236755209
 0.1950906210207505
 1.2246467991473532e-16


# name: nen
# type: scalar
4


# name: nel
# type: scalar
16


# name: h
# type: scalar
0.0625


# name: xl
# type: matrix
# rows: 49
# columns: 1
 0
 0.020833333333333332
 0.041666666666666664
 0.0625
 0.083333333333333329
 0.10416666666666666
 0.12499999999999999
 0.14583333333333331
 0.16666666666666666
 0.1875
 0.20833333333333334
 0.22916666666666669
 0.25
 0.27083333333333331
 0.29166666666666663
 0.31249999999999994
 0.33333333333333326
 0.35416666666666657
 0.37499999999999989
 0.3958333333333332
 0.41666666666666652
 0.43749999999999983
 0.45833333333333315
 0.47916666666666646
 0.49999999999999978
 0.52083333333333315
 0.54166666666666652
 0.56249999999999989
 0.58333333333333326
 0.60416666666666663
 0.625
 0.64583333333333337
 0.66666666666666674
 0.68750000000000011
 0.70833333333333348
 0.72916666666666685
 0.75000000000000022
 0.77083333333333359
 0.79166666666666696
 0.81250000000000033
 0.8333333333333337
 0.85416666666666707
 0.87500000000000044
 0.89583333333333381
 0.91666666666666718
 0.93750000000000056
 0.95833333333333393
 0.9791666666666673
 1.0000000000000007


# name: U
# type: matrix
# rows: 16
# columns: 4
 1.334820003016624e-08 0.065403020549341773 0.13052594036666346 0.19509000838239429
 0.1950900656428074 0.25881865005828186 0.32143890588977286 0.38268290237909575
 0.38268301133076432 0.44228811466716128 0.49999924066533608 0.55556958865546968
 0.5555697451114423 0.60876077214074531 0.65934495756454081 0.70710611521270961
 0.70710631316047079 0.75183915801009038 0.79335247644788276 0.83146900471670759
 0.83146923654923632 0.86602483654434448 0.8968719499157809 0.92387904746616112
 0.92387930427426268 0.94692970255232567 0.96592516905607761 0.98078496374118129
 0.98078523565586495 0.9914446138041445 0.99785844378152733 0.999999877491349
 1.0000001540630856 0.99785887362346504 0.99144458265163993 0.98078535675591616
 0.98078562735620911 0.9659259720014145 0.94693005315152712 0.92387979118994212
 0.92388004541977387 0.89687305883797308 0.86602551008466566 0.83147001616394201
 0.83147024425340288 0.79335378525951716 0.75184005606814874 0.70710727390699024
 0.70710746709072991 0.65934632529421189 0.60876176046271424 0.55557074125941563
 0.55557089211349142 0.50000049687509929 0.44228902832807071 0.38268386858702197
 0.3826839713141964 0.32143985722497959 0.25881929979999235 0.19509058784935807
 0.19509063850188327 0.13052637798647002 0.065403200053627944 -9.9795278733541657e-09


# name: x
# type: range
# base, limit, increment
0 1 0.020833333333333332


# name: exata
# type: matrix
# rows: 49
# columns: 1
 0
 0.065403129230143062
 0.13052619222005157
 0.19509032201612825
 0.25881904510252074
 0.32143946530316153
 0.38268343236508973
 0.44228869021900119
 0.49999999999999994
 0.55557023301960218
 0.60876142900872066
 0.65934581510006895
 0.70710678118654746
 0.75183980747897727
 0.79335334029123505
 0.83146961230254512
 0.86602540378443849
 0.89687274153268814
 0.92387953251128652
 0.94693012949510558
 0.9659258262890682
 0.98078528040323032
 0.99144486137381038
 0.99785892323860348
 1
 0.99785892323860359
 0.99144486137381049
 0.98078528040323054
 0.96592582628906842
 0.94693012949510569
 0.92387953251128674
 0.89687274153268837
 0.86602540378443849
 0.83146961230254512
 0.79335334029123483
 0.75183980747897716
 0.70710678118654691
 0.65934581510006829
 0.6087614290087201
 0.5555702330196014
 0.49999999999999917
 0.44228869021900014
 0.38268343236508862
 0.32143946530316009
 0.2588190451025193
 0.19509032201612686
 0.1305261922200498
 0.065403129230141341
 -2.0979813693355779e-15


