# Created by Octave 6.3.0, Wed Sep 15 02:22:35 2021 -03 <kuroneko@kuroneko-VirtualBox>
# name: alfa
# type: scalar
1


# name: beta
# type: scalar
5760


# name: Lambda
# type: matrix
# rows: 65
# columns: 1
 0
 0.049067672998745565
 0.098017137778576874
 0.1467304707880448
 0.19509031733781776
 0.24298017431840727
 0.29028467086636334
 0.33688984630278968
 0.38268342467460092
 0.42755508523712787
 0.47139672822645429
 0.51410273528121675
 0.55557022388648825
 0.59569929522676768
 0.6343932748509773
 0.67155894556968232
 0.70710677202346528
 0.74095111638144917
 0.77301044465033353
 0.80320752309692545
 0.83146960431096761
 0.85772860246002158
 0.88192125731420212
 0.90398928664561129
 0.92387952663533113
 0.94154405994971913
 0.95694033117746313
 0.97003124934929352
 0.9807852772933775
 0.9891765076111283
 0.99518472509039801
 0.99879545540569326
 0.99999999998809452
 0.99879545698086947
 0.99518472823029991
 0.98917651229488102
 0.98078528348973071
 0.97003125701669812
 0.95694034026417008
 0.94154407039390453
 0.92387953836524517
 0.90398929957975183
 0.88192127136151
 0.85772861752010066
 0.83146962027432614
 0.80320753984524051
 0.77301046205673551
 0.74095113431082715
 0.70710679033279344
 0.67155896410836413
 0.63439329346120799
 0.59569931374391449
 0.55557024213948736
 0.51410275309298514
 0.4713967454143162
 0.42755510161325538
 0.38268344004646593
 0.33688986047362801
 0.29028468363564874
 0.2429801854823343
 0.19509032668979301
 0.14673047811918455
 0.098017142878210214
 0.049067675654922045
 1.2246467991473532e-16


# name: nen
# type: scalar
4


# name: nel
# type: scalar
64


# name: h
# type: scalar
0.015625


# name: xl
# type: matrix
# rows: 193
# columns: 1
 0
 0.005208333333333333
 0.010416666666666666
 0.015625
 0.020833333333333332
 0.026041666666666664
 0.031249999999999997
 0.036458333333333329
 0.041666666666666664
 0.046875
 0.052083333333333336
 0.057291666666666671
 0.0625
 0.067708333333333329
 0.072916666666666657
 0.078124999999999986
 0.083333333333333315
 0.088541666666666644
 0.093749999999999972
 0.098958333333333301
 0.10416666666666663
 0.10937499999999996
 0.11458333333333329
 0.11979166666666662
 0.12499999999999994
 0.13020833333333329
 0.13541666666666663
 0.14062499999999997
 0.14583333333333331
 0.15104166666666666
 0.15625
 0.16145833333333334
 0.16666666666666669
 0.17187500000000003
 0.17708333333333337
 0.18229166666666671
 0.18750000000000006
 0.1927083333333334
 0.19791666666666674
 0.20312500000000008
 0.20833333333333343
 0.21354166666666677
 0.21875000000000011
 0.22395833333333345
 0.2291666666666668
 0.23437500000000014
 0.23958333333333348
 0.24479166666666682
 0.25000000000000017
 0.25520833333333348
 0.2604166666666668
 0.26562500000000011
 0.27083333333333343
 0.27604166666666674
 0.28125000000000006
 0.28645833333333337
 0.29166666666666669
 0.296875
 0.30208333333333331
 0.30729166666666663
 0.31249999999999994
 0.31770833333333326
 0.32291666666666657
 0.32812499999999989
 0.3333333333333332
 0.33854166666666652
 0.34374999999999983
 0.34895833333333315
 0.35416666666666646
 0.35937499999999978
 0.36458333333333309
 0.36979166666666641
 0.37499999999999972
 0.38020833333333304
 0.38541666666666635
 0.39062499999999967
 0.39583333333333298
 0.4010416666666663
 0.40624999999999961
 0.41145833333333293
 0.41666666666666624
 0.42187499999999956
 0.42708333333333287
 0.43229166666666619
 0.4374999999999995
 0.44270833333333282
 0.44791666666666613
 0.45312499999999944
 0.45833333333333276
 0.46354166666666607
 0.46874999999999939
 0.4739583333333327
 0.47916666666666602
 0.48437499999999933
 0.48958333333333265
 0.49479166666666596
 0.49999999999999928
 0.50520833333333259
 0.51041666666666596
 0.51562499999999933
 0.5208333333333327
 0.52604166666666607
 0.53124999999999944
 0.53645833333333282
 0.54166666666666619
 0.54687499999999956
 0.55208333333333293
 0.5572916666666663
 0.56249999999999967
 0.56770833333333304
 0.57291666666666641
 0.57812499999999978
 0.58333333333333315
 0.58854166666666652
 0.59374999999999989
 0.59895833333333326
 0.60416666666666663
 0.609375
 0.61458333333333337
 0.61979166666666674
 0.62500000000000011
 0.63020833333333348
 0.63541666666666685
 0.64062500000000022
 0.64583333333333359
 0.65104166666666696
 0.65625000000000033
 0.6614583333333337
 0.66666666666666707
 0.67187500000000044
 0.67708333333333381
 0.68229166666666718
 0.68750000000000056
 0.69270833333333393
 0.6979166666666673
 0.70312500000000067
 0.70833333333333404
 0.71354166666666741
 0.71875000000000078
 0.72395833333333415
 0.72916666666666752
 0.73437500000000089
 0.73958333333333426
 0.74479166666666763
 0.750000000000001
 0.75520833333333437
 0.76041666666666774
 0.76562500000000111
 0.77083333333333448
 0.77604166666666785
 0.78125000000000122
 0.78645833333333459
 0.79166666666666796
 0.79687500000000133
 0.8020833333333347
 0.80729166666666807
 0.81250000000000144
 0.81770833333333481
 0.82291666666666818
 0.82812500000000155
 0.83333333333333492
 0.83854166666666829
 0.84375000000000167
 0.84895833333333504
 0.85416666666666841
 0.85937500000000178
 0.86458333333333515
 0.86979166666666852
 0.87500000000000189
 0.88020833333333526
 0.88541666666666863
 0.890625000000002
 0.89583333333333537
 0.90104166666666874
 0.90625000000000211
 0.91145833333333548
 0.91666666666666885
 0.92187500000000222
 0.92708333333333559
 0.93229166666666896
 0.93750000000000233
 0.9427083333333357
 0.94791666666666907
 0.95312500000000244
 0.95833333333333581
 0.96354166666666918
 0.96875000000000255
 0.97395833333333592
 0.97916666666666929
 0.98437500000000266
 0.98958333333333603
 0.99479166666666941
 1.0000000000000027


