# Created by Octave 6.2.0, Sat May 29 15:49:00 2021 -03 <kuroneko@kuroneko-VirtualBox>
# name: xl
# type: matrix
# rows: 1
# columns: 17
 0 0.09375 0.1875 0.28125 0.375 0.46875 0.5625 0.65625 0.75 0.84375 0.9375 1.03125 1.125 1.21875 1.3125 1.40625 1.5


# name: u
# type: matrix
# rows: 17
# columns: 1
 -2.9812517914530714e-06
 0.29028373427102938
 0.55557119707185498
 0.77301307328699964
 0.92388345884292766
 0.99518954174128782
 0.98079053430400032
 0.88192651368477315
 0.70711162725729171
 0.47140085996034431
 0.19509350910378082
 -0.098014977485556334
 -0.38268224945288304
 -0.63439290817868743
 -0.83146975644662435
 -0.95694062411232073
 -0.99989334470989732


# name: x
# type: range
# base, limit, increment
0 1.5 0.09375


# name: exata
# type: matrix
# rows: 1
# columns: 17
 0 0.29028467725446233 0.55557023301960218 0.77301045336273699 0.92387953251128674 0.99518472667219682 0.98078528040323043 0.88192126434835505 0.70710678118654757 0.47139673682599786 0.19509032201612861 -0.09801714032956059 -0.38268343236508967 -0.63439328416364527 -0.83146961230254524 -0.95694033573220882 -1


