# Created by Octave 6.2.0, Mon May 24 18:56:31 2021 -03 <kuroneko@kuroneko-VirtualBox>
# name: xl
# type: matrix
# rows: 1
# columns: 17
 0 0.0625 0.125 0.1875 0.25 0.3125 0.375 0.4375 0.5 0.5625 0.625 0.6875 0.75 0.8125 0.875 0.9375 1


# name: u
# type: matrix
# rows: 17
# columns: 1
 0
 0.99999999999999956
 0.99999999999999956
 0.99999999999999956
 0.99999999999999956
 0.99999999999999978
 0.99999999999999978
 0.99999999999999978
 0.99999999999999978
 1
 1
 1.0000000000000002
 1.0000000000000002
 1.0000000000000002
 1.0000000000000002
 1.0000000000000002
 0


# name: x
# type: range
# base, limit, increment
0 1 0.0625


# name: exata
# type: matrix
# rows: 1
# columns: 17
 0 0.46467805682438379 0.71334975571565107 0.84635596385346412 0.91736566859879498 0.95503181029059925 0.97455295530180519 0.98380602982665877 0.98652471777869544 0.98380602982665877 0.97455295530180519 0.95503181029059925 0.91736566859879498 0.84635596385346412 0.71334975571565096 0.46467805682438379 0


