# Created by Octave 6.2.0, Mon Aug 30 22:23:39 2021 -03 <kuroneko@kuroneko-VirtualBox>
# name: alfa
# type: scalar
-1


# name: beta
# type: scalar
100


# name: h
# type: scalar
0.00390625


# name: xl
# type: matrix
# rows: 257
# columns: 1
 0
 0.00390625
 0.0078125
 0.01171875
 0.015625
 0.01953125
 0.0234375
 0.02734375
 0.03125
 0.03515625
 0.0390625
 0.04296875
 0.046875
 0.05078125
 0.0546875
 0.05859375
 0.0625
 0.06640625
 0.0703125
 0.07421875
 0.078125
 0.08203125
 0.0859375
 0.08984375
 0.09375
 0.09765625
 0.1015625
 0.10546875
 0.109375
 0.11328125
 0.1171875
 0.12109375
 0.125
 0.12890625
 0.1328125
 0.13671875
 0.140625
 0.14453125
 0.1484375
 0.15234375
 0.15625
 0.16015625
 0.1640625
 0.16796875
 0.171875
 0.17578125
 0.1796875
 0.18359375
 0.1875
 0.19140625
 0.1953125
 0.19921875
 0.203125
 0.20703125
 0.2109375
 0.21484375
 0.21875
 0.22265625
 0.2265625
 0.23046875
 0.234375
 0.23828125
 0.2421875
 0.24609375
 0.25
 0.25390625
 0.2578125
 0.26171875
 0.265625
 0.26953125
 0.2734375
 0.27734375
 0.28125
 0.28515625
 0.2890625
 0.29296875
 0.296875
 0.30078125
 0.3046875
 0.30859375
 0.3125
 0.31640625
 0.3203125
 0.32421875
 0.328125
 0.33203125
 0.3359375
 0.33984375
 0.34375
 0.34765625
 0.3515625
 0.35546875
 0.359375
 0.36328125
 0.3671875
 0.37109375
 0.375
 0.37890625
 0.3828125
 0.38671875
 0.390625
 0.39453125
 0.3984375
 0.40234375
 0.40625
 0.41015625
 0.4140625
 0.41796875
 0.421875
 0.42578125
 0.4296875
 0.43359375
 0.4375
 0.44140625
 0.4453125
 0.44921875
 0.453125
 0.45703125
 0.4609375
 0.46484375
 0.46875
 0.47265625
 0.4765625
 0.48046875
 0.484375
 0.48828125
 0.4921875
 0.49609375
 0.5
 0.50390625
 0.5078125
 0.51171875
 0.515625
 0.51953125
 0.5234375
 0.52734375
 0.53125
 0.53515625
 0.5390625
 0.54296875
 0.546875
 0.55078125
 0.5546875
 0.55859375
 0.5625
 0.56640625
 0.5703125
 0.57421875
 0.578125
 0.58203125
 0.5859375
 0.58984375
 0.59375
 0.59765625
 0.6015625
 0.60546875
 0.609375
 0.61328125
 0.6171875
 0.62109375
 0.625
 0.62890625
 0.6328125
 0.63671875
 0.640625
 0.64453125
 0.6484375
 0.65234375
 0.65625
 0.66015625
 0.6640625
 0.66796875
 0.671875
 0.67578125
 0.6796875
 0.68359375
 0.6875
 0.69140625
 0.6953125
 0.69921875
 0.703125
 0.70703125
 0.7109375
 0.71484375
 0.71875
 0.72265625
 0.7265625
 0.73046875
 0.734375
 0.73828125
 0.7421875
 0.74609375
 0.75
 0.75390625
 0.7578125
 0.76171875
 0.765625
 0.76953125
 0.7734375
 0.77734375
 0.78125
 0.78515625
 0.7890625
 0.79296875
 0.796875
 0.80078125
 0.8046875
 0.80859375
 0.8125
 0.81640625
 0.8203125
 0.82421875
 0.828125
 0.83203125
 0.8359375
 0.83984375
 0.84375
 0.84765625
 0.8515625
 0.85546875
 0.859375
 0.86328125
 0.8671875
 0.87109375
 0.875
 0.87890625
 0.8828125
 0.88671875
 0.890625
 0.89453125
 0.8984375
 0.90234375
 0.90625
 0.91015625
 0.9140625
 0.91796875
 0.921875
 0.92578125
 0.9296875
 0.93359375
 0.9375
 0.94140625
 0.9453125
 0.94921875
 0.953125
 0.95703125
 0.9609375
 0.96484375
 0.96875
 0.97265625
 0.9765625
 0.98046875
 0.984375
 0.98828125
 0.9921875
 0.99609375
 1


# name: u
# type: matrix
# rows: 257
# columns: 1
 0.9999999999999486
 0.99992470183921467
 0.99969881869639365
 0.99932238458865574
 0.99879545620559296
 0.99811811290068175
 0.99729045667933225
 0.99631261218352707
 0.9951847266730508
 0.9939069700033123
 0.99247953459976623
 0.99090263542893398
 0.98917650996603024
 0.98730141815920092
 0.98527764239037463
 0.98310548743273818
 0.98078528040483848
 0.97831737072131963
 0.97570213004030215
 0.97293995220741314
 0.9700312531964741
 0.96697647104685713
 0.96377606579751751
 0.96043051941771385
 0.95694033573442505
 0.95330604035647615
 0.9495281805953828
 0.94560732538292902
 0.94154406518548783
 0.93733901191509927
 0.93299279883731812
 0.92850608047584748
 0.92387953251396926
 0.9191138516927887
 0.9142097557063078
 0.90916798309334357
 0.90398929312630616
 0.89867446569685638
 0.89322430119845531
 0.88763962040582922
 0.88192126435136353
 0.87607009419844628
 0.87008699111178012
 0.86397285612468255
 0.85772861000339296
 0.85135519310840913
 0.84485356525287214
 0.83822470555802231
 0.83146961230574679
 0.82458930278824216
 0.81758481315481413
 0.81045719825583684
 0.80320753148389679
 0.79583690461214329
 0.78834642762987206
 0.78073722857536443
 0.77301045336600915
 0.76516726562573145
 0.75720884650975562
 0.74913639452672709
 0.74095112535822183
 0.73265427167566888
 0.72424708295471441
 0.71573082528705589
 0.70710678118977266
 0.69837624941218424
 0.68954054474026294
 0.68060099779863192
 0.67155895485017847
 0.66241577759331138
 0.65317284295689437
 0.64383154289288536
 0.63439328416671426
 0.62485948814542858
 0.61523159058364096
 0.60551104140731005
 0.59569930449538677
 0.58579785745935986
 0.57580819142073247
 0.56573181078646539
 0.55557023302241815
 0.5453249884248248
 0.53499761988983685
 0.52458968268116857
 0.5141027441958802
 0.50353838372833348
 0.49289819223235631
 0.48218377208165014
 0.47139673682847905
 0.46053871096067434
 0.44961132965699263
 0.43861623854086429
 0.42755509343256826
 0.41642956009987181
 0.405241314007172
 0.39399204006317673
 0.3826834323671639
 0.37131719395385626
 0.3598950365369506
 0.34841868025133982
 0.3368898533940673
 0.32531029216405144
 0.31368174040062047
 0.30200594932089686
 0.29028467725607021
 0.27851968938659932
 0.26671275747638229
 0.25486565960593549
 0.2429801799046212
 0.23105810828196427
 0.21910124015809823
 0.2071113761933818
 0.19509032201722581
 0.18303988795617235
 0.17096188876126606
 0.15885814333475931
 0.14673047445619228
 0.13458070850788903
 0.12241067519991103
 0.11022220729450957
 0.098017140330118546
 0.085797312344929016
 0.073564563600087521
 0.061320736302559478
 0.049067674327699581
 0.036807222941570954
 0.024541228523054875
 0.012271538285792919
 3.3701727650886857e-15
 -0.012271538285786178
 -0.024541228523048131
 -0.036807222941564209
 -0.04906767432769283
 -0.061320736302552727
 -0.073564563600080748
 -0.085797312344922216
 -0.098017140330111732
 -0.11022220729450276
 -0.12241067519990421
 -0.13458070850788223
 -0.14673047445618551
 -0.15885814333475257
 -0.17096188876125934
 -0.18303988795616566
 -0.19509032201721913
 -0.20711137619337511
 -0.21910124015809157
 -0.23105810828195758
 -0.24298017990461446
 -0.25486565960592866
 -0.26671275747637546
 -0.27851968938659249
 -0.29028467725606338
 -0.30200594932089003
 -0.31368174040061364
 -0.32531029216404456
 -0.33688985339406036
 -0.34841868025133277
 -0.35989503653694344
 -0.37131719395384905
 -0.38268343236715663
 -0.3939920400631694
 -0.40524131400716462
 -0.41642956009986437
 -0.42755509343256071
 -0.43861623854085668
 -0.44961132965698503
 -0.46053871096066679
 -0.47139673682847161
 -0.48218377208164287
 -0.49289819223234915
 -0.5035383837283266
 -0.51410274419587343
 -0.52458968268116213
 -0.53499761988983063
 -0.54532498842481891
 -0.55557023302241237
 -0.56573181078645984
 -0.57580819142072703
 -0.58579785745935442
 -0.59569930449538133
 -0.60551104140730438
 -0.61523159058363519
 -0.6248594881454228
 -0.63439328416670848
 -0.64383154289287969
 -0.65317284295688882
 -0.66241577759330594
 -0.67155895485017314
 -0.68060099779862682
 -0.68954054474025817
 -0.69837624941217991
 -0.70710678118976877
 -0.71573082528705245
 -0.72424708295471141
 -0.73265427167566621
 -0.74095112535821961
 -0.7491363945267252
 -0.75720884650975417
 -0.76516726562573045
 -0.7730104533660086
 -0.78073722857536443
 -0.78834642762987261
 -0.7958369046121444
 -0.80320753148389823
 -0.81045719825583884
 -0.81758481315481657
 -0.82458930278824516
 -0.83146961230575023
 -0.83822470555802608
 -0.84485356525287625
 -0.85135519310841323
 -0.85772861000339706
 -0.86397285612468644
 -0.87008699111178367
 -0.87607009419844939
 -0.88192126435136631
 -0.88763962040583155
 -0.89322430119845719
 -0.89867446569685794
 -0.90398929312630749
 -0.90916798309334446
 -0.91420975570630847
 -0.91911385169278914
 -0.92387953251396948
 -0.92850608047584726
 -0.93299279883731734
 -0.93733901191509805
