# Created by Octave 6.2.0, Mon Aug 30 22:23:39 2021 -03 <kuroneko@kuroneko-VirtualBox>
# name: alfa
# type: scalar
-1


# name: beta
# type: scalar
100


# name: h
# type: scalar
0.015625


# name: xl
# type: matrix
# rows: 65
# columns: 1
 0
 0.015625
 0.03125
 0.046875
 0.0625
 0.078125
 0.09375
 0.109375
 0.125
 0.140625
 0.15625
 0.171875
 0.1875
 0.203125
 0.21875
 0.234375
 0.25
 0.265625
 0.28125
 0.296875
 0.3125
 0.328125
 0.34375
 0.359375
 0.375
 0.390625
 0.40625
 0.421875
 0.4375
 0.453125
 0.46875
 0.484375
 0.5
 0.515625
 0.53125
 0.546875
 0.5625
 0.578125
 0.59375
 0.609375
 0.625
 0.640625
 0.65625
 0.671875
 0.6875
 0.703125
 0.71875
 0.734375
 0.75
 0.765625
 0.78125
 0.796875
 0.8125
 0.828125
 0.84375
 0.859375
 0.875
 0.890625
 0.90625
 0.921875
 0.9375
 0.953125
 0.96875
 0.984375
 1


# name: u
# type: matrix
# rows: 65
# columns: 1
 0.99999999996314992
 0.99879545629474376
 0.99518472687848702
 0.98917651027812215
 0.98078528081401317
 0.97003125369324028
 0.95694033630939557
 0.94154406582940153
 0.92387953321771477
 0.9039892938809434
 0.88192126514814517
 0.85772861083378493
 0.8314696131614483
 0.80320753235686071
 0.77301045424846282
 0.74095112624268555
 0.7071067820690764
 0.67155895571748048
 0.63439328501551706
 0.59569930531955151
 0.55557023381617998
 0.51410274495386188
 0.47139673754570588
 0.42755509410447901
 0.38268343298962182
 0.33688985396336957
 0.29028467776895661
 0.24298018035828289
 0.19509032240931162
 0.14673047478481424
 0.098017140593856814
 0.049067674525605766
 1.3160259411865828e-10
 -0.049067674262400572
 -0.098017140330651634
 -0.14673047452160906
 -0.19509032214610642
 -0.24298018009507763
 -0.29028467750575127
 -0.33688985370016405
 -0.38268343272641608
 -0.4275550938412731
 -0.47139673728249992
 -0.51410274469065576
 -0.55557023355297375
 -0.59569930505634505
 -0.63439328475231038
 -0.67155895545427369
 -0.70710678180586928
 -0.74095112597947799
 -0.77301045398525492
 -0.80320753209365237
 -0.83146961289823929
 -0.85772861057057526
 -0.88192126488493483
 -0.90398929361773217
 -0.92387953295450265
 -0.94154406556618875
 -0.95694033604618223
 -0.9700312534300265
 -0.9807852805507985
 -0.9891765100149067
 -0.9951847266152708
 -0.99879545603152675
 -0.99999999969993192


# name: x
# type: range
# base, limit, increment
0 1 0.015625


# name: exata
# type: matrix
# rows: 65
# columns: 1
 1
 0.99879545620517241
 0.99518472667219693
 0.98917650996478101
 0.98078528040323043
 0.97003125319454397
 0.95694033573220882
 0.94154406518302081
 0.92387953251128674
 0.90398929312344334
 0.88192126434835505
 0.85772861000027212
 0.83146961230254524
 0.80320753148064494
 0.77301045336273699
 0.74095112535495911
 0.70710678118654757
 0.67155895484701833
 0.63439328416364549
 0.59569930449243347
 0.55557023301960229
 0.51410274419322166
 0.47139673682599781
 0.4275550934302822
 0.38268343236508984
 0.33688985339222005
 0.29028467725446233
 0.24298017990326398
 0.19509032201612833
 0.14673047445536175
 0.09801714032956077
 0.049067674327418126
 6.123233995736766e-17
 -0.049067674327418008
 -0.098017140329560645
 -0.14673047445536164
 -0.19509032201612819
 -0.24298017990326387
 -0.29028467725446216
 -0.33688985339221994
 -0.38268343236508973
 -0.42755509343028186
 -0.4713967368259977
 -0.51410274419322166
 -0.55557023301960196
 -0.59569930449243336
 -0.63439328416364538
 -0.67155895484701844
 -0.70710678118654746
 -0.74095112535495888
 -0.77301045336273699
 -0.80320753148064483
 -0.83146961230254535
 -0.85772861000027201
 -0.88192126434835494
 -0.90398929312344334
 -0.92387953251128674
 -0.9415440651830207
 -0.95694033573220882
 -0.97003125319454397
 -0.98078528040323043
 -0.98917650996478101
 -0.99518472667219682
 -0.99879545620517241
 -1


