# Created by Octave 6.2.0, Mon Aug 30 22:23:39 2021 -03 <kuroneko@kuroneko-VirtualBox>
# name: alfa
# type: scalar
-1


# name: beta
# type: scalar
100


# name: h
# type: scalar
0.0625


# name: xl
# type: matrix
# rows: 17
# columns: 1
 0
 0.0625
 0.125
 0.1875
 0.25
 0.3125
 0.375
 0.4375
 0.5
 0.5625
 0.625
 0.6875
 0.75
 0.8125
 0.875
 0.9375
 1


# name: u
# type: matrix
# rows: 17
# columns: 1
 0.99999998443984883
 0.98078537334068705
 0.92387969496280731
 0.8314698075464344
 0.70710697617415263
 0.55557039964535437
 0.38268354854658543
 0.19509037254274314
 -2.2882574884976129e-08
 -0.19509041830789292
 -0.38268359431173521
 -0.55557044541050427
 -0.70710702193930242
 -0.83146985331158418
 -0.92387974072795709
 -0.98078541910583705
 -1.0000000302049989


# name: x
# type: range
# base, limit, increment
0 1 0.0625


# name: exata
# type: matrix
# rows: 17
# columns: 1
 1
 0.98078528040323043
 0.92387953251128674
 0.83146961230254524
 0.70710678118654757
 0.55557023301960229
 0.38268343236508984
 0.19509032201612833
 6.123233995736766e-17
 -0.19509032201612819
 -0.38268343236508973
 -0.55557023301960196
 -0.70710678118654746
 -0.83146961230254535
 -0.92387953251128674
 -0.98078528040323043
 -1


