# Created by Octave 6.2.0, Sun Jun 27 21:01:45 2021 -03 <kuroneko@kuroneko-VirtualBox>
# name: erroSUPG
# type: matrix
# rows: 1
# columns: 3
 0.019718961864499274 0.15660817254403347 0.25374103122377889


# name: hhSUPG
# type: matrix
# rows: 1
# columns: 3
 0.02 0.10000000000000001 0.20000000000000001


# name: erroDer
# type: matrix
# rows: 4
# columns: 1
 3.2030433774036342
 2.2758356761805301
 1.9372406791869878
 0


