# Created by Octave 6.2.0, Mon Jun 21 16:25:37 2021 -03 <kuroneko@kuroneko-VirtualBox>
# name: xlSUPG
# type: matrix
# rows: 11
# columns: 1
 0
 0.10000000000000001
 0.20000000000000001
 0.30000000000000004
 0.40000000000000002
 0.5
 0.59999999999999998
 0.69999999999999996
 0.79999999999999993
 0.89999999999999991
 0.99999999999999989


# name: hSUPG
# type: scalar
0.10000000000000001


# name: uSUPG
# type: matrix
# rows: 11
# columns: 1
 0
 0.099999999999999992
 0.20000000000000004
 0.30000000000000016
 0.40000000000000036
 0.50000000000000044
 0.60000000000000053
 0.69999999999991558
 0.7999999981243604
 0.89995868627004194
 0


# name: x
# type: range
# base, limit, increment
0 1 0.10000000000000001


# name: exata
# type: matrix
# rows: 11
# columns: 1
 0
 0.10000000000000001
 0.20000000000000001
 0.30000000000000004
 0.40000000000000002
 0.5
 0.59999999999999998
 0.69999999999990636
 0.79999999793884635
 0.89995460007023742
 1.4099832412739488e-14


