# Created by Octave 6.2.0, Mon Jun 21 16:25:37 2021 -03 <kuroneko@kuroneko-VirtualBox>
# name: xlSUPG
# type: matrix
# rows: 6
# columns: 1
 0
 0.20000000000000001
 0.40000000000000002
 0.60000000000000009
 0.80000000000000004
 1


# name: hSUPG
# type: scalar
0.20000000000000001


# name: uSUPG
# type: matrix
# rows: 6
# columns: 1
 0
 0.20000000000000001
 0.39999999999999997
 0.59999999999999998
 0.79999999833046553
 0


# name: x
# type: range
# base, limit, increment
0 1 0.20000000000000001


# name: exata
# type: matrix
# rows: 6
# columns: 1
 0
 0.20000000000000001
 0.40000000000000002
 0.60000000000000009
 0.79999999793884646
 0


