# Created by Octave 6.3.0, Sat Sep 25 16:19:53 2021 -03 <kuroneko@kuroneko-VirtualBox>
# name: erro
# type: matrix
# rows: 4
# columns: 1
 0.0016201707231839764
 2.5725592935129288e-05
 4.0236817302055014e-07
 6.2873908801649451e-09


# name: derro
# type: matrix
# rows: 4
# columns: 1
 0.00087821171954559135
 3.5733281741292654e-06
 1.399386388963159e-08
 5.502267962004615e-11


# name: hh
# type: matrix
# rows: 4
# columns: 1
 0.25
 0.0625
 0.015625
 0.00390625


