# Created by Octave 6.3.0, Sat Sep 25 16:20:23 2021 -03 <kuroneko@kuroneko-VirtualBox>
# name: erro
# type: matrix
# rows: 4
# columns: 1
 2.6255085834294224e-06
 2.5783498410869807e-09
 3.4947635540565644e-12
 9.171161222176663e-11


# name: derro
# type: matrix
# rows: 4
# columns: 1
 1.4361296341489163e-06
 3.6246810410626498e-10
 1.8814483321000406e-12
 4.6511610743341581e-11


# name: hh
# type: matrix
# rows: 4
# columns: 1
 0.25
 0.0625
 0.015625
 0.00390625


