# Created by Octave 6.3.0, Sat Sep 25 16:19:48 2021 -03 <kuroneko@kuroneko-VirtualBox>
# name: erro
# type: matrix
# rows: 4
# columns: 1
 0.018803332792294167
 0.0011383778134683188
 7.1002432597641949e-05
 4.4370802537554421e-06


# name: derro
# type: matrix
# rows: 4
# columns: 1
 0.023698177111666857
 0.0015977795816690453
 0.00010036516103839676
 6.2747914019985638e-06


# name: hh
# type: matrix
# rows: 4
# columns: 1
 0.25
 0.0625
 0.015625
 0.00390625


