# Created by Octave 6.3.0, Tue Sep 14 02:30:33 2021 -03 <kuroneko@kuroneko-VirtualBox>
# name: alfa
# type: scalar
-1


# name: beta
# type: scalar
40960


# name: Lambda
# type: matrix
# rows: 257
# columns: 1
 0
 0.012271538285118545
 0.024541228521709639
 0.036807222939555115
 0.049067674325013515
 0.061320736299203676
 0.073564563596062602
 0.085797312340235701
 0.098017140324757696
 0.11022220728848219
 0.12241067519321817
 0.13458070850053191
 0.14673047444817225
 0.15885814332607781
 0.17096188875192464
 0.18303988794617268
 0.19509032200656964
 0.20711137618207101
 0.21910124014613488
 0.2310581082693505
 0.24298017989135931
 0.25486565959202778
 0.26671275746183126
 0.2785196893714077
 0.29028467724024076
 0.30200594930443236
 0.31368174038352392
 0.32531029214632584
 0.33688985337571586
 0.34841868023236572
 0.35989503651735733
 0.37131719393364732
 0.38268343234634294
 0.39399204004174754
 0.40524131398513846
 0.41642956007723803
 0.42755509340933823
 0.43861623851704223
 0.44961132963258293
 0.46053871093568138
 0.47139673680290739
 0.48218377205550433
 0.49289819220564102
 0.50353838370105364
 0.51410274416804047
 0.52458968265277417
 0.53499761986089267
 0.54532498839533605
 0.55557023299239017
 0.56573181075590329
 0.57580819138964168
 0.58579785742774571
 0.59569930446325503
 0.60551104137466649
 0.61523159055049148
 0.62485948811177938
 0.63439328413257146
 0.64383154285825495
 0.65317284292178257
 0.66241577755772463
 0.67155895481412331
 0.68060099776211491
 0.68954054470329074
 0.69837624937476384
 0.70710678115191061
 0.71573082524875908
 0.72424708291599016
 0.73265427163652419
 0.74095112531866381
 0.74913639448676284
 0.75720884646939224
 0.76516726558497639
 0.77301045332486995
 0.78073722853384864
 0.78834642758798712
 0.79583690456989709
 0.80320753144129686
 0.81045719821289108
 0.81758481311153031
 0.82458930274462816
 0.83146961226181038
 0.83822470551377148
 0.84485356520831512
 0.85135519306355389
 0.85772860995824785
 0.86397285607925578
 0.87008699106608045
 0.87607009415248205
 0.88192126430514339
 0.88763962035936161
 0.893224301151749
 0.89867446564992004
 0.90398929307914877
 0.90916798304597379
 0.91420975565873475
 0.91911385164502135
 0.92387953246601651
 0.92850608042771832
 0.93299279878902153
 0.93733901186664426
 0.94154406513688393
 0.94560732533418534
 0.94952818054650845
 0.95330604030748067
 0.95694033568531767
 0.96043051936850365
 0.96377606574821384
 0.96697647099746942
 0.97003125314701177
 0.97293995215788565
 0.97570212999071904
 0.97831737067169033
 0.98078528035517276
 0.98310548738304548
 0.98527764234066451
 0.98730141810948302
 0.98917650991631423
 0.99090263537922929
 0.99247953455008253
 0.99390696995365901
 0.99518472662343771
 0.99631261213396416
 0.99729045662982896
 0.99811811285124807
 0.99879545615623877
 0.9993223845393906
 0.99969881864722754
 0.99992470179015736
 0.99999999995100974
 0.99992470179015858
 0.99969881864722998
 0.99932238453939426
 0.99879545615624366
 0.9981181128512544
 0.99729045662983673
 0.99631261213397293
 0.99518472662344759
 0.99390696995367001
 0.99247953455009452
 0.99090263537924228
 0.98917650991632844
 0.98730141810949823
 0.9852776423406806
 0.98310548738306258
 0.98078528035519097
 0.97831737067170954
 0.97570212999073902
 0.97293995215790641
 0.9700312531470332
 0.9669764709974914
 0.96377606574823649
 0.96043051936852675
 0.95694033568534131
 0.95330604030750499
 0.94952818054653354
 0.94560732533421088
 0.94154406513691014
 0.93733901186667068
 0.93299279878904806
 0.92850608042774496
 0.92387953246604326
 0.91911385164504811
 0.91420975565876172
 0.90916798304600077
 0.90398929307917597
 0.89867446564994735
 0.89322430115177631
 0.88763962035938893
 0.88192126430517048
 0.87607009415250903
 0.87008699106610732
 0.86397285607928254
 0.85772860995827427
 0.8513551930635801
 0.8448535652083411
 0.83822470551379724
 0.8314696122618358
 0.82458930274465336
 0.8175848131115554
 0.81045719821291606
 0.80320753144132184
 0.79583690456992229
 0.78834642758801265
 0.78073722853387428
 0.77301045332489593
 0.7651672655850027
 0.75720884646941888
 0.74913639448678992
 0.74095112531869134
 0.73265427163655228
 0.72424708291601902
 0.71573082524878862
 0.7071067811519407
 0.69837624937479448
 0.68954054470332193
 0.68060099776214655
 0.6715589548141554
 0.66241577755775705
 0.65317284292181521
 0.64383154285828781
 0.63439328413260454
 0.6248594881118128
 0.61523159055052512
 0.60551104137470024
 0.59569930446328878
 0.58579785742777946
 0.57580819138967543
 0.56573181075593693
 0.55557023299242381
 0.54532498839536991
 0.53499761986092664
 0.52458968265280814
 0.51410274416807455
 0.50353838370108772
 0.49289819220567521
 0.48218377205553858
 0.4713967368029417
 0.46053871093571574
 0.4496113296326173
 0.43861623851707665
 0.42755509340937264
 0.41642956007727239
 0.40524131398517266
 0.39399204004178145
 0.38268343234637647
 0.37131719393368035
 0.35989503651738985
 0.34841868023239786
 0.33688985337574745
 0.32531029214635693
 0.31368174038355445
 0.30200594930446234
 0.29028467724027013
 0.27851968937143645
 0.2667127574618593
 0.25486565959205498
 0.24298017989138559
 0.23105810826937587
 0.21910124014615925
 0.2071113761820943
 0.19509032200659182
 0.18303988794619372
 0.17096188875194451
 0.15885814332609652
 0.14673047444818976
 0.13458070850054821
 0.1224106751932332
 0.11022220728849591
 0.098017140324770088
 0.08579731234024672
 0.073564563596072191
 0.061320736299211802
 0.049067674325020121
 0.036807222939560159
 0.024541228521713084
 0.012271538285120349
 1.2246467991473532e-16


# name: nen
# type: scalar
5


# name: nel
# type: scalar
256


# name: h
# type: scalar
0.00390625


