# Created by Octave 6.3.0, Tue Sep 14 02:30:27 2021 -03 <kuroneko@kuroneko-VirtualBox>
# name: alfa
# type: scalar
-1


# name: beta
# type: scalar
2560


# name: Lambda
# type: matrix
# rows: 17
# columns: 1
 0
 0.19509032201609083
 0.38268343236501662
 0.55557023301949648
 0.70710678118641346
 0.83146961230238814
 0.92387953251111277
 0.98078528040304636
 0.99999999999981304
 0.9807852804030478
 0.92387953251111554
 0.83146961230239169
 0.70710678118641745
 0.55557023301950048
 0.38268343236502
 0.19509032201609294
 1.2246467991473532e-16


# name: nen
# type: scalar
5


# name: nel
# type: scalar
16


# name: h
# type: scalar
0.0625


# name: xl
# type: matrix
# rows: 65
# columns: 1
 0
 0.015625
 0.03125
 0.046875
 0.0625
 0.078125
 0.09375
 0.109375
 0.125
 0.140625
 0.15625
 0.171875
 0.1875
 0.203125
 0.21875
 0.234375
 0.25
 0.265625
 0.28125
 0.296875
 0.3125
 0.328125
 0.34375
 0.359375
 0.375
 0.390625
 0.40625
 0.421875
 0.4375
 0.453125
 0.46875
 0.484375
 0.5
 0.515625
 0.53125
 0.546875
 0.5625
 0.578125
 0.59375
 0.609375
 0.625
 0.640625
 0.65625
 0.671875
 0.6875
 0.703125
 0.71875
 0.734375
 0.75
 0.765625
 0.78125
 0.796875
 0.8125
 0.828125
 0.84375
 0.859375
 0.875
 0.890625
 0.90625
 0.921875
 0.9375
 0.953125
 0.96875
 0.984375
 1


# name: U
# type: matrix
# rows: 16
# columns: 5
 -9.5495556025405327e-10 0.049067679651093578 0.098017139914971282 0.14673046977217008 0.19509032079094324
 0.19509032109566657 0.24298018503362523 0.29028467684423082 0.33688984889822254 0.38268343118946935
 0.38268343151449496 0.42755509817017301 0.47139673643588959 0.51410274006112067 0.55557023193872512
 0.55557023227156255 0.59569930865970222 0.63439328380865245 0.67155895123560838 0.70710678024195139
 0.70710678056981002 0.74095112878946123 0.7730104530565024 0.80320752852871125 0.83146961153053067
 0.83146961184081081 0.85772861257002042 0.88192126410264582 0.90398929094442615 0.92387953194152173
 0.92387953222229957 0.94154406678926306 0.95694033555646962 0.97003125187218298 0.98078528005761101
 0.98078528029809675 0.98917651054578926 0.99518472657318013 0.9987954557902845 0.99999999989180843
 1.0000000000827596 0.99879545573861861 0.99518472665370683 0.98917651047330946 0.98078528053662417
 0.98078528067070314 0.97003125169835802 0.95694033579495741 0.94154406659542411 0.92387953288113989
 0.92387953295319369 0.90398929065512246 0.88192126448992969 0.85772861226227182 0.83146961289464394
 0.83146961290190413 0.80320752813504548 0.77301045357769793 0.74095112837962818 0.70710678197813759
 0.70710678192032494 0.67155895075270977 0.63439328444373166 0.59569930816353533 0.55557023398026328
 0.55557023385959958 0.51410273950754537 0.47139673716044483 0.4275550976067381 0.3826834334579039
 0.38268343327902626 0.33688984829524393 0.29028467763041799 0.24298018442457478 0.19509032319909911
 0.19509032296888132 0.14673046914295973 0.098017140732576807 0.04906767901983225 1.2276662503444837e-09


# name: x
# type: range
# base, limit, increment
0 1 0.015625


# name: exata
# type: matrix
# rows: 65
# columns: 1
 0
 0.049067674327418015
 0.098017140329560604
 0.14673047445536175
 0.19509032201612825
 0.24298017990326387
 0.29028467725446233
 0.33688985339222005
 0.38268343236508978
 0.42755509343028208
 0.47139673682599764
 0.51410274419322166
 0.55557023301960218
 0.59569930449243336
 0.63439328416364549
 0.67155895484701833
 0.70710678118654746
 0.74095112535495911
 0.77301045336273699
 0.80320753148064483
 0.83146961230254524
 0.85772861000027212
 0.88192126434835494
 0.90398929312344334
 0.92387953251128674
 0.94154406518302081
 0.95694033573220894
 0.97003125319454397
 0.98078528040323043
 0.98917650996478101
 0.99518472667219682
 0.99879545620517241
 1
 0.99879545620517241
 0.99518472667219693
 0.98917650996478101
 0.98078528040323043
 0.97003125319454397
 0.95694033573220894
 0.94154406518302081
 0.92387953251128674
 0.90398929312344345
 0.88192126434835505
 0.85772861000027212
 0.83146961230254546
 0.80320753148064494
 0.7730104533627371
 0.74095112535495899
 0.70710678118654757
 0.67155895484701855
 0.63439328416364549
 0.59569930449243347
 0.55557023301960218
 0.51410274419322177
 0.47139673682599786
 0.42755509343028203
 0.38268343236508989
 0.33688985339222033
 0.29028467725446239
 0.24298017990326407
 0.19509032201612861
 0.1467304744553618
 0.098017140329560826
 0.049067674327417966
 1.2246467991473532e-16


