# Created by Octave 6.3.0, Tue Sep 14 02:30:27 2021 -03 <kuroneko@kuroneko-VirtualBox>
# name: alfa
# type: scalar
-1


# name: beta
# type: scalar
640


# name: Lambda
# type: matrix
# rows: 5
# columns: 1
 0
 0.70710678118631021
 0.99999999999966516
 0.70710678118631121
 1.2246467991473532e-16


# name: nen
# type: scalar
5


# name: nel
# type: scalar
4


# name: h
# type: scalar
0.25


# name: xl
# type: matrix
# rows: 17
# columns: 1
 0
 0.0625
 0.125
 0.1875
 0.25
 0.3125
 0.375
 0.4375
 0.5
 0.5625
 0.625
 0.6875
 0.75
 0.8125
 0.875
 0.9375
 1


# name: U
# type: matrix
# rows: 4
# columns: 5
 -9.1675355605789738e-07 0.1950954327367441 0.38268295528786578 0.55556588017049513 0.70710564469395676
 0.70710636698321438 0.83147190908354063 0.92387915176031354 0.98078362463727464 0.99999956931040535
 1.0000003309815857 0.98078341782144884 0.92387947112532054 0.83147162354498128 0.70710730859207205
 0.70710766346852783 0.55556530215019018 0.38268372630319741 0.19509482210841467 1.1765536400320655e-06


# name: x
# type: range
# base, limit, increment
0 1 0.0625


# name: exata
# type: matrix
# rows: 17
# columns: 1
 0
 0.19509032201612825
 0.38268343236508978
 0.55557023301960218
 0.70710678118654746
 0.83146961230254524
 0.92387953251128674
 0.98078528040323043
 1
 0.98078528040323043
 0.92387953251128674
 0.83146961230254546
 0.70710678118654757
 0.55557023301960218
 0.38268343236508989
 0.19509032201612861
 1.2246467991473532e-16


