# Created by Octave 6.2.0, Mon Aug 23 15:04:07 2021 -03 <kuroneko@kuroneko-VirtualBox>
# name: alfa
# type: scalar
1


# name: beta
# type: scalar
10


# name: h
# type: scalar
0.0625


# name: xlU1
# type: matrix
# rows: 16
# columns: 1
 0
 0.0625
 0.125
 0.1875
 0.25
 0.3125
 0.375
 0.4375
 0.5
 0.5625
 0.625
 0.6875
 0.75
 0.8125
 0.875
 0.9375


# name: xlU2
# type: matrix
# rows: 16
# columns: 1
 0.0625
 0.125
 0.1875
 0.25
 0.3125
 0.375
 0.4375
 0.5
 0.5625
 0.625
 0.6875
 0.75
 0.8125
 0.875
 0.9375
 1


# name: U
# type: matrix
# rows: 16
# columns: 2
 0.87119335903922435 0.91326805057253169
 0.8567308512437527 0.85875919678365487
 0.80934465729518079 0.77124870866008843
 0.73085580205246747 0.65409956518397339
 0.6242805682055339 0.51181374224110043
 0.49371458222303749 0.34985920421235533
 0.34417542172403748 0.17445977316903172
 0.18140979278398292 -0.0076440491190098922
 0.011672687243023727 -0.18945411488624006
 -0.15851299312256639 -0.3639835652654837
 -0.32260710805756676 -0.52452533135590951
 -0.47430361275006583 -0.66490988311952326
 -0.60777289559711078 -0.77974232096061202
 -0.71788580690932435 -0.86460969869171511
 -0.80041076925701193 -0.91625061058080137
 -0.8521763946176828 -0.93268052534452939


# name: x
# type: range
# base, limit, increment
0 1 0.0625


# name: exata
# type: matrix
# rows: 17
# columns: 1
 1
 0.98078528040323043
 0.92387953251128674
 0.83146961230254524
 0.70710678118654757
 0.55557023301960229
 0.38268343236508984
 0.19509032201612833
 6.123233995736766e-17
 -0.19509032201612819
 -0.38268343236508973
 -0.55557023301960196
 -0.70710678118654746
 -0.83146961230254535
 -0.92387953251128674
 -0.98078528040323043
 -1


