# Created by Octave 6.2.0, Mon Aug 30 16:33:17 2021 -03 <kuroneko@kuroneko-VirtualBox>
# name: alfa
# type: scalar
1


# name: beta
# type: scalar
10


# name: h
# type: scalar
0.015625


# name: xlU1
# type: matrix
# rows: 64
# columns: 1
 0
 0.015625
 0.03125
 0.046875
 0.0625
 0.078125
 0.09375
 0.109375
 0.125
 0.140625
 0.15625
 0.171875
 0.1875
 0.203125
 0.21875
 0.234375
 0.25
 0.265625
 0.28125
 0.296875
 0.3125
 0.328125
 0.34375
 0.359375
 0.375
 0.390625
 0.40625
 0.421875
 0.4375
 0.453125
 0.46875
 0.484375
 0.5
 0.515625
 0.53125
 0.546875
 0.5625
 0.578125
 0.59375
 0.609375
 0.625
 0.640625
 0.65625
 0.671875
 0.6875
 0.703125
 0.71875
 0.734375
 0.75
 0.765625
 0.78125
 0.796875
 0.8125
 0.828125
 0.84375
 0.859375
 0.875
 0.890625
 0.90625
 0.921875
 0.9375
 0.953125
 0.96875
 0.984375


# name: xlU2
# type: matrix
# rows: 64
# columns: 1
 0.015625
 0.03125
 0.046875
 0.0625
 0.078125
 0.09375
 0.109375
 0.125
 0.140625
 0.15625
 0.171875
 0.1875
 0.203125
 0.21875
 0.234375
 0.25
 0.265625
 0.28125
 0.296875
 0.3125
 0.328125
 0.34375
 0.359375
 0.375
 0.390625
 0.40625
 0.421875
 0.4375
 0.453125
 0.46875
 0.484375
 0.5
 0.515625
 0.53125
 0.546875
 0.5625
 0.578125
 0.59375
 0.609375
 0.625
 0.640625
 0.65625
 0.671875
 0.6875
 0.703125
 0.71875
 0.734375
 0.75
 0.765625
 0.78125
 0.796875
 0.8125
 0.828125
 0.84375
 0.859375
 0.875
 0.890625
 0.90625
 0.921875
 0.9375
 0.953125
 0.96875
 0.984375
 1


# name: U
# type: matrix
# rows: 64
# columns: 2
 0.89363450688933799 0.90784502759336649
 0.89268311074682072 0.90445030947212335
 0.88958116280070831 0.89887669133487069
 0.88433613591529869 0.89113760051589053
 0.87696066581977516 0.88125168116283537
 0.86747252066760816 0.86924274932132672
 0.85589455823153426 0.85513973556003064
 0.84225467083717231 0.83897661527437661
 0.82658571816796633 0.82079232683685344
 0.808925448103336 0.80063067779106345
 0.78931640578072382 0.77854023931551009
 0.76780583110063327 0.75457422921137374
 0.74444554492157344 0.72879038369617088
 0.7192918242190699 0.70125081831214631
 0.69240526650949852 0.67202187828448923
 0.66385064386536818 0.64117397868988124
 0.63369674687371591 0.60878143482040026
 0.60201621891356627 0.57492228315148219
 0.56888538115166054 0.53967809334520722
 0.53438404867808686 0.50313377174184604
 0.4985953382247319 0.4653773568130441
 0.46160546792979973 0.4264998070694378
 0.42350354963076209 0.38659478193363056
 0.38438137418613283 0.34575841610644081
 0.34433319034325799 0.30408908796999079
 0.30345547768482023 0.26168718258556234
 0.26184671420107919 0.21865484985719533
 0.21960713904776485 0.1750957584436196
 0.17683851106117054 0.13111484601137591
 0.13364386361220523 0.086818066430786586
 0.090127256389979093 0.042312134523801316
 0.046393524712893659 -0.0022957310213573123
 0.0025480269711815329 -0.046898065949403642
 -0.041303609190684321 -0.091387419328791852
 -0.085055741340241173 -0.13565661241042448
 -0.12860296675890676 -0.1795989968306452
 -0.17184037636635968 -0.22310871153648576
 -0.2146638074557071 -0.26608093781421988
 -0.25697009463056419 -0.30841215180682185
 -0.29865731833953568 -0.35000037391200806
 -0.33962505040933438 -0.39074541446002686
 -0.37977459598505686 -0.43054911507935684
 -0.41900923129472545 -0.46931558516881128
 -0.45723443666533004 -0.50695143290640321
 -0.49435812422900272 -0.54336599023842436
 -0.53029085977074797 -0.57847153130671869
 -0.56494607818331299 -0.61218348378797482
 -0.59824029201010287 -0.64442063263584548
 -0.63009329257377977 -0.67510531573511567
 -0.66042834320599064 -0.70416361099653724
 -0.68917236411272631 -0.73152551444161873
 -0.71625610842994802 -0.75712510884834616
 -0.74161432904533375 -0.78090072255152787
 -0.76518593578430849 -0.80279507801526051
 -0.78691414258160275 -0.82275542981950711
 -0.80674660428388278 -0.84073369172845669
 -0.8246355427537867 -0.8566865525344588
 -0.84053786197164948 -0.87057558039852212
 -0.85441525185760525 -0.88236731543599378
 -0.86623428056389529 -0.89203335032432851
 -0.87596647501514768 -0.89955039873884057
 -0.88358838950248531 -0.90490035145147996
 -0.8890816621663109 -0.9080703199575646
 -0.89243305923162219 -0.90905266752530567


# name: x
# type: range
# base, limit, increment
0 1 0.015625


# name: exata
# type: matrix
# rows: 65
# columns: 1
 1
 0.99879545620517241
 0.99518472667219693
 0.98917650996478101
 0.98078528040323043
 0.97003125319454397
 0.95694033573220882
 0.94154406518302081
 0.92387953251128674
 0.90398929312344334
 0.88192126434835505
 0.85772861000027212
 0.83146961230254524
 0.80320753148064494
 0.77301045336273699
 0.74095112535495911
 0.70710678118654757
 0.67155895484701833
 0.63439328416364549
 0.59569930449243347
 0.55557023301960229
 0.51410274419322166
 0.47139673682599781
 0.4275550934302822
 0.38268343236508984
 0.33688985339222005
 0.29028467725446233
 0.24298017990326398
 0.19509032201612833
 0.14673047445536175
 0.09801714032956077
 0.049067674327418126
 6.123233995736766e-17
 -0.049067674327418008
 -0.098017140329560645
 -0.14673047445536164
 -0.19509032201612819
 -0.24298017990326387
 -0.29028467725446216
 -0.33688985339221994
 -0.38268343236508973
 -0.42755509343028186
 -0.4713967368259977
 -0.51410274419322166
 -0.55557023301960196
 -0.59569930449243336
 -0.63439328416364538
 -0.67155895484701844
 -0.70710678118654746
 -0.74095112535495888
 -0.77301045336273699
 -0.80320753148064483
 -0.83146961230254535
 -0.85772861000027201
 -0.88192126434835494
 -0.90398929312344334
 -0.92387953251128674
 -0.9415440651830207
 -0.95694033573220882
 -0.97003125319454397
 -0.98078528040323043
 -0.98917650996478101
 -0.99518472667219682
 -0.99879545620517241
 -1


