# Created by Octave 6.2.0, Mon Aug 30 16:55:44 2021 -03 <kuroneko@kuroneko-VirtualBox>
# name: alfa
# type: scalar
1


# name: beta
# type: scalar
100


# name: h
# type: scalar
0.015625


# name: xlU1
# type: matrix
# rows: 64
# columns: 1
 0
 0.015625
 0.03125
 0.046875
 0.0625
 0.078125
 0.09375
 0.109375
 0.125
 0.140625
 0.15625
 0.171875
 0.1875
 0.203125
 0.21875
 0.234375
 0.25
 0.265625
 0.28125
 0.296875
 0.3125
 0.328125
 0.34375
 0.359375
 0.375
 0.390625
 0.40625
 0.421875
 0.4375
 0.453125
 0.46875
 0.484375
 0.5
 0.515625
 0.53125
 0.546875
 0.5625
 0.578125
 0.59375
 0.609375
 0.625
 0.640625
 0.65625
 0.671875
 0.6875
 0.703125
 0.71875
 0.734375
 0.75
 0.765625
 0.78125
 0.796875
 0.8125
 0.828125
 0.84375
 0.859375
 0.875
 0.890625
 0.90625
 0.921875
 0.9375
 0.953125
 0.96875
 0.984375


# name: xlU2
# type: matrix
# rows: 64
# columns: 1
 0.015625
 0.03125
 0.046875
 0.0625
 0.078125
 0.09375
 0.109375
 0.125
 0.140625
 0.15625
 0.171875
 0.1875
 0.203125
 0.21875
 0.234375
 0.25
 0.265625
 0.28125
 0.296875
 0.3125
 0.328125
 0.34375
 0.359375
 0.375
 0.390625
 0.40625
 0.421875
 0.4375
 0.453125
 0.46875
 0.484375
 0.5
 0.515625
 0.53125
 0.546875
 0.5625
 0.578125
 0.59375
 0.609375
 0.625
 0.640625
 0.65625
 0.671875
 0.6875
 0.703125
 0.71875
 0.734375
 0.75
 0.765625
 0.78125
 0.796875
 0.8125
 0.828125
 0.84375
 0.859375
 0.875
 0.890625
 0.90625
 0.921875
 0.9375
 0.953125
 0.96875
 0.984375
 1


# name: U
# type: matrix
# rows: 64
# columns: 2
 0.99824252784027512 0.9985794904953329
 0.99704190833610506 0.9949689716289577
 0.99343932754419684 0.98896148536093897
 0.98744346439722652 0.98057150425189032
 0.97906876345469107 0.96981924050117918
 0.96833540010469754 0.95673059725396759
 0.95526923195968805 0.94133710619826816
 0.93990173656318454 0.92367585160234433
 0.92226993555763137 0.90378938097546102
 0.90241630549601459 0.88172560256720789
 0.88038867551212441 0.8575376699523285
 0.85624011209598505 0.8312838539791052
 0.83002879125203055 0.80302740238978021
 0.80181785834801467 0.77283638745120498
 0.7716752759922878 0.74078354196278684
 0.73967366030592463 0.70694608403680548
 0.70589010598412316 0.67140553107321543
 0.67040600056833555 0.63424750337709146
 0.63330682837654806 0.59556151789181189
 0.59468196456407474 0.55544077254490265
 0.55462445981097841 0.51398192172606705
 0.51323081615483179 0.47128484343829424
 0.47060075450885841 0.42745239868300139
 0.4268369744255156 0.38259018365887315
 0.38204490668427776 0.33680627537136826
 0.33633245929965599 0.29021097126574824
 0.2898097575613372 0.24291652351087029
 0.24258887873271645 0.19503686857387992
 0.19478358204695237 0.14668735273728301
 0.14650903465101028 0.097984454219647563
 0.097881534157918365 0.049045502569372207
 0.049018228475629914 -1.1603992471431468e-05
 3.6833587453988237e-05 -0.049068682599280815
 -0.048944650036060439 -0.098007550451799555
 -0.097808221710592946 -0.14671030953083214
 -0.14643616481203597 -0.19505963062389972
 -0.19471133036615373 -0.2429390359815885
 -0.24251741927072135 -0.29023317992265107
 -0.28973926247024828 -0.33682812671185608
 -0.33626309840832258 -0.38261162504115265
 -0.38197684708916246 -0.42747337845290456
 -0.42677038008814383 -0.47130531105371809
 -0.4705357858608229 -0.51400182787873305
 -0.51316762971129559 -0.55546006927914515
 -0.5545632077936179 -0.59558015872010839
 -0.59462279453436584 -0.63426544339205371
 -0.6332498828802744 -0.67142272705577632
 -0.67035141679218602 -0.70696249456033633
 -0.70583801542519531 -0.74079912749289911
 -0.73962418845493683 -0.77285111044099175
 -0.77162854203126297 -0.80304122737026939
 -0.80177397486315782 -0.83129674764470818
 -0.82998786396250157 -0.85754960124107493
 -0.85620223959920838 -0.88173654273557822
 -0.88035394904626219 -0.90379930366763184
 -0.90238480872016402 -0.92368473291368058
 -0.92224174435028505 -0.94134492473291287
 -0.93987691883942936 -0.95673733417638629
 -0.95524784750759517 -0.96982487958153574
 -0.96831750044128562 -0.98057603190514642
 -0.97905439170181641 -0.98896489067958115
 -0.98743265517770085 -0.99497124640927448
 -0.99343210689837669 -0.99858062925717983
 -0.99703829365915841 -0.99978434390387161


# name: x
# type: range
# base, limit, increment
0 1 0.015625


# name: exata
# type: matrix
# rows: 65
# columns: 1
 1
 0.99879545620517241
 0.99518472667219693
 0.98917650996478101
 0.98078528040323043
 0.97003125319454397
 0.95694033573220882
 0.94154406518302081
 0.92387953251128674
 0.90398929312344334
 0.88192126434835505
 0.85772861000027212
 0.83146961230254524
 0.80320753148064494
 0.77301045336273699
 0.74095112535495911
 0.70710678118654757
 0.67155895484701833
 0.63439328416364549
 0.59569930449243347
 0.55557023301960229
 0.51410274419322166
 0.47139673682599781
 0.4275550934302822
 0.38268343236508984
 0.33688985339222005
 0.29028467725446233
 0.24298017990326398
 0.19509032201612833
 0.14673047445536175
 0.09801714032956077
 0.049067674327418126
 6.123233995736766e-17
 -0.049067674327418008
 -0.098017140329560645
 -0.14673047445536164
 -0.19509032201612819
 -0.24298017990326387
 -0.29028467725446216
 -0.33688985339221994
 -0.38268343236508973
 -0.42755509343028186
 -0.4713967368259977
 -0.51410274419322166
 -0.55557023301960196
 -0.59569930449243336
 -0.63439328416364538
 -0.67155895484701844
 -0.70710678118654746
 -0.74095112535495888
 -0.77301045336273699
 -0.80320753148064483
 -0.83146961230254535
 -0.85772861000027201
 -0.88192126434835494
 -0.90398929312344334
 -0.92387953251128674
 -0.9415440651830207
 -0.95694033573220882
 -0.97003125319454397
 -0.98078528040323043
 -0.98917650996478101
 -0.99518472667219682
 -0.99879545620517241
 -1


