# Created by Octave 6.2.0, Mon Aug 30 16:55:44 2021 -03 <kuroneko@kuroneko-VirtualBox>
# name: alfa
# type: scalar
1


# name: beta
# type: scalar
100


# name: h
# type: scalar
0.0625


# name: xlU1
# type: matrix
# rows: 16
# columns: 1
 0
 0.0625
 0.125
 0.1875
 0.25
 0.3125
 0.375
 0.4375
 0.5
 0.5625
 0.625
 0.6875
 0.75
 0.8125
 0.875
 0.9375


# name: xlU2
# type: matrix
# rows: 16
# columns: 1
 0.0625
 0.125
 0.1875
 0.25
 0.3125
 0.375
 0.4375
 0.5
 0.5625
 0.625
 0.6875
 0.75
 0.8125
 0.875
 0.9375
 1


# name: U
# type: matrix
# rows: 16
# columns: 2
 0.99594501110665357 0.98285923262289165
 0.97686634694146857 0.92585400839270948
 0.92024725689628162 0.83326873384490507
 0.82826358084917773 0.70866140915793063
 0.70445019988560797 0.55682062393891374
 0.55356519280065741 0.38358153441052789
 0.38140698579931415 0.19560162162974831
 0.19459152222920528 0.00010484822439057061
 0.00029801558801091313 -0.19539595443943089
 -0.19400694362510165 -0.3833878001534588
 -0.38085632479504905 -0.55664626771394432
 -0.55306961098981 -0.70851313137700667
 -0.70402874219924405 -0.8331522327399925
 -0.82793244366982865 -0.92577376103593512
 -0.92001916564004504 -0.98281832287517323
 -0.97675006702740697 -1.002093727737184


# name: x
# type: range
# base, limit, increment
0 1 0.0625


# name: exata
# type: matrix
# rows: 17
# columns: 1
 1
 0.98078528040323043
 0.92387953251128674
 0.83146961230254524
 0.70710678118654757
 0.55557023301960229
 0.38268343236508984
 0.19509032201612833
 6.123233995736766e-17
 -0.19509032201612819
 -0.38268343236508973
 -0.55557023301960196
 -0.70710678118654746
 -0.83146961230254535
 -0.92387953251128674
 -0.98078528040323043
 -1


