# Created by Octave 6.2.0, Sat May 29 19:01:59 2021 -03 <kuroneko@kuroneko-VirtualBox>
# name: xl
# type: matrix
# rows: 1
# columns: 257
 0 0.00390625 0.0078125 0.01171875 0.015625 0.01953125 0.0234375 0.02734375 0.03125 0.03515625 0.0390625 0.04296875 0.046875 0.05078125 0.0546875 0.05859375 0.0625 0.06640625 0.0703125 0.07421875 0.078125 0.08203125 0.0859375 0.08984375 0.09375 0.09765625 0.1015625 0.10546875 0.109375 0.11328125 0.1171875 0.12109375 0.125 0.12890625 0.1328125 0.13671875 0.140625 0.14453125 0.1484375 0.15234375 0.15625 0.16015625 0.1640625 0.16796875 0.171875 0.17578125 0.1796875 0.18359375 0.1875 0.19140625 0.1953125 0.19921875 0.203125 0.20703125 0.2109375 0.21484375 0.21875 0.22265625 0.2265625 0.23046875 0.234375 0.23828125 0.2421875 0.24609375 0.25 0.25390625 0.2578125 0.26171875 0.265625 0.26953125 0.2734375 0.27734375 0.28125 0.28515625 0.2890625 0.29296875 0.296875 0.30078125 0.3046875 0.30859375 0.3125 0.31640625 0.3203125 0.32421875 0.328125 0.33203125 0.3359375 0.33984375 0.34375 0.34765625 0.3515625 0.35546875 0.359375 0.36328125 0.3671875 0.37109375 0.375 0.37890625 0.3828125 0.38671875 0.390625 0.39453125 0.3984375 0.40234375 0.40625 0.41015625 0.4140625 0.41796875 0.421875 0.42578125 0.4296875 0.43359375 0.4375 0.44140625 0.4453125 0.44921875 0.453125 0.45703125 0.4609375 0.46484375 0.46875 0.47265625 0.4765625 0.48046875 0.484375 0.48828125 0.4921875 0.49609375 0.5 0.50390625 0.5078125 0.51171875 0.515625 0.51953125 0.5234375 0.52734375 0.53125 0.53515625 0.5390625 0.54296875 0.546875 0.55078125 0.5546875 0.55859375 0.5625 0.56640625 0.5703125 0.57421875 0.578125 0.58203125 0.5859375 0.58984375 0.59375 0.59765625 0.6015625 0.60546875 0.609375 0.61328125 0.6171875 0.62109375 0.625 0.62890625 0.6328125 0.63671875 0.640625 0.64453125 0.6484375 0.65234375 0.65625 0.66015625 0.6640625 0.66796875 0.671875 0.67578125 0.6796875 0.68359375 0.6875 0.69140625 0.6953125 0.69921875 0.703125 0.70703125 0.7109375 0.71484375 0.71875 0.72265625 0.7265625 0.73046875 0.734375 0.73828125 0.7421875 0.74609375 0.75 0.75390625 0.7578125 0.76171875 0.765625 0.76953125 0.7734375 0.77734375 0.78125 0.78515625 0.7890625 0.79296875 0.796875 0.80078125 0.8046875 0.80859375 0.8125 0.81640625 0.8203125 0.82421875 0.828125 0.83203125 0.8359375 0.83984375 0.84375 0.84765625 0.8515625 0.85546875 0.859375 0.86328125 0.8671875 0.87109375 0.875 0.87890625 0.8828125 0.88671875 0.890625 0.89453125 0.8984375 0.90234375 0.90625 0.91015625 0.9140625 0.91796875 0.921875 0.92578125 0.9296875 0.93359375 0.9375 0.94140625 0.9453125 0.94921875 0.953125 0.95703125 0.9609375 0.96484375 0.96875 0.97265625 0.9765625 0.98046875 0.984375 0.98828125 0.9921875 0.99609375 1


# name: h
# type: scalar
0.00390625


# name: u
# type: matrix
# rows: 257
# columns: 1
 0.99999990019531848
 1.2031854475191144
 1.2696120604235481
 1.3086872391956246
 1.3360407731142547
 1.3568827175519556
 1.3735813826637153
 1.3874120999419191
 1.3991401443664475
 1.409260761151415
 1.4181128626115649
 1.425938583654323
 1.4329169435728843
 1.4391840431170169
 1.4448457811634015
 1.4499861863241934
 1.4546730609374778
 1.4589619147555977
 1.4628987747208846
 1.4665222353411567
 1.4698649833267319
 1.4729549503637462
 1.4758161977997728
 1.4784696047318662
 1.4809334096922164
 1.483223641785105
 1.4853544672866561
 1.4873384708479216
 1.4891868855696822
 1.4909097827128441
 1.4925162292541536
 1.4940144196127603
 1.4954117864674807
 1.4967150945249534
 1.4979305202922626
 1.4990637202880519
 1.5001198896461858
 1.5011038126912781
 1.5020199067705926
 1.5028722603932723
 1.5036646665416165
 1.5044006518696573
 1.505083502383646
 1.5057162861011235
 1.5063018731053277
 1.5068429533461229
 1.5073420524846197
 1.5078015460339145
 1.5082236720111708
 1.508610542285213
 1.5089641527777511
 1.5092863926544351
 1.5095790526234356
 1.5098438324435439
 1.5100823477304413
 1.5102961361384111
 1.5104866629850038
 1.5106553263778166
 1.5108034618953388
 1.5109323468675979
 1.5110432042969648
 1.5111372064548014
 1.5112154781855784
 1.5112790999465424
 1.5113291106079214
 1.5113665100359448
 1.5113922614785664
 1.5114072937716956
 1.5114125033818948
 1.5114087562998559
 1.5113968897975436
 1.5113777140606122
 1.5113520137065517
 1.5113205491980266
 1.51128405815996
 1.5112432566081133
 1.511198840096196
 1.5111514847878937
 1.5111018484596257
 1.5110505714393276
 1.5109982774860848
 1.5109455746150247
 1.5108930558714968
 1.5108413000582319
 1.5107908724188499
 1.5107423252808239
 1.5106961986607401
 1.5106530208344671
 1.510613308874643
 1.5105775691576946
 1.5105462978424296
 1.5105199813220842
 1.5104990966515692
 1.5104841119515202
 1.5104754867906396
 1.5104736725477099
 1.5104791127545527
 1.5104922434211161
 1.5105134933437956
 1.5105432843979998
 1.5105820318159182
 1.5106301444503702
 1.5106880250255552
 1.5107560703754757
 1.5108346716707426
 1.5109242146344291
 1.5110250797475975
 1.5111376424450791
 1.5112622733020478
 1.5113993382119004
 1.5115491985559169
 1.5117122113651447
 1.5118887294749264
 1.5120791016724628
 1.51228367283778
 1.5125027840784375
 1.5127367728583161
 1.5129859731207744
 1.5132507154064725
 1.5135313269661244
 1.5138281318684392
 1.5141414511034827
 1.5144716026816927
 1.5148189017287546
 1.5151836605765399
 1.5155661888502958
 1.5159667935522667
 1.5163857791419115
 1.5168234476128815
 1.5172800985669057
 1.5177560292847274
 1.518251534794228
 1.5187669079358634
 1.5193024394255348
 1.5198584179150119
 1.520435130050011
 1.5210328605260353
 1.5216518921420743
 1.5222925058522543
 1.5229549808155289
 1.5236395944434935
 1.5243466224464002
 1.5250763388774546
 1.5258290161754606
 1.5266049252058842
 1.527404335300401
 1.528227514294987
 1.5290747285666186
 1.5299462430686286
 1.5308423213647779
 1.5317632256620939
 1.5327092168425176
 1.5336805544934162
 1.5346774969369972
 1.5357003012586672
 1.536749223334382
 1.5378245178570171
 1.5389264383618035
 1.5400552372508576
 1.5412111658168444
 1.5423944742658018
 1.5436054117391591
 1.544844226334976
 1.5461111651284367
 1.5474064741916194
 1.5487303986125649
 1.5500831825136829
 1.5514650690695015
 1.5528763005237947
 1.5543171182061053
 1.555787762547685
 1.5572884730968706
 1.5588194885339166
 1.5603810466853016
 1.5619733845375268
 1.5635967382504228
 1.5652513431699819
 1.5669374338407291
 1.5686552440176511
 1.5704050066776938
 1.5721869540308424
 1.5740013175308001
 1.5758483278852748
 1.5777282150658887
 1.5796412083177205
 1.5815875361684948
 1.5835674264374242
 1.5855811062437193
 1.5876288020147757
 1.5897107394940471
 1.5918271437486122
 1.5939782391764492
 1.596164249513421
 1.5983853978399816
 1.6006419065876161
 1.6029339975450128
 1.6052618918639847
 1.607625810065141
 1.6100259720433179
 1.6124625970727757
 1.614935903812168
 1.6174461103092905
 1.6199934340056117
 1.622578091740597
 1.6252002997558268
 1.6278602736989185
 1.6305582286272515
 1.6332943790115066
 1.636068938739023
 1.6388821211169733
 1.6417341388753672
 1.6446252041698841
 1.6475555285845396
 1.650525323134195
 1.6535347982669033
 1.6565841638661059
 1.6596736292526777
 1.6628034031868273
 1.6659736938698531
 1.6691847089457601
 1.6724366555027421
 1.6757297400745301
 1.6790641686416088
 1.6824401466323105
 1.6858578789237801
 1.6893175698428231
 1.6928194231666298
 1.6963636421233894
 1.6999504293927847
 1.7035799871063795
 1.7072525168478956
 1.7109682196533844
 1.7147272960112918
 1.7185299458624237
 1.7223763685998075
 1.7262667630684612
 1.7302013275650603
 1.7341802598375129
 1.7382037570844435
 1.7422720159545841
 1.7463852325460767
 1.7505436024056886
 1.7547473205279434
 1.7589965813541626
 1.7632915787714312
 1.7676325061114775
 1.7720195561494749
 1.7764529211027642
 1.7809327926294993
 1.785459361827217
 1.7900328192313317
 1.7946533548135579
 1.7993211579802586
 1.8040364175707253
 1.8087993218553851
 1.8136100585339405
 1.8184688147334409


# name: x
# type: range
# base, limit, increment
0 1 0.00390625


