# Created by Octave 6.2.0, Sat May 29 19:01:59 2021 -03 <kuroneko@kuroneko-VirtualBox>
# name: xl
# type: matrix
# rows: 1
# columns: 65
 0 0.015625 0.03125 0.046875 0.0625 0.078125 0.09375 0.109375 0.125 0.140625 0.15625 0.171875 0.1875 0.203125 0.21875 0.234375 0.25 0.265625 0.28125 0.296875 0.3125 0.328125 0.34375 0.359375 0.375 0.390625 0.40625 0.421875 0.4375 0.453125 0.46875 0.484375 0.5 0.515625 0.53125 0.546875 0.5625 0.578125 0.59375 0.609375 0.625 0.640625 0.65625 0.671875 0.6875 0.703125 0.71875 0.734375 0.75 0.765625 0.78125 0.796875 0.8125 0.828125 0.84375 0.859375 0.875 0.890625 0.90625 0.921875 0.9375 0.953125 0.96875 0.984375 1


# name: h
# type: scalar
0.015625


# name: u
# type: matrix
# rows: 65
# columns: 1
 0.99999990078099454
 1.2218046483469478
 1.2905449263925257
 1.3286937445478555
 1.3537576066234478
 1.3715801444948494
 1.3848242461978237
 1.3949294651573494
 1.4027644871637392
 1.408895791461118
 1.4137149099918653
 1.4175050860241611
 1.4204789499719277
 1.4228011242084426
 1.4246024551275627
 1.4259893370536514
 1.4270500279342482
 1.427859050711163
 1.4284803367034038
 1.4289695189901397
 1.4293756373225195
 1.4297424267890919
 1.4301093063852439
 1.4305121475004794
 1.4309838785027555
 1.4315549655473208
 1.4322537987216808
 1.4331070049480716
 1.4341397036117973
 1.4353757169614785
 1.4368377444686369
 1.438547508225261
 1.4405258748847871
 1.4427929584659744
 1.445368207436438
 1.4482704787992042
 1.4515181013685114
 1.4551289300016943
 1.459120392224041
 1.4635095284221464
 1.4683130265728492
 1.4735472523075623
 1.4792282749767884
 1.4853718902699917
 1.4919936398565443
 1.4991088284400773
 1.5067325385580905
 1.5148796434085929
 1.5235648179438823
 1.5328025484367978
 1.5426071406956028
 1.5529927270790995
 1.5639732724428299
 1.5755625791296253
 1.5877742911028037
 1.6006218973075341
 1.6141187343349448
 1.6282779884541554
 1.6431126970693197
 1.6586357496517599
 1.6748598881912184
 1.6917977072049801
 1.7094616533390328
 1.7278640245914207
 1.7470169691844377


# name: x
# type: range
# base, limit, increment
0 1 0.015625


# name: exata
# type: matrix
# rows: 1
# columns: 65
 1 0.98437881469726562 0.968780517578125 0.95322799682617188 0.937744140625 0.92235183715820312 0.907073974609375 0.89193344116210938 0.876953125 0.86215591430664062 0.847564697265625 0.83320236206054688 0.819091796875 0.80525588989257812 0.791717529296875 0.77849960327148438 0.765625 0.75311660766601562 0.740997314453125 0.72929000854492188 0.718017578125 0.70720291137695312 0.696868896484375 0.68703842163085938 0.677734375 0.66897964477539062 0.660797119140625 0.65320968627929688 0.646240234375 0.63991165161132812 0.634246826171875 0.62926864624023438 0.625 0.62146377563476562 0.618682861328125 0.61668014526367188 0.615478515625 0.61510086059570312 0.615570068359375 0.61690902709960938 0.619140625 0.62228775024414062 0.626373291015625 0.63142013549804688 0.637451171875 0.64448928833007812 0.652557373046875 0.66167831420898438 0.671875 0.68317031860351562 0.695587158203125 0.70914840698242188 0.723876953125 0.73979568481445312 0.756927490234375 0.77529525756835938 0.794921875 0.81583023071289062 0.838043212890625 0.86158370971679688 0.886474609375 0.91273880004882812 0.940399169921875 0.96947860717773438 1


