# Created by Octave 6.2.0, Sat May 29 19:10:11 2021 -03 <kuroneko@kuroneko-VirtualBox>
# name: xl
# type: matrix
# rows: 1
# columns: 17
 0 0.0625 0.125 0.1875 0.25 0.3125 0.375 0.4375 0.5 0.5625 0.625 0.6875 0.75 0.8125 0.875 0.9375 1


# name: h
# type: scalar
0.0625


# name: u
# type: matrix
# rows: 17
# columns: 1
 0.99999995310796375
 0.9370190938677454
 0.87606766472648068
 0.81815866478838128
 0.76469234344523818
 0.7171120421675089
 0.67687290830644997
 0.6454346774274482
 0.62425926877048066
 0.61480979621723986
 0.61855010084218187
 0.63694450718990614
 0.67145768681199658
 0.72355457788921806
 0.79470033636350934
 0.886360305928521
 0.99999842701721475


# name: x
# type: range
# base, limit, increment
0 1 0.0625


# name: exata
# type: matrix
# rows: 1
# columns: 17
 1 0.937744140625 0.876953125 0.819091796875 0.765625 0.718017578125 0.677734375 0.646240234375 0.625 0.615478515625 0.619140625 0.637451171875 0.671875 0.723876953125 0.794921875 0.886474609375 1


