# Created by Octave 6.2.0, Sun Jun 20 00:23:14 2021 -03 <kuroneko@kuroneko-VirtualBox>
# name: xlSU
# type: matrix
# rows: 6
# columns: 1
 0
 0.20000000000000001
 0.40000000000000002
 0.60000000000000009
 0.80000000000000004
 1


# name: hSU
# type: scalar
0.20000000000000001


# name: uSU
# type: matrix
# rows: 6
# columns: 1
 0
 0.75460664405408029
 0.14899393797955157
 0.34727412382108536
 -0.63349143917348316
 1


# name: x
# type: range
# base, limit, increment
0 1 0.20000000000000001


# name: exata
# type: matrix
# rows: 6
# columns: 1
 1.0000000000065512e-05
 0.48614923012432243
 0.34132427622177541
 0.023051187242409732
 -0.31099446351826887
 1.0000064171738918


