# Created by Octave 6.3.0, Tue Sep 14 02:52:47 2021 -03 <kuroneko@kuroneko-VirtualBox>
# name: alfa
# type: scalar
0


# name: beta
# type: scalar
160


# name: Lambda
# type: matrix
# rows: 17
# columns: 1
 0
 0.1971676122046222
 0.38609794363271738
 0.559624827602622
 0.71117404328013822
 0.83501595929832628
 0.92648572027772136
 0.98216251460248605
 1.0000010342923933
 0.97941007504148458
 0.92127525586799719
 0.82792498527215397
 0.70304098180328578
 0.55151678768071355
 0.37926971271058801
 0.19301343538850632
 1.2246467991473532e-16


# name: nen
# type: scalar
2


# name: nel
# type: scalar
16


# name: h
# type: scalar
0.0625


# name: xl
# type: matrix
# rows: 17
# columns: 1
 0
 0.0625
 0.125
 0.1875
 0.25
 0.3125
 0.375
 0.4375
 0.5
 0.5625
 0.625
 0.6875
 0.75
 0.8125
 0.875
 0.9375
 1


# name: U
# type: matrix
# rows: 16
# columns: 2
 -0.0001258949413754257 0.19741899727031775
 0.19666927532817016 0.38671694811838764
 0.38524631562788025 0.56058766351302425
 0.55845263605602724 0.71244370937120038
 0.70972633485554881 0.83654366301420569
 0.83334836861861494 0.92821275282136306
 0.92466233191751379 0.98402250708176886
 0.98025340035389696 1.0019225082394341
 0.9980795603453525 0.98131918929007367
 0.97755008256220188 0.92309864422820476
 0.91954822332435548 0.82959257595186531
 0.82639728155627457 0.7044886902278753
 0.70177131571222373 0.55268897922730831
 0.5505539517703113 0.38012134071542514
 0.37865070822491781 0.19351177226495839
 0.1927620503228108 0.00012589494137554805


# name: x
# type: range
# base, limit, increment
0 1 0.0625


# name: exata
# type: matrix
# rows: 17
# columns: 1
 0
 0.19509032201612825
 0.38268343236508978
 0.55557023301960218
 0.70710678118654746
 0.83146961230254524
 0.92387953251128674
 0.98078528040323043
 1
 0.98078528040323043
 0.92387953251128674
 0.83146961230254546
 0.70710678118654757
 0.55557023301960218
 0.38268343236508989
 0.19509032201612861
 1.2246467991473532e-16


