# Created by Octave 6.2.0, Thu Sep 02 17:00:58 2021 -03 <kuroneko@kuroneko-VirtualBox>
# name: alfa
# type: scalar
0


# name: beta
# type: scalar
40


# name: Lambda
# type: matrix
# rows: 5
# columns: 1
 0
 0.72356453470423832
 1.0002730651219744
 0.69103520006776364
 1.2246467991473532e-16


# name: h
# type: scalar
0.25


# name: xlU1
# type: matrix
# rows: 4
# columns: 1
 0
 0.25
 0.5
 0.75


# name: xlU2
# type: matrix
# rows: 4
# columns: 1
 0.25
 0.5
 0.75
 1


# name: U
# type: matrix
# rows: 4
# columns: 2
 -0.0078027741157506887 0.73876347369742557
 0.69733080673242276 1.0295703848955717
 0.97097574534837716 0.7172689280395792
 0.67583626107457651 0.0078027741157508145


# name: x
# type: range
# base, limit, increment
0 1 0.25


# name: exata
# type: matrix
# rows: 5
# columns: 1
 0
 0.70710678118654746
 1
 0.70710678118654757
 1.2246467991473532e-16


