# Created by Octave 6.2.0, Thu Sep 02 17:00:59 2021 -03 <kuroneko@kuroneko-VirtualBox>
# name: alfa
# type: scalar
0


# name: beta
# type: scalar
2560


# name: Lambda
# type: matrix
# rows: 257
# columns: 1
 0
 0.01228103326109186
 0.024560033678080576
 0.036835153522493155
 0.049104545650256695
 0.061366363779871202
 0.073618762770453122
 0.085859898899606449
 0.098087930141080665
 0.11030101644217309
 0.12249732000083433
 0.13467500554243439
 0.14683224059614711
 0.15896719577091636
 0.17107804503095261
 0.18316296597072776
 0.19522014008942548
 0.20724775306479667
 0.2192439950263925
 0.23120706082812367
 0.24313515032010757
 0.25502646861976724
 0.26687922638212885
 0.27869164006929659
 0.29046193221904226
 0.30218833171248682
 0.31386907404082426
 0.32550240157104843
 0.33708656381064855
 0.34861981767122591
 0.36010042773099532
 0.37152666649613553
 0.3828968146609395
 0.39420916136674394
 0.40546200445956726
 0.41665365074645444
 0.42778241625046615
 0.43884662646427608
 0.44984461660234709
 0.46077473185164314
 0.47163532762083549
 0.48242476978797399
 0.49314143494657853
 0.50378371065012051
 0.51434999565484663
 0.52483870016092704
 0.53524824605186749
 0.54557706713217069
 0.55582360936319664
 0.56598633109720076
 0.57606370330949497
 0.5860542098287157
 0.59595634756515359
 0.60576862673711251
 0.6154895710952647
 0.62511771814497208
 0.63465161936652781
 0.64408984043329909
 0.65343096142773616
 0.66267357705519814
 0.67181629685559485
 0.68085774541277799
 0.68979656256167476
 0.69863140359312714
 0.70736093945639766
 0.7159838569593171
 0.72449885896605348
 0.73290466459244852
 0.74120000939891761
 0.74938364558087012
 0.75745434215662255
 0.76541088515278177
 0.77325207778706195
 0.78097674064852007
 0.78858371187516585
 0.79607184732893899
 0.80344002076800536
 0.81068712401637344
 0.81781206713077548
 0.82481377856480753
 0.83169120533030971
 0.83844331315593001
 0.84506908664289015
 0.85156752941790093
 0.85793766428320428
 0.86417853336374739
 0.87028919825142659
 0.87626874014641087
 0.88211625999550647
 0.88783087862756038
 0.89341173688584985
 0.89885799575747372
 0.90416883649970026
 0.90934346076327555
 0.91438109071264295
 0.91928096914308577
 0.92404235959475955
 0.92866454646359975
 0.93314683510909058
 0.93748855195887271
 0.94168904461018432
 0.94574768192810554
 0.94966385414060983
 0.95343697293039054
 0.95706647152346069
 0.96055180477450763
 0.96389244924898654
 0.96708790330195338
 0.97013768715360427
 0.97304134296153277
 0.97579843488967999
 0.97840854917396769
 0.98087129418460939
 0.98318630048508704
 0.98535322088779242
 0.98737173050630922
 0.98924152680433586
 0.99096232964125286
 0.99253388131430553
 0.99395594659741804
 0.99522831277661261
 0.99635078968204727
 0.99732320971665334
 0.99814542788137295
 0.99881732179700178
 0.99933879172260887
 0.9997097605705686
 0.99993017391815897
 1.0000000000157654
 0.99991922979165848
 0.99968787685336036
 0.99930597748559846
 0.99877359064483562
 0.9980907979503959
 0.99725770367217292
 0.99627443471492305
 0.9951411405991607
 0.99385799343863257
 0.9924251879144097
 0.9908429412455515
 0.98911149315641622
 0.98723110584053886
 0.9852020639211565
 0.9830246744083444
 0.98069926665277896
 0.97822619229613572
 0.97560582521814265
 0.97283856148026704
 0.96992481926607288
 0.96686503881824348
 0.96365968237228405
 0.96030923408690994
 0.95681419997113248
 0.95317510780805825
 0.94939250707540612
 0.94546696886275605
 0.94139908578554865
 0.93718947189583646
 0.93283876258981091
 0.92834761451211489
 0.92371670545695228
 0.91894673426601736
 0.91403842072325114
 0.90899250544644306
 0.90380974977569661
 0.89849093565877691
 0.89303686553334971
 0.88744836220613921
 0.88172626872901461
 0.87587144827202834
 0.86988478399343161
 0.86376717890666654
 0.85751955574438343
 0.85114285681947188
 0.84463804388315955
 0.83800609798017212
 0.83124801930099279
 0.8243648270312367
 0.81735755919816544
 0.81022727251436344
 0.80297504221860294
 0.79560196191391452
 0.78810914340289651
 0.78049771652027866
 0.77276882896277788
 0.76492364611625463
 0.75696335088021405
 0.7488891434896614
 0.74070224133435414
 0.73240387877546864
 0.7239953069597056
 0.71547779363087571
 0.70685262293898143
 0.6981210952468262
 0.68928452693418796
 0.68034425019957501
 0.67130161285960344
 0.66215797814601818
 0.65291472450039933
 0.64357324536657068
 0.63413494898075318
 0.62460125815948975
 0.61497361008537454
 0.60525345609061809
 0.59544226143848267
 0.58554150510261938
 0.57555267954433786
 0.56547729048785034
 0.55531685669351183
 0.54507290972910361
 0.53474699373918244
 0.52434066521253797
 0.51385549274779418
 0.50329305681717973
 0.49265494952851935
 0.48194277438546385
 0.47115814604601219
 0.46030269007934704
 0.44937804272103177
 0.43838585062659863
 0.42732777062356891
 0.41620546946193998
 0.40502062356318075
 0.39377491876776588
 0.38247005008129703
 0.37110772141923998
 0.35968964535032111
 0.348217542838622
 0.33669314298440717
 0.32511818276372845
 0.31349440676684376
 0.30182356693548601
 0.29010742229902986
 0.2783477387095864
 0.26654628857607243
 0.25470485059729325
 0.24282520949407654
 0.23090915574049958
 0.21895848529425135
 0.20697499932616709
 0.19496050394897893
 0.18291680994532203
 0.17084573249503751
 0.15874909090181238
 0.14662870831920005
 0.13448641147605911
 0.12232403040145558
 0.11014339814906661
 0.097946350521129641
 0.085734725791977343
 0.073510364431200168
 0.061275108826478533
 0.049030803006125771
 0.036779292361384566
 0.024522423368517527
 0.012262043310734837
 1.2246467991473532e-16


# name: h
# type: scalar
0.00390625


