# Created by Octave 6.3.0, Tue Sep 14 02:52:47 2021 -03 <kuroneko@kuroneko-VirtualBox>
# name: alfa
# type: scalar
0


# name: beta
# type: scalar
640


# name: Lambda
# type: matrix
# rows: 65
# columns: 1
 0
 0.049215159813346877
 0.098300299964335439
 0.1471375396003988
 0.19560959508302411
 0.24360006253431057
 0.29099369826410687
 0.33767669640215509
 0.38353696306640039
 0.42846438640697093
 0.47235110187526913
 0.51509175207911706
 0.55658374059794224
 0.59672747914654134
 0.63542662749198198
 0.67258832554566217
 0.70812341707139748
 0.74194666447060342
 0.77397695412713652
 0.80413749181709926
 0.8323559877128528
 0.85856483053554344
 0.88270125043659553
 0.90470747021577347
 0.92453084451151968
 0.94212398662824048
 0.95744488269500694
 0.97045699288064968
 0.98112933942141256
 0.98943658124909906
 0.99535907503992527
 0.99888292253700739
 1.0000000040324795
 0.99870799792858189
 0.99501038633059258
 0.98891644665813117
 0.98044122929504185
 0.96960552133170086
 0.95643579648709554
 0.94096415133131561
 0.92322822796210469
 0.90327112332174986
 0.88114128537277325
 0.856892396382546
 0.83058324359800528
 0.80227757762202589
 0.77204395883263466
 0.73995559221505502
 0.70609015100448502
 0.6705295895644704
 0.63335994595166523
 0.59467113464261612
 0.55455672992191374
 0.51311374045354441
 0.47044237557852214
 0.42664580390180828
 0.38182990475010603
 0.33610301309928853
 0.28957565858595241
 0.24236029923184282
 0.19457105052262819
 0.14632341049370023
 0.097733981485290222
 0.048920189237218109
 1.2246467991473532e-16


# name: nen
# type: scalar
2


# name: nel
# type: scalar
64


# name: h
# type: scalar
0.015625


# name: xl
# type: matrix
# rows: 65
# columns: 1
 0
 0.015625
 0.03125
 0.046875
 0.0625
 0.078125
 0.09375
 0.109375
 0.125
 0.140625
 0.15625
 0.171875
 0.1875
 0.203125
 0.21875
 0.234375
 0.25
 0.265625
 0.28125
 0.296875
 0.3125
 0.328125
 0.34375
 0.359375
 0.375
 0.390625
 0.40625
 0.421875
 0.4375
 0.453125
 0.46875
 0.484375
 0.5
 0.515625
 0.53125
 0.546875
 0.5625
 0.578125
 0.59375
 0.609375
 0.625
 0.640625
 0.65625
 0.671875
 0.6875
 0.703125
 0.71875
 0.734375
 0.75
 0.765625
 0.78125
 0.796875
 0.8125
 0.828125
 0.84375
 0.859375
 0.875
 0.890625
 0.90625
 0.921875
 0.9375
 0.953125
 0.96875
 0.984375
 1


# name: U
# type: matrix
# rows: 64
# columns: 2
 -1.9710621080002611e-06 0.049219101541757113
 0.0492072807091819 0.098310144987294915
 0.098286531799565549 0.14715326420038488
 0.14711791554373888 0.19563116137809813
 0.19558416241054555 0.24362741856937872
 0.24356888251554898 0.29102677813608452
 0.29095684601445843 0.33771542041873326
 0.33763426070191715 0.38358123793803123
 0.38348904614689178 0.42851410547161078
 0.42841110370424773 0.47240614535533632
 0.47229258175202915 0.51515198737004686
 0.51502813551546311 0.55664902258764293
 0.55651518085174823 0.59679765056498157
 0.596654141384241 0.63550151929006837
 0.63534868839066816 0.67266775730249351
 0.67250597286745672 0.70820719742891414
 0.70803684921111554 0.74203459159458585
 0.74185608997780272 0.77406881619344159
 0.77388259120370362 0.804233067521963
 0.80403956779158203 0.83245504680603077
 0.83225473849280562 0.85866713437500364
 0.85846050003920604 0.88280655256342788
 0.88259409000527167 0.90481551694793105
 0.90459773800832854 0.92464137555496095
 0.92441880488245243 0.94223673570400068
 0.9420099094908313 0.95755957818068671
 0.95732904287107168 0.97057335846477766
 0.9703396694384705 0.98124709476910432
 0.98101081500343801 0.98955544267740803
 0.98931714139103366 0.99547875620125947
 0.99523900748284866 0.99900313510896632
 0.99876251653418135 1.0001204584124481
 0.99987954965251091 0.99882840393140793
 0.99858778535662296 0.9951304538876693
 0.99489070516925848 0.98903588651619667
 0.98879758522982231 0.98055975371301651
 0.98032347394735009 0.96972284477388004
 0.96948915574757288 0.95655163631103091
 0.95632110100141599 0.94107822846872491
 0.94085140225555564 0.92334026759117183
 0.9231176969186633 0.90338085552919489
 0.90316307658959227 0.88124844580409722
 0.88103598324594101 0.85699672687888351
 0.85679009254308591 0.83068449281805246
 0.83048418450482731 0.80237550164754323
 0.80218200191716227 0.77213832175606767
 0.7719520967663297 0.74004616670785583
 0.73986766509107271 0.70617671886476707
 0.70600637064696847 0.67061194224267595
 0.67045015780763917 0.63343788505297904
 0.63328505415357883 0.59474447240491657
 0.59460096322417599 0.55462528966810787
 0.55449144793221317 0.51317735701719847
 0.51305350516261461 0.47050089570176212
 0.47038733209845501 0.42669908660453154
 0.42659608483716849 0.3818778216696147
 0.3817856298784752 0.33614544879952651
 0.33606428908271041 0.28961251083560086
 0.28954257871397476 0.24239147925060445
 0.24233294319677467 0.19459648319510678
 0.19454948422755416 0.14634303455036016
 0.14630768589371415 0.097747749650060112
 0.097724136462330746 0.048928068341383087
 0.048916247508807881 1.9710621081227671e-06


# name: x
# type: range
# base, limit, increment
0 1 0.015625


# name: exata
# type: matrix
# rows: 65
# columns: 1
 0
 0.049067674327418015
 0.098017140329560604
 0.14673047445536175
 0.19509032201612825
 0.24298017990326387
 0.29028467725446233
 0.33688985339222005
 0.38268343236508978
 0.42755509343028208
 0.47139673682599764
 0.51410274419322166
 0.55557023301960218
 0.59569930449243336
 0.63439328416364549
 0.67155895484701833
 0.70710678118654746
 0.74095112535495911
 0.77301045336273699
 0.80320753148064483
 0.83146961230254524
 0.85772861000027212
 0.88192126434835494
 0.90398929312344334
 0.92387953251128674
 0.94154406518302081
 0.95694033573220894
 0.97003125319454397
 0.98078528040323043
 0.98917650996478101
 0.99518472667219682
 0.99879545620517241
 1
 0.99879545620517241
 0.99518472667219693
 0.98917650996478101
 0.98078528040323043
 0.97003125319454397
 0.95694033573220894
 0.94154406518302081
 0.92387953251128674
 0.90398929312344345
 0.88192126434835505
 0.85772861000027212
 0.83146961230254546
 0.80320753148064494
 0.7730104533627371
 0.74095112535495899
 0.70710678118654757
 0.67155895484701855
 0.63439328416364549
 0.59569930449243347
 0.55557023301960218
 0.51410274419322177
 0.47139673682599786
 0.42755509343028203
 0.38268343236508989
 0.33688985339222033
 0.29028467725446239
 0.24298017990326407
 0.19509032201612861
 0.1467304744553618
 0.098017140329560826
 0.049067674327417966
 1.2246467991473532e-16


