# Created by Octave 6.3.0, Tue Sep 14 02:52:48 2021 -03 <kuroneko@kuroneko-VirtualBox>
# name: alfa
# type: scalar
0


# name: beta
# type: scalar
2560


# name: Lambda
# type: matrix
# rows: 257
# columns: 1
 0
 0.012281033261091848
 0.024560033678080542
 0.036835153522493128
 0.04910454565025664
 0.061366363779871168
 0.073618762770453053
 0.085859898899606324
 0.098087930141080498
 0.11030101644217301
 0.1224973200008343
 0.13467500554243414
 0.14683224059614716
 0.15896719577091634
 0.17107804503095228
 0.18316296597072784
 0.19522014008942537
 0.20724775306479654
 0.2192439950263925
 0.23120706082812362
 0.24313515032010788
 0.25502646861976697
 0.26687922638212891
 0.27869164006929653
 0.29046193221904221
 0.30218833171248688
 0.31386907404082404
 0.32550240157104837
 0.33708656381064878
 0.34861981767122591
 0.36010042773099521
 0.37152666649613497
 0.38289681466094005
 0.39420916136674389
 0.40546200445956682
 0.41665365074645438
 0.42778241625046609
 0.4388466264642758
 0.44984461660234704
 0.46077473185164292
 0.47163532762083515
 0.48242476978797333
 0.49314143494657803
 0.50378371065011962
 0.51434999565484663
 0.52483870016092737
 0.53524824605186783
 0.54557706713217036
 0.55582360936319675
 0.56598633109720065
 0.57606370330949475
 0.58605420982871548
 0.59595634756515314
 0.60576862673711163
 0.61548957109526437
 0.62511771814497163
 0.63465161936652681
 0.64408984043329864
 0.65343096142773505
 0.66267357705519792
 0.67181629685559463
 0.6808577454127771
 0.6897965625616741
 0.69863140359312659
 0.70736093945639666
 0.71598385695931677
 0.72449885896605293
 0.73290466459244774
 0.74120000939891684
 0.74938364558086923
 0.75745434215662177
 0.76541088515278055
 0.77325207778706118
 0.78097674064851885
 0.78858371187516507
 0.79607184732893754
 0.80344002076800469
 0.810687124016373
 0.81781206713077437
 0.82481377856480753
 0.83169120533030905
 0.83844331315592924
 0.84506908664288993
 0.85156752941789982
 0.85793766428320406
 0.86417853336374739
 0.87028919825142637
 0.87626874014640976
 0.88211625999550636
 0.88783087862756016
 0.89341173688584918
 0.89885799575747194
 0.90416883649969959
 0.90934346076327521
 0.91438109071264251
 0.91928096914308499
 0.92404235959475867
 0.92866454646359908
 0.93314683510909002
 0.9374885519588726
 0.94168904461018366
 0.94574768192810477
 0.94966385414060883
 0.95343697293038987
 0.95706647152346036
 0.96055180477450697
 0.96389244924898632
 0.9670879033019526
 0.97013768715360327
 0.97304134296153244
 0.97579843488967999
 0.97840854917396725
 0.98087129418460794
 0.98318630048508593
 0.9853532208877922
 0.98737173050630855
 0.98924152680433564
 0.99096232964125264
 0.99253388131430575
 0.99395594659741771
 0.99522831277661217
 0.99635078968204682
 0.99732320971665267
 0.99814542788137328
 0.99881732179700156
 0.99933879172260964
 0.9997097605705686
 0.99993017391815897
 1.0000000000157654
 0.99991922979165804
 0.99968787685336058
 0.99930597748559824
 0.9987735906448354
 0.99809079795039612
 0.99725770367217237
 0.99627443471492305
 0.99514114059916026
 0.99385799343863301
 0.99242518791440815
 0.99084294124555139
 0.98911149315641544
 0.98723110584053808
 0.9852020639211565
 0.98302467440834451
 0.98069926665277807
 0.97822619229613528
 0.97560582521814243
 0.97283856148026659
 0.96992481926607221
 0.96686503881824304
 0.96365968237228372
 0.96030923408690927
 0.95681419997113204
 0.95317510780805825
 0.94939250707540579
 0.94546696886275594
 0.94139908578554854
 0.93718947189583612
 0.93283876258981047
 0.92834761451211401
 0.9237167054569515
 0.91894673426601714
 0.91403842072325081
 0.90899250544644239
 0.90380974977569617
 0.89849093565877669
 0.89303686553334982
 0.8874483622061391
 0.88172626872901372
 0.87587144827202801
 0.86988478399343072
 0.8637671789066661
 0.85751955574438232
 0.85114285681947111
 0.84463804388315888
 0.83800609798017156
 0.83124801930099224
 0.82436482703123604
 0.81735755919816444
 0.81022727251436288
 0.80297504221860239
 0.79560196191391397
 0.78810914340289551
 0.78049771652027811
 0.77276882896277732
 0.76492364611625441
 0.75696335088021338
 0.7488891434896604
 0.74070224133435369
 0.73240387877546786
 0.72399530695970482
 0.71547779363087516
 0.70685262293898055
 0.69812109524682553
 0.6892845269341874
 0.68034425019957478
 0.67130161285960299
 0.66215797814601807
 0.65291472450039922
 0.64357324536657035
 0.63413494898075273
 0.62460125815948919
 0.61497361008537388
 0.60525345609061754
 0.59544226143848233
 0.58554150510261893
 0.57555267954433764
 0.56547729048785
 0.55531685669351183
 0.54507290972910361
 0.53474699373918211
 0.52434066521253786
 0.51385549274779385
 0.50329305681717973
 0.49265494952851918
 0.48194277438546385
 0.47115814604601203
 0.46030269007934688
 0.4493780427210316
 0.43838585062659857
 0.42732777062356869
 0.41620546946194009
 0.40502062356318075
 0.39377491876776588
 0.38247005008129703
 0.37110772141923987
 0.35968964535032111
 0.34821754283862194
 0.33669314298440706
 0.32511818276372845
 0.31349440676684354
 0.30182356693548595
 0.2901074222990298
 0.27834773870958623
 0.26654628857607238
 0.25470485059729325
 0.24282520949407643
 0.2309091557404995
 0.21895848529425124
 0.20697499932616695
 0.19496050394897879
 0.18291680994532197
 0.17084573249503743
 0.15874909090181238
 0.14662870831919997
 0.13448641147605905
 0.12232403040145548
 0.11014339814906651
 0.097946350521129572
 0.085734725791977273
 0.07351036443120014
 0.061275108826478485
 0.04903080300612575
 0.036779292361384545
 0.024522423368517513
 0.01226204331073483
 1.2246467991473532e-16


# name: nen
# type: scalar
2


# name: nel
# type: scalar
256


# name: h
# type: scalar
0.00390625


