# Created by Octave 6.2.0, Thu Sep 02 17:00:59 2021 -03 <kuroneko@kuroneko-VirtualBox>
# name: alfa
# type: scalar
0


# name: beta
# type: scalar
640


# name: Lambda
# type: matrix
# rows: 65
# columns: 1
 0
 0.049215159813346863
 0.098300299964335452
 0.14713753960039891
 0.19560959508302417
 0.2436000625343106
 0.29099369826410709
 0.33767669640215531
 0.38353696306640062
 0.42846438640697121
 0.4723511018752693
 0.5150917520791175
 0.55658374059794224
 0.59672747914654123
 0.6354266274919822
 0.67258832554566195
 0.70812341707139748
 0.74194666447060365
 0.77397695412713674
 0.80413749181709948
 0.8323559877128528
 0.85856483053554378
 0.88270125043659564
 0.9047074702157738
 0.92453084451152012
 0.94212398662824082
 0.95744488269500738
 0.97045699288065024
 0.98112933942141267
 0.98943658124909939
 0.99535907503992549
 0.99888292253700783
 1.0000000040324792
 0.99870799792858234
 0.9950103863305928
 0.98891644665813161
 0.98044122929504196
 0.96960552133170108
 0.95643579648709542
 0.94096415133131583
 0.92322822796210458
 0.90327112332175008
 0.88114128537277348
 0.85689239638254611
 0.83058324359800517
 0.80227757762202567
 0.77204395883263466
 0.73995559221505491
 0.70609015100448513
 0.6705295895644704
 0.63335994595166545
 0.59467113464261623
 0.55455672992191385
 0.51311374045354452
 0.47044237557852225
 0.4266458039018084
 0.3818299047501062
 0.33610301309928858
 0.28957565858595247
 0.24236029923184288
 0.19457105052262824
 0.14632341049370029
 0.097733981485290236
 0.048920189237218123
 1.2246467991473532e-16


# name: h
# type: scalar
0.015625


# name: xlU1
# type: matrix
# rows: 64
# columns: 1
 0
 0.015625
 0.03125
 0.046875
 0.0625
 0.078125
 0.09375
 0.109375
 0.125
 0.140625
 0.15625
 0.171875
 0.1875
 0.203125
 0.21875
 0.234375
 0.25
 0.265625
 0.28125
 0.296875
 0.3125
 0.328125
 0.34375
 0.359375
 0.375
 0.390625
 0.40625
 0.421875
 0.4375
 0.453125
 0.46875
 0.484375
 0.5
 0.515625
 0.53125
 0.546875
 0.5625
 0.578125
 0.59375
 0.609375
 0.625
 0.640625
 0.65625
 0.671875
 0.6875
 0.703125
 0.71875
 0.734375
 0.75
 0.765625
 0.78125
 0.796875
 0.8125
 0.828125
 0.84375
 0.859375
 0.875
 0.890625
 0.90625
 0.921875
 0.9375
 0.953125
 0.96875
 0.984375


# name: xlU2
# type: matrix
# rows: 64
# columns: 1
 0.015625
 0.03125
 0.046875
 0.0625
 0.078125
 0.09375
 0.109375
 0.125
 0.140625
 0.15625
 0.171875
 0.1875
 0.203125
 0.21875
 0.234375
 0.25
 0.265625
 0.28125
 0.296875
 0.3125
 0.328125
 0.34375
 0.359375
 0.375
 0.390625
 0.40625
 0.421875
 0.4375
 0.453125
 0.46875
 0.484375
 0.5
 0.515625
 0.53125
 0.546875
 0.5625
 0.578125
 0.59375
 0.609375
 0.625
 0.640625
 0.65625
 0.671875
 0.6875
 0.703125
 0.71875
 0.734375
 0.75
 0.765625
 0.78125
 0.796875
 0.8125
 0.828125
 0.84375
 0.859375
 0.875
 0.890625
 0.90625
 0.921875
 0.9375
 0.953125
 0.96875
 0.984375
 1


# name: U
# type: matrix
# rows: 64
# columns: 2
 -1.9710621080002611e-06 0.049219101541757099
 0.049207280709181893 0.098310144987294928
 0.098286531799565563 0.14715326420038499
 0.14711791554373899 0.19563116137809819
 0.19558416241054558 0.24362741856937875
 0.24356888251554901 0.29102677813608474
 0.29095684601445865 0.33771542041873348
 0.33763426070191738 0.38358123793803151
 0.38348904614689205 0.42851410547161106
 0.42841110370424795 0.47240614535533648
 0.47229258175202937 0.5151519873700473
 0.51502813551546356 0.55664902258764293
 0.55651518085174823 0.59679765056498135
 0.59665414138424078 0.63550151929006859
 0.63534868839066849 0.67266775730249329
 0.6725059728674565 0.70820719742891414
 0.70803684921111554 0.74203459159458607
 0.74185608997780284 0.77406881619344181
 0.77388259120370373 0.80423306752196311
 0.80403956779158214 0.83245504680603077
 0.83225473849280562 0.85866713437500397
 0.85846050003920638 0.88280655256342799
 0.88259409000527178 0.90481551694793139
 0.90459773800832888 0.92464137555496151
 0.92441880488245298 0.94223673570400079
 0.94200990949083152 0.95755957818068704
 0.95732904287107212 0.97057335846477832
 0.97033966943847116 0.98124709476910454
 0.98101081500343812 0.98955544267740836
 0.98931714139103399 0.9954787562012597
 0.99523900748284877 0.99900313510896677
 0.9987625165341818 1.0001204584124479
 0.99987954965251069 0.99882840393140848
 0.99858778535662351 0.99513045388766952
 0.9948907051692587 0.98903588651619723
 0.98879758522982275 0.98055975371301674
 0.98032347394735031 0.96972284477388038
 0.96948915574757322 0.95655163631103068
 0.95632110100141576 0.94107822846872513
 0.94085140225555586 0.92334026759117183
 0.9231176969186633 0.90338085552919523
 0.90316307658959261 0.88124844580409745
 0.88103598324594123 0.85699672687888373
 0.85679009254308613 0.83068449281805234
 0.83048418450482719 0.80237550164754312
 0.80218200191716216 0.77213832175606767
 0.7719520967663297 0.74004616670785572
 0.7398676650910726 0.70617671886476718
 0.70600637064696858 0.67061194224267595
 0.67045015780763917 0.63343788505297927
 0.63328505415357916 0.59474447240491668
 0.5946009632241761 0.55462528966810798
 0.55449144793221328 0.51317735701719858
 0.51305350516261472 0.47050089570176223
 0.47038733209845507 0.42669908660453165
 0.4265960848371686 0.38187782166961481
 0.38178562987847536 0.33614544879952657
 0.33606428908271047 0.28961251083560091
 0.28954257871397487 0.24239147925060453
 0.24233294319677479 0.19459648319510683
 0.19454948422755425 0.14634303455036021
 0.14630768589371421 0.097747749650060126
 0.09772413646233076 0.048928068341383107
 0.048916247508807895 1.9710621081227671e-06


# name: x
# type: range
# base, limit, increment
0 1 0.015625


# name: exata
# type: matrix
# rows: 65
# columns: 1
 0
 0.049067674327418015
 0.098017140329560604
 0.14673047445536175
 0.19509032201612825
 0.24298017990326387
 0.29028467725446233
 0.33688985339222005
 0.38268343236508978
 0.42755509343028208
 0.47139673682599764
 0.51410274419322166
 0.55557023301960218
 0.59569930449243336
 0.63439328416364549
 0.67155895484701833
 0.70710678118654746
 0.74095112535495911
 0.77301045336273699
 0.80320753148064483
 0.83146961230254524
 0.85772861000027212
 0.88192126434835494
 0.90398929312344334
 0.92387953251128674
 0.94154406518302081
 0.95694033573220894
 0.97003125319454397
 0.98078528040323043
 0.98917650996478101
 0.99518472667219682
 0.99879545620517241
 1
 0.99879545620517241
 0.99518472667219693
 0.98917650996478101
 0.98078528040323043
 0.97003125319454397
 0.95694033573220894
 0.94154406518302081
 0.92387953251128674
 0.90398929312344345
 0.88192126434835505
 0.85772861000027212
 0.83146961230254546
 0.80320753148064494
 0.7730104533627371
 0.74095112535495899
 0.70710678118654757
 0.67155895484701855
 0.63439328416364549
 0.59569930449243347
 0.55557023301960218
 0.51410274419322177
 0.47139673682599786
 0.42755509343028203
 0.38268343236508989
 0.33688985339222033
 0.29028467725446239
 0.24298017990326407
 0.19509032201612861
 0.1467304744553618
 0.098017140329560826
 0.049067674327417966
 1.2246467991473532e-16


