# Created by Octave 6.2.0, Tue Jul 06 17:30:11 2021 -03 <kuroneko@kuroneko-VirtualBox>
# name: xlSUPG
# type: matrix
# rows: 11
# columns: 1
 0
 0.20000000000000001
 0.40000000000000002
 0.60000000000000009
 0.80000000000000004
 1
 1.2
 1.3999999999999999
 1.5999999999999999
 1.7999999999999998
 1.9999999999999998


# name: hSUPG
# type: scalar
0.20000000000000001


# name: deltaT
# type: scalar
0.040000000000000008


# name: U
# type: matrix
# rows: 11
# columns: 32
 1.3887943864964021e-11 1.12332718893748e-11 7.4436160781634811e-12 4.3146969877460411e-12 2.2766325176964056e-12 1.1217674942553966e-12 5.2506845684702247e-13 2.3626525672562774e-13 1.0307538391995259e-13 4.3873125859559464e-14 1.8305004978569142e-14 7.513251299296763e-15 3.042177761510972e-15 1.2178546378285334e-15 4.8286285214060582e-16 1.8988310841439806e-16 7.4145799918071839e-17 2.8776592978041216e-17 1.1109375092914497e-17 4.2690000732567307e-18 1.6337764460465181e-18 6.230113180658747e-19 2.3681697682685172e-19 8.9762546587076876e-20 3.3937047981538072e-20 1.2801572265929117e-20 4.8190574206185142e-21 1.8107448339913663e-21 6.7924285715700817e-22 2.5440924487758496e-22 9.5156896002755636e-23 3.5546769254327428e-23
 0.00012340980408667956 -0.029007558741692328 -0.04708851741417415 -0.055297461331317424 -0.055251306789279413 -0.048837355412771052 -0.03804569096898458 -0.02481502367930399 -0.010902099820563525 0.0022181664694937409 0.013417906424710812 0.021946116572643799 0.027425250497248452 0.029819150135510522 0.02937863990692972 0.026572139831650365 0.022008957628571902 0.016362551211094662 0.01030012001133399 0.0044235306922565717 -0.00077502544884582394 -0.0049409419104802467 -0.0078685993583587511 -0.009497615272212925 -0.0098964267243708565 -0.0092364679451673905 -0.0077606034897910675 -0.0057495131725428814 -0.003489436254442542 -0.0012441291966405854 0.0007668532788899585 0.0023822985853571275
 0.3678794411714425 0.30097780243854511 0.2296555863246163 0.15886840446523526 0.092913251128920307 0.03520116326363025 -0.011879758112193481 -0.04700979038619494 -0.069897721343677541 -0.08116806236563047 -0.082192270362249797 -0.074883591881998182 -0.061475937750435639 -0.044306224753481699 -0.025617145242953662 -0.0073937114958371151 0.0087574048185983747 0.021681313200209912 0.030701144183787225 0.035601037746409041 0.036572965998390668 0.034136639352090471 0.029042861722348077 0.022170797066447916 0.014428802492559799 0.0066669549127109165 -0.00039262895174737255 -0.0062038724206483912 -0.010421751187243408 -0.012904966181629963 -0.013698901073511651 -0.013002965368627091
 0.36787944117144167 0.41158279214248789 0.43477777129244016 0.43696539350092833 0.41926027874075944 0.38415853978390319 0.33521753083544198 0.27668157966223333 0.21308917663130914 0.14889532540893463 0.088138306029503205 0.034173590628656492 -0.010510163611755476 -0.044386445033258955 -0.066899010914715965 -0.078391413431624909 -0.079972223734143963 -0.073334133131036192 -0.060547035655467152 -0.043845195550788058 -0.025426875508580374 -0.0072816793981410758 0.0089432288442100483 0.02203146029375808 0.031238343316541833 0.03628676144402683 0.037323694883902435 0.034845870685692969 0.029604519148507428 0.02249984444119189 0.014475534253953017 0.0064225770115983833
 0.00012340980408667932 0.054126822097396721 0.11573953171785413 0.17994294576926814 0.24159825909648563 0.2959126081433065 0.33884112864682614 0.36739445757506878 0.37983207530644064 0.37573358249229949 0.35595142738368252 0.32245874321705409 0.27811402147524017 0.22636979145812988 0.17095503922780456 0.11556080215333947 0.063555497851100054 0.017751575815942066 -0.019761350044527351 -0.047708910422320408 -0.065649171067292553 -0.073920444110459699 -0.073530997205290549 -0.066005817474734677 -0.053207690351920127 -0.037150156723378944 -0.019818596415062967 -0.0030131127017105179 0.011776470484447179 0.023456872611043976 0.031375900760477186 0.035325682215190758
 1.3887943864964021e-11 -0.0090403602547096829 -0.0098303217272180995 -0.00052694735702202592 0.019579680894715346 0.050006201662254134 0.089141998733042987 0.13442700928055237 0.18261698621307548 0.23010512391416396 0.27326566904626853 0.3087853693279029 0.33395207182690323 0.34687589443585926 0.34662638005885926 0.33327800694938481 0.30786545263048787 0.27225824093505707 0.22897113089273943 0.18093131763868939 0.13122592169728531 0.082853288180356185 0.038499457997821306 0.00035714499981531295 -0.030000854774842552 -0.051688051087149509 -0.064510823422916974 -0.068920891987289221 -0.065923332983758909 -0.056951936939517653 -0.043724285533888921 -0.028088432002123048
 5.2428856633635015e-22 0.0015168214030771925 5.4333709724817168e-05 -0.0031839347811943048 -0.0064945304716758833 -0.0079154420478507858 -0.0054949320179356019 0.00244472316965152 0.01707863383386447 0.038910385860211477 0.067679642117505046 0.10235407980950924 0.14120421018816776 0.18195103411913927 0.22196940273545299 0.25852499495027348 0.28902035821779265 0.31122558001505457 0.32347169840564072 0.32478952870950623 0.31498262089951234 0.29462992029121432 0.26502072667767618 0.22803112729477981 0.18595664668982353 0.14131980476247408 0.096672933584369194 0.054415421357236898 0.016640490123244537 -0.014979492377890941 -0.039266670748609574 -0.055572897759241541
 6.6396771995808284e-36 -0.00025446131220378538 0.00025839716753744404 0.00080172615921899335 0.00077961860317687806 -0.00012875124372416165 -0.0018827264613094986 -0.0040519444053641763 -0.0058488143249719252 -0.0062164807431992625 -0.0039603532926902581 0.002093705450274388 0.012934263113120384 0.029212459570810628 0.051121763210822589 0.078323881324749017 0.10993006660340403 0.14454090980979792 0.18034138668616645 0.21524209725948706 0.24705285918444836 0.27367147430289757 0.29326872581869595 0.30445044268503335 0.30637878596651974 0.29883811080694112 0.28223654242142682 0.25754321028686394 0.22617199569239418 0.18983281810157693 0.15037699895572487 0.10966125556529643
 2.8207700884602154e-53 4.2576661326178092e-05 -8.7854743498736064e-05 -0.00013196541412091581 1.3202636069425322e-05 0.00029797120948110207 0.00055738296385928127 0.00057400589768857402 0.00015466520996616765 -0.00079204003642274669 -0.0021903905381565835 -0.0037554547562603973 -0.0049820922763172473 -0.0051687280703207605 -0.0034750157397329564 0.00099189358451744355 0.0090714999025320337 0.021436211883203826 0.038482727116605192 0.060241422172655996 0.086315169197430569 0.11585654598308358 0.14758958548810219 0.17987959230298853 0.21085200469233978 0.23855732689866105 0.26117147587289985 0.27720860415056248 0.28570991845116228 0.28636499115969172 0.27952963876380044 0.26612867214691593
 4.0200602157435838e-74 -6.7773396446943668e-06 2.0879295387312014e-05 1.3512564699152413e-05 -3.0789281806114813e-05 -7.3308332254854729e-05 -6.5743273713436936e-05 2.1331277556242116e-05 0.00017839137214896818 0.00034937508918445352 0.00043847239752596096 0.0003307955057573397 -7.5826415026991454e-05 -0.00083252317321572025 -0.001900324444081766 -0.0031165851770283697 -0.0041727289056445703 -0.0046080040806620922 -0.0038222100318739956 -0.0011082655720920085 0.0042965111873456479 0.013142761955629051 0.026086966854620645 0.043594300008997715 0.065823622235464313 0.092494981523656941 0.12275459095531907 0.15507748131025442 0.1872706547323876 0.2166379595248463 0.24032747295730836 0.25581126599474363
