# Created by Octave 6.3.0, Fri Sep 24 18:46:40 2021 -03 <kuroneko@kuroneko-VirtualBox>
# name: beta
# type: scalar
40


# name: Lambda
# type: matrix
# rows: 5
# columns: 1
 1
 0.70710678118654757
 6.123233995736766e-17
 -0.70710678118654746
 -1


# name: nen
# type: scalar
2


# name: nel
# type: scalar
4


# name: h
# type: scalar
0.25


# name: xl
# type: matrix
# rows: 5
# columns: 1
 0
 0.25
 0.5
 0.75
 1


# name: U
# type: matrix
# rows: 4
# columns: 2
 -4.9494410782612093 -1.9179454244658645
 -9.0568341012126616 -7.8579694148667336
 -7.8588565398368884 -9.1949014947516563
 -2.05726740216913 -5.1455849836956711


# name: P
# type: matrix
# rows: 4
# columns: 2
 0.93485061469841224 0.66221373948443052
 0.56659554576807247 -0.13354133136876462
 -0.13356350949301829 -0.85106970144349714
 -0.75548287233124645 -1.0700529829374497


# name: x
# type: range
# base, limit, increment
0 1 0.25


# name: exata
# type: matrix
# rows: 5
# columns: 1
 1
 0.70710678118654757
 6.123233995736766e-17
 -0.70710678118654746
 -1


