# Created by Octave 6.3.0, Sat Sep 25 14:24:44 2021 -03 <kuroneko@kuroneko-VirtualBox>
# name: beta
# type: scalar
640


# name: Lambda
# type: matrix
# rows: 65
# columns: 1
 1
 0.99879545620517241
 0.99518472667219693
 0.98917650996478101
 0.98078528040323043
 0.97003125319454397
 0.95694033573220882
 0.94154406518302081
 0.92387953251128674
 0.90398929312344334
 0.88192126434835505
 0.85772861000027212
 0.83146961230254524
 0.80320753148064494
 0.77301045336273699
 0.74095112535495911
 0.70710678118654757
 0.67155895484701833
 0.63439328416364549
 0.59569930449243347
 0.55557023301960229
 0.51410274419322166
 0.47139673682599781
 0.4275550934302822
 0.38268343236508984
 0.33688985339222005
 0.29028467725446233
 0.24298017990326398
 0.19509032201612833
 0.14673047445536175
 0.09801714032956077
 0.049067674327418126
 6.123233995736766e-17
 -0.049067674327418008
 -0.098017140329560645
 -0.14673047445536164
 -0.19509032201612819
 -0.24298017990326387
 -0.29028467725446216
 -0.33688985339221994
 -0.38268343236508973
 -0.42755509343028186
 -0.4713967368259977
 -0.51410274419322166
 -0.55557023301960196
 -0.59569930449243336
 -0.63439328416364538
 -0.67155895484701844
 -0.70710678118654746
 -0.74095112535495888
 -0.77301045336273699
 -0.80320753148064483
 -0.83146961230254535
 -0.85772861000027201
 -0.88192126434835494
 -0.90398929312344334
 -0.92387953251128674
 -0.9415440651830207
 -0.95694033573220882
 -0.97003125319454397
 -0.98078528040323043
 -0.98917650996478101
 -0.99518472667219682
 -0.99879545620517241
 -1


# name: nen
# type: scalar
2


# name: nel
# type: scalar
64


# name: h
# type: scalar
0.015625


# name: xl
# type: matrix
# rows: 65
# columns: 1
 0
 0.015625
 0.03125
 0.046875
 0.0625
 0.078125
 0.09375
 0.109375
 0.125
 0.140625
 0.15625
 0.171875
 0.1875
 0.203125
 0.21875
 0.234375
 0.25
 0.265625
 0.28125
 0.296875
 0.3125
 0.328125
 0.34375
 0.359375
 0.375
 0.390625
 0.40625
 0.421875
 0.4375
 0.453125
 0.46875
 0.484375
 0.5
 0.515625
 0.53125
 0.546875
 0.5625
 0.578125
 0.59375
 0.609375
 0.625
 0.640625
 0.65625
 0.671875
 0.6875
 0.703125
 0.71875
 0.734375
 0.75
 0.765625
 0.78125
 0.796875
 0.8125
 0.828125
 0.84375
 0.859375
 0.875
 0.890625
 0.90625
 0.921875
 0.9375
 0.953125
 0.96875
 0.984375
 1


# name: U
# type: matrix
# rows: 64
# columns: 2
 1.6734534116826653e-05 0.15416424412414922
 0.15419829935202795 0.30797445560149306
 0.30800838696101418 0.46104272964030651
 0.46107645538749048 0.61300031136087041
 0.61303375024718199 0.76348112163865134
 0.76351419310693391 0.91212263902117729
 0.9121552633996558 1.0585667730739035
 1.0585988717675336 1.2024607270508465
 1.2024922227309713 1.3434578478131616
 1.3434886646040938 1.4812184609472077
 1.4812485246085407 1.6154106890694826
 1.6154399271747304 1.7457112513480959
 1.7457395934610562 1.8718062423164918
 1.8718336201578745 1.9933918880961525
 1.9934182357102468 2.1101752782166576
 2.1102005321303086 2.2218750712627449
 2.2218991706365223 2.3282221726486805
 2.3282450594254152 2.4289603828926518
 2.4289820019358661 2.5238470148223286
 2.5238673140497565 2.6126534782302073
 2.6126724087397082 2.6951658305678876
 2.6951833467537165 2.7711852923508693
 2.7712013520154337 2.8405287260376331
 2.8405432904915648 2.9030290772224294
 2.9030421113785985 2.9585357770847862
 2.9585472495429652 3.0069151051231184
 3.0069249882449052 3.0480505112984075
 3.0480587812747415 3.0818428968143867
 3.0818495337220586 3.1082108528543726
 3.1082158407044336 3.1270908567026474
 3.1270941834790733 3.1384374247763911
 3.1384390824645818 3.1422232221991679
 3.1422232068056335 3.1384391286534163
 3.1384374402152324 3.1270942603519263
 3.1270909029367187 3.1082159480761598
 3.1082109297722011 3.0818496713338996
 3.0818430042308256 3.0480589487953318
 3.0480506489545784 3.0069251852705712
 3.0069152726873924 2.9585474755990515
 2.958535974153405 2.9030423659204345
 2.9030293033207846 2.8405435729060842
 2.8405289806211473 2.7712016616223893
 2.7711855748059433 2.6951836828069515
 2.6951661402141434 2.6126727704297235
 2.6126538143217259 2.5238677005052539
 2.5238473765490923 2.4289824122254973
 2.4289607693836524 2.3282454925611793
 2.3282225829730123 2.2218996255751429
 2.2218755044315581 2.1102010077754558
 2.1101757331866096 1.9934187309162485
 1.9933923637711801 1.8718341337317355
 1.8718067375502812 1.7457401241651616
 1.7457117649480689 1.6154404737310502
 1.6154112197981025 1.4812490857001441
 1.4812190075254983 1.3434892388788569
 1.343458408925043 1.2024928088060918
 1.2024613013442647 1.0585994682308184
 1.058567359165163 0.91215586881400024
 0.91212323549845298 0.76351480601396149
 0.76348172706491979 0.61303436917028897
 0.61300092427781161 0.46107707883584181
 0.46104334857119394 0.30800901343251219
 0.30797507905570121 0.15419892733788104
 0.15416487059934933 1.7362521079291119e-05


# name: P
# type: matrix
# rows: 64
# columns: 2
 1.0000000261481956 0.99879547745430741
 0.99879553066657156 0.99518479624870027
 0.99518484926741657 0.98917662770103698
 0.98917668039847795 0.98078544601560214
 0.9807854982648152 0.97003146628405668
 0.97003151795916864 0.95694059578551105
 0.9569406467620325 0.94154437157362136
 0.9415444217287452 0.92387988450106395
 0.92387993371396204 0.90398968986442307
 0.90398973801653715 0.88192170488475341
 0.88192175186008126 0.85772909327079871
 0.85772913895617175 0.83147013714295825
 0.83147018142831763 0.80320809662655868
 0.80320813940521618 0.77301105745266485
 0.77301109862156314 0.74095176693359577
 0.74095180639355573 0.70710745870827396
 0.70710749636423265 0.67155966667962519
 0.67155970244086638 0.6343940285922659
 0.6343940623726374 0.59570007972367356
 0.59570011144179558 0.55557103718586176
 0.55557106676532275 0.51410357535719386
 0.51410360272673405 0.47139759298533596
 0.47139761807901986 0.42755597252242344
 0.42755599527979821 0.38268433227222426
 0.38268435263846518 0.33689077194639244
 0.33689078987243565 0.29028561224279525
 0.29028562768545524 0.24298112907328873
 0.24298114199536278 0.19509128308121104
 0.19509129345156884 0.14673144510021252
 0.14673145289387091 0.098018118215811134
 0.098018123413994518 0.04906865709925446
 0.049068659689439943 9.85289838933387e-07
 9.8526578653254962e-07 -0.049066688893226129
 -0.049066691531458463 -0.098016157125013048
 -0.098016162371069568 -0.14672949584908418
 -0.14672950369032672 -0.19508935036566916
 -0.19508936078320738 -0.24297921754941418
 -0.24297923051815148 -0.29028372651561668
 -0.29028374200431001 -0.33688891655879177
 -0.3368889345301278 -0.38268251169399276
 -0.38268253210467662 -0.42755419113949328
 -0.42755421394035409 -0.471395855089215
 -0.47139588022532364 -0.51410188513462607
 -0.51410191254542703 -0.55556939870874089
 -0.55556942832819955 -0.59569849693923471
 -0.59569852869599504 -0.63439250531357572
 -0.63439253913113258 -0.67155820657639564
 -0.67155824237327977 -0.70710606529802078
 -0.7071061029879947 -0.74095044357316675
 -0.74095048306543176 -0.77300980733015145
 -0.77300984852956711 -0.80320692275361472
 -0.80320696556092852 -0.8314690423475477
 -0.83146908665963237 -0.85772808019037838
 -0.85772812590048253 -0.88192077595992346
 -0.88192082295792795 -0.90398884733304519
 -0.90398889550572648 -0.92387913039286929
 -0.92387917962417632 -0.94154370770532247
 -0.94154375787665245 -0.95694002375642517
 -0.95694007474691067 -0.9700309874722518
 -0.97003103915905242 -0.98078506157457823
 -0.9807851138331759 -0.98917633855694564
 -0.98917639126144519 -0.99518460309811541
 -0.9951846561215465 -0.99879538076254537
 -0.99879543397717019 -0.99999997287057507


# name: x
# type: range
# base, limit, increment
0 1 0.015625


