# Created by Octave 6.3.0, Fri Sep 24 18:46:41 2021 -03 <kuroneko@kuroneko-VirtualBox>
# name: beta
# type: scalar
640


# name: Lambda
# type: matrix
# rows: 65
# columns: 1
 1
 0.99879545620517241
 0.99518472667219693
 0.98917650996478101
 0.98078528040323043
 0.97003125319454397
 0.95694033573220882
 0.94154406518302081
 0.92387953251128674
 0.90398929312344334
 0.88192126434835505
 0.85772861000027212
 0.83146961230254524
 0.80320753148064494
 0.77301045336273699
 0.74095112535495911
 0.70710678118654757
 0.67155895484701833
 0.63439328416364549
 0.59569930449243347
 0.55557023301960229
 0.51410274419322166
 0.47139673682599781
 0.4275550934302822
 0.38268343236508984
 0.33688985339222005
 0.29028467725446233
 0.24298017990326398
 0.19509032201612833
 0.14673047445536175
 0.09801714032956077
 0.049067674327418126
 6.123233995736766e-17
 -0.049067674327418008
 -0.098017140329560645
 -0.14673047445536164
 -0.19509032201612819
 -0.24298017990326387
 -0.29028467725446216
 -0.33688985339221994
 -0.38268343236508973
 -0.42755509343028186
 -0.4713967368259977
 -0.51410274419322166
 -0.55557023301960196
 -0.59569930449243336
 -0.63439328416364538
 -0.67155895484701844
 -0.70710678118654746
 -0.74095112535495888
 -0.77301045336273699
 -0.80320753148064483
 -0.83146961230254535
 -0.85772861000027201
 -0.88192126434835494
 -0.90398929312344334
 -0.92387953251128674
 -0.9415440651830207
 -0.95694033573220882
 -0.97003125319454397
 -0.98078528040323043
 -0.98917650996478101
 -0.99518472667219682
 -0.99879545620517241
 -1


# name: nen
# type: scalar
2


# name: nel
# type: scalar
64


# name: h
# type: scalar
0.015625


# name: xl
# type: matrix
# rows: 65
# columns: 1
 0
 0.015625
 0.03125
 0.046875
 0.0625
 0.078125
 0.09375
 0.109375
 0.125
 0.140625
 0.15625
 0.171875
 0.1875
 0.203125
 0.21875
 0.234375
 0.25
 0.265625
 0.28125
 0.296875
 0.3125
 0.328125
 0.34375
 0.359375
 0.375
 0.390625
 0.40625
 0.421875
 0.4375
 0.453125
 0.46875
 0.484375
 0.5
 0.515625
 0.53125
 0.546875
 0.5625
 0.578125
 0.59375
 0.609375
 0.625
 0.640625
 0.65625
 0.671875
 0.6875
 0.703125
 0.71875
 0.734375
 0.75
 0.765625
 0.78125
 0.796875
 0.8125
 0.828125
 0.84375
 0.859375
 0.875
 0.890625
 0.90625
 0.921875
 0.9375
 0.953125
 0.96875
 0.984375
 1


# name: U
# type: matrix
# rows: 64
# columns: 2
 -0.33332802251444904 -0.11672664899332975
 -0.79506380130375442 -0.5789992945163519
 -1.2548842017571502 -1.0398770800253307
 -1.7116814762534567 -1.4982497105658723
 -2.1643551601477551 -1.9530129263223617
 -2.6118147228859567 -2.4030711628754329
 -3.0529821951889868 -2.847340190513175
 -3.4867947659742766 -3.2847497262345526
 -3.9122073427613104 -3.7142460121554626
 -4.3281950693903015 -4.134794354103124
 -4.7337557949922964 -4.5453816142868186
 -5.1279124882560856 -4.945018652033256
 -5.5097155911835776 -5.3327427067144653
 -5.8782453066577913 -5.7076197171220757
 -6.2326138143146999 -6.0687465717026097
 -6.5719674093805454 -6.4152532842326089
 -6.8954885593209081 -6.7463050896911421
 -7.2023978733481711 -7.0611044552818427
 -7.4919559800429987 -7.3588930017600713
 -7.7634653085645349 -7.6389533304346324
 -8.0162717691579459 -7.9006107514423434
 -8.249766328917163 -8.1432349091382488
 -8.4633864789958331 -8.3662413006749006
 -8.6566175897415238 -8.5690926841220652
 -8.8289941504832719 -8.7513003727291991
 -8.9801008909880871 -8.9124254122151818
 -9.1095737818825295 -9.0520796382468252
 -9.2171009116319755 -9.1699266115613849
 -9.3024232379626159 -9.2656824284779873
 -9.3653352119169071 -9.3391164048464077
 -9.4056852730393068 -9.3900516317856653
 -9.4233762144981768 -9.4183654018725154
 -9.4183654172660543 -9.4239895047548838
 -9.3906649527923491 -9.4069103914762984
 -9.3403415539222223 -9.367169207116568
 -9.2675164541314832 -9.3048616916698581
 -9.1723650954641496 -9.220137949398266
 -9.0551167058774737 -9.113202087217795
 -8.9160537470118086 -8.9843117229870089
 -8.7555112337156267 -8.8337773648828897
 -8.5738759269651066 -8.6619616633591452
 -8.3715854021237153 -8.4692785374901547
 -8.1491269947843481 -8.2561921778031877
 -7.9070366267352989 -8.0232159280028412
 -7.6458975148779649 -7.7709110482813522
 -7.366338766205673 -7.4998853631930436
 -7.0690338622303317 -7.2107917973522424
 -6.7546990365068549 -6.9043268024810684
 -6.4240915491625596 -6.5812286795950019
 -6.0780078625923819 -6.2422758003722514
 -5.7172817227105721 -5.8882847319875866
 -5.342782150383993 -5.5201082699307085
 -4.9554113478849189 -5.1386333835474138
 -4.5561025254059091 -4.7447790792519182
 -4.1458176528756727 -4.3394941865608665
 -3.7255451424893211 -3.9237550722799917
 -3.2962974675349064 -3.4985632883490472
 -2.8591087232600469 -3.0649431590189242
 -2.4150321356420914 -2.6239393131609945
 -1.9651375240778528 -2.1766141676680313
 -1.5105087240924129 -1.7240453679962915
 -1.052240976285747 -1.26732319202456
 -0.59143828780150576 -0.80754792347856175
 -0.1292107726782443 -0.34582720125222843


# name: P
# type: matrix
# rows: 64
# columns: 2
 0.9997200837242729 0.99861311919277718
 0.99803445454089112 0.9945210456707354
 0.99394447293902655 0.98803308383991673
 0.98745999204259804 0.97916486376865053
 0.97859663353405857 0.96793774977585301
 0.96737575002039422 0.95437878896251183
 0.95382437359282202 0.9385206460528509
 0.93797515070411686 0.92040152470214875
 0.9198662635204452 0.90006507546078685
 0.89954133793718405 0.87756029061625029
 0.87704933848031663 0.85294138616641624
 0.85244445034660099 0.82626767120846478
 0.82578594886668488 0.79760340505807215
 0.7971380567056422 0.7670176424430869
 0.76656978914494833 0.73458406714464586
 0.73415478781862065 0.70038081448648803
 0.69997114330407295 0.66449028310011804
 0.66410120699507491 0.6269989364192855
 0.62663139271002999 0.5879970943819981
 0.58765196851351886 0.54757871584188123
 0.54725683925262525 0.50584117221307068
 0.50554332033193428 0.46288501289394524
 0.46261190327219892 0.41881372303481934
 0.41856601361746337 0.3737334742331529
 0.37351176177387058 0.32775286875687265
 0.32755768738039798 0.28098267791199633
 0.28081449782736123 0.23353557518485438
 0.23339480155261347 0.18552586480179137
 0.18541283675795509 0.13706920636027425
 0.13698419619930036 0.088282336194791061
 0.088225548713603177 0.039282786148794886
 0.039254358153409323 -0.0098113995697993762
 -0.0098113995938517926 -0.058881948767452903
 -0.058853520820114205 -0.10781064619307604
 -0.1077538587597613 -0.15647961832892246
 -0.15639460821553269 -0.20477161735821897
 -0.20465858936156323 -0.25257030362542415
 -0.25242953003984636 -0.2997605259086496
 -0.2995923458700479 -0.34622859882904033
 -0.34603341749785854 -0.39186257672880825
 -0.39164086431396894 -0.43655252335812827
 -0.43630481398425863 -0.48019077672119398
 -0.47991766714187239 -0.52267220844339335
 -0.52237435660351783 -0.56389447703477402
 -0.56357260048551583 -0.60375827443965557
 -0.60341314860981476 -0.64216756527843255
 -0.64180002160636251 -0.67902981820521835
 -0.67864074213581838 -0.71425622882395989
 -0.71384655767556005 -0.74776193362600751
 -0.74733265433228757 -0.77946621443374065
 -0.77901836116611933 -0.80929269285772554
 -0.80882734453395178 -0.83716951429894826
 -0.83668779198389409 -0.86302952105283604
 -0.86253258525775178 -0.88681041409804917
 -0.88629946198479204 -0.90845490318028177
 -0.90793116567724663 -0.92791084482950126
 -0.92737558366620665 -0.94513136797813502
 -0.94458587264560701 -0.96007498687757942
 -0.95952057152185355 -0.97270570104099841
 -0.97214370129722794 -0.98299308197165292
 -0.98242485174644589 -0.99091234646781245
 -0.99033925467755224 -0.99644441632766012
 -0.99586784360066638 -0.99957596431035189
 -0.99899729966082595 -1.0002994462425054


# name: x
# type: range
# base, limit, increment
0 1 0.015625


