# Created by Octave 6.3.0, Fri Sep 24 18:46:40 2021 -03 <kuroneko@kuroneko-VirtualBox>
# name: beta
# type: scalar
160


# name: Lambda
# type: matrix
# rows: 17
# columns: 1
 1
 0.98078528040323043
 0.92387953251128674
 0.83146961230254524
 0.70710678118654757
 0.55557023301960229
 0.38268343236508984
 0.19509032201612833
 6.123233995736766e-17
 -0.19509032201612819
 -0.38268343236508973
 -0.55557023301960196
 -0.70710678118654746
 -0.83146961230254535
 -0.92387953251128674
 -0.98078528040323043
 -1


# name: nen
# type: scalar
2


# name: nel
# type: scalar
16


# name: h
# type: scalar
0.0625


# name: xl
# type: matrix
# rows: 17
# columns: 1
 0
 0.0625
 0.125
 0.1875
 0.25
 0.3125
 0.375
 0.4375
 0.5
 0.5625
 0.625
 0.6875
 0.75
 0.8125
 0.875
 0.9375
 1


# name: U
# type: matrix
# rows: 16
# columns: 2
 -1.3274967895365701 -0.4677446951324627
 -3.1207113321627045 -2.294957982368381
 -4.7939986884089087 -4.033977321369151
 -6.2830553635649711 -5.6179731741902241
 -7.5306577446773186 -6.986073468522866
 -8.4888611719031655 -8.0857028772952404
 -9.1208424249009958 -8.8746032590076069
 -9.4023148185372438 -9.3224576144111566
 -9.3224615265759994 -9.4120551517873459
 -8.884351266245087 -9.1399526880216762
 -8.1048203691539982 -8.5166069681998859
 -7.0138257705119242 -7.5659728187583619
 -5.6532937809079353 -6.3245825769384441
 -4.0755088817072691 -4.8401421735534917
 -2.3411044617542114 -3.1696978208217867
 -0.51673271024261858 -1.3774437584230894


# name: P
# type: matrix
# rows: 16
# columns: 2
 0.99554609097211388 0.97787423376974003
 0.96883140184569017 0.91340323155047076
 0.90488506527324619 0.81383065538515009
 0.80616450310774257 0.68298302353486784
 0.67646349119006999 0.52588873711143302
 0.52076636667105958 0.34858484144260732
 0.34505648273002343 0.1578850258057734
 0.15608627166757738 -0.038882222829833779
 -0.038882247280864056 -0.23415524944749222
 -0.23235654327171745 -0.42042982114466027
 -0.41690150761168937 -0.5905475105949991
 -0.58542518081520289 -0.73797079039603164
 -0.73145129263021258 -0.85703426658093207
 -0.84936814147205342 -0.94316239653148071
 -0.93464424896826459 -0.99304532451489014
 -0.98400250213115925 -1.0047660775834266


# name: x
# type: range
# base, limit, increment
0 1 0.0625


# name: exata
# type: matrix
# rows: 17
# columns: 1
 1
 0.98078528040323043
 0.92387953251128674
 0.83146961230254524
 0.70710678118654757
 0.55557023301960229
 0.38268343236508984
 0.19509032201612833
 6.123233995736766e-17
 -0.19509032201612819
 -0.38268343236508973
 -0.55557023301960196
 -0.70710678118654746
 -0.83146961230254535
 -0.92387953251128674
 -0.98078528040323043
 -1


