# Created by Octave 6.3.0, Sat Sep 25 14:24:44 2021 -03 <kuroneko@kuroneko-VirtualBox>
# name: beta
# type: scalar
160


# name: Lambda
# type: matrix
# rows: 17
# columns: 1
 1
 0.98078528040323043
 0.92387953251128674
 0.83146961230254524
 0.70710678118654757
 0.55557023301960229
 0.38268343236508984
 0.19509032201612833
 6.123233995736766e-17
 -0.19509032201612819
 -0.38268343236508973
 -0.55557023301960196
 -0.70710678118654746
 -0.83146961230254535
 -0.92387953251128674
 -0.98078528040323043
 -1


# name: nen
# type: scalar
2


# name: nel
# type: scalar
16


# name: h
# type: scalar
0.0625


# name: xl
# type: matrix
# rows: 17
# columns: 1
 0
 0.0625
 0.125
 0.1875
 0.25
 0.3125
 0.375
 0.4375
 0.5
 0.5625
 0.625
 0.6875
 0.75
 0.8125
 0.875
 0.9375
 1


# name: U
# type: matrix
# rows: 16
# columns: 2
 0.0010679331643466358 0.61376335629903866
 0.61589730235628548 1.2050487285636471
 1.2070580836177573 1.7500247539885654
 1.751832299651928 2.2277483095430495
 2.2292845828492416 2.6198607468973338
 2.6210667097248859 2.9112934049832173
 2.9121227128569416 3.0908466901877398
 3.091267473271154 3.1516204704551578
 3.1516165582903186 3.0912792434920977
 3.0908507864213157 2.9121418888110098
 2.9113053521992476 2.6210925544909163
 2.6198800859709612 2.229316103227323
 2.2277742972845185 1.7518682843316074
 1.7500563917037024 1.2070971497281315
 1.2050848004325734 0.61593794860841311
 0.61380247610015037 0.0011085975456419403


# name: P
# type: matrix
# rows: 16
# columns: 2
 1.0000066765696409 0.98079071517183325
 0.98080405623304556 0.92389712391540768
 0.9239096860566659 0.83149868431438867
 0.83150998477964966 0.70714621658500254
 0.70715582110372333 0.55561851632442161
 0.55562605580033431 0.38273870807594701
 0.38274389277122028 0.19515046591845403
 0.19515309658815627 6.2700797357048165e-05
 6.2676346326773257e-05 -0.19502747388021935
 -0.19503015251234271 -0.38262285210924635
 -0.38262808198413245 -0.55551424870908239
 -0.55552182884557244 -0.70705754426700862
 -0.7070671833647082 -0.83142901492119259
 -0.83144034255498256 -0.92384913480271824
 -0.92386171565798503 -0.9807662505343393
 -0.98077960113587037 -0.99999306927797582


# name: x
# type: range
# base, limit, increment
0 1 0.0625


# name: exata
# type: matrix
# rows: 17
# columns: 1
 1
 0.98078528040323043
 0.92387953251128674
 0.83146961230254524
 0.70710678118654757
 0.55557023301960229
 0.38268343236508984
 0.19509032201612833
 6.123233995736766e-17
 -0.19509032201612819
 -0.38268343236508973
 -0.55557023301960196
 -0.70710678118654746
 -0.83146961230254535
 -0.92387953251128674
 -0.98078528040323043
 -1


