# Created by Octave 6.3.0, Sat Sep 25 14:24:45 2021 -03 <kuroneko@kuroneko-VirtualBox>
# name: beta
# type: scalar
2560


# name: Lambda
# type: matrix
# rows: 257
# columns: 1
 1
 0.9999247018391445
 0.99969881869620425
 0.99932238458834954
 0.99879545620517241
 0.99811811290014918
 0.99729045667869021
 0.996312612182778
 0.99518472667219693
 0.99390697000235606
 0.99247953459870997
 0.99090263542778001
 0.98917650996478101
 0.98730141815785843
 0.98527764238894122
 0.98310548743121629
 0.98078528040323043
 0.97831737071962765
 0.97570213003852857
 0.97293995220556018
 0.97003125319454397
 0.96697647104485207
 0.96377606579543984
 0.96043051941556579
 0.95694033573220882
 0.95330604035419386
 0.94952818059303667
 0.94560732538052128
 0.94154406518302081
 0.93733901191257496
 0.93299279883473896
 0.92850608047321559
 0.92387953251128674
 0.91911385169005777
 0.91420975570353069
 0.90916798309052238
 0.90398929312344334
 0.89867446569395382
 0.89322430119551532
 0.88763962040285393
 0.88192126434835505
 0.8760700941954066
 0.87008699110871146
 0.86397285612158681
 0.85772861000027212
 0.8513551931052652
 0.84485356524970712
 0.83822470555483808
 0.83146961230254524
 0.82458930278502529
 0.81758481315158371
 0.81045719825259477
 0.80320753148064494
 0.79583690460888357
 0.78834642762660634
 0.78073722857209449
 0.77301045336273699
 0.76516726562245896
 0.75720884650648457
 0.74913639452345937
 0.74095112535495911
 0.73265427167241282
 0.724247082951467
 0.71573082528381859
 0.70710678118654757
 0.69837624940897292
 0.68954054473706694
 0.68060099779545313
 0.67155895484701833
 0.66241577759017178
 0.65317284295377676
 0.6438315428897915
 0.63439328416364549
 0.62485948814238645
 0.61523159058062682
 0.60551104140432555
 0.59569930449243347
 0.58579785745643886
 0.57580819141784534
 0.56573181078361323
 0.55557023301960229
 0.54532498842204646
 0.53499761988709726
 0.52458968267846884
 0.51410274419322166
 0.50353838372571758
 0.49289819222978409
 0.48218377207912283
 0.47139673682599781
 0.46053871095824001
 0.4496113296546066
 0.43861623853852771
 0.4275550934302822
 0.41642956009763732
 0.40524131400498986
 0.3939920400610481
 0.38268343236508984
 0.3713171939518376
 0.35989503653498828
 0.34841868024943451
 0.33688985339222005
 0.32531029216226298
 0.31368174039889157
 0.3020059493192282
 0.29028467725446233
 0.27851968938505306
 0.26671275747489842
 0.25486565960451463
 0.24298017990326398
 0.23105810828067128
 0.21910124015686977
 0.20711137619221856
 0.19509032201612833
 0.18303988795514106
 0.17096188876030136
 0.15885814333386139
 0.14673047445536175
 0.13458070850712622
 0.12241067519921628
 0.11022220729388318
 0.09801714032956077
 0.08579731234443988
 0.073564563599667454
 0.061320736302208648
 0.049067674327418126
 0.036807222941358991
 0.024541228522912264
 0.012271538285719944
 6.123233995736766e-17
 -0.012271538285719823
 -0.024541228522912142
 -0.036807222941358866
 -0.049067674327418008
 -0.06132073630220853
 -0.073564563599667329
 -0.085797312344439755
 -0.098017140329560645
 -0.11022220729388306
 -0.12241067519921615
 -0.13458070850712611
 -0.14673047445536164
 -0.15885814333386128
 -0.17096188876030124
 -0.18303988795514092
 -0.19509032201612819
 -0.20711137619221845
 -0.21910124015686966
 -0.23105810828067114
 -0.24298017990326387
 -0.25486565960451452
 -0.26671275747489831
 -0.27851968938505295
 -0.29028467725446216
 -0.30200594931922808
 -0.31368174039889141
 -0.32531029216226287
 -0.33688985339221994
 -0.3484186802494344
 -0.35989503653498817
 -0.37131719395183749
 -0.38268343236508973
 -0.39399204006104799
 -0.40524131400498975
 -0.41642956009763699
 -0.42755509343028186
 -0.43861623853852738
 -0.44961132965460671
 -0.46053871095824006
 -0.4713967368259977
 -0.48218377207912272
 -0.49289819222978398
 -0.50353838372571746
 -0.51410274419322166
 -0.52458968267846873
 -0.53499761988709704
 -0.54532498842204624
 -0.55557023301960196
 -0.56573181078361323
 -0.57580819141784534
 -0.58579785745643886
 -0.59569930449243336
 -0.60551104140432543
 -0.61523159058062671
 -0.62485948814238623
 -0.63439328416364538
 -0.64383154288979128
 -0.65317284295377653
 -0.66241577759017189
 -0.67155895484701844
 -0.68060099779545302
 -0.68954054473706694
 -0.6983762494089728
 -0.70710678118654746
 -0.71573082528381859
 -0.72424708295146678
 -0.7326542716724127
 -0.74095112535495888
 -0.74913639452345915
 -0.75720884650648457
 -0.76516726562245896
 -0.77301045336273699
 -0.78073722857209449
 -0.78834642762660623
 -0.79583690460888346
 -0.80320753148064483
 -0.81045719825259466
 -0.8175848131515836
 -0.82458930278502507
 -0.83146961230254535
 -0.83822470555483808
 -0.84485356524970712
 -0.8513551931052652
 -0.85772861000027201
 -0.8639728561215867
 -0.87008699110871135
 -0.87607009419540649
 -0.88192126434835494
 -0.88763962040285382
 -0.89322430119551521
 -0.89867446569395393
 -0.90398929312344334
 -0.90916798309052238
 -0.91420975570353069
 -0.91911385169005777
 -0.92387953251128674
 -0.92850608047321548
 -0.93299279883473885
 -0.93733901191257485
 -0.9415440651830207
 -0.94560732538052117
 -0.94952818059303667
 -0.95330604035419386
 -0.95694033573220882
 -0.96043051941556579
 -0.96377606579543984
 -0.96697647104485207
 -0.97003125319454397
 -0.97293995220556007
 -0.97570213003852846
 -0.97831737071962754
 -0.98078528040323043
 -0.98310548743121629
 -0.98527764238894122
 -0.98730141815785843
 -0.98917650996478101
 -0.99090263542778001
 -0.99247953459870997
 -0.99390697000235606
 -0.99518472667219682
 -0.996312612182778
 -0.99729045667869021
 -0.99811811290014918
 -0.99879545620517241
 -0.99932238458834954
 -0.99969881869620425
 -0.9999247018391445
 -1


# name: nen
# type: scalar
2


# name: nel
# type: scalar
256


# name: h
# type: scalar
0.00390625


