# Created by Octave 6.3.0, Sat Sep 25 14:24:44 2021 -03 <kuroneko@kuroneko-VirtualBox>
# name: beta
# type: scalar
40


# name: Lambda
# type: matrix
# rows: 5
# columns: 1
 1
 0.70710678118654757
 6.123233995736766e-17
 -0.70710678118654746
 -1


# name: nen
# type: scalar
2


# name: nel
# type: scalar
4


# name: h
# type: scalar
0.25


# name: xl
# type: matrix
# rows: 5
# columns: 1
 0
 0.25
 0.5
 0.75
 1


# name: U
# type: matrix
# rows: 4
# columns: 2
 0.065256111055918678 2.2757375440964891
 2.369565414155387 3.2867025595429893
 3.2858154345728474 2.3723617910955692
 2.2772793368723789 0.068323660280092346


# name: P
# type: matrix
# rows: 4
# columns: 2
 1.0016394006686504 0.70847716993579912
 0.71083417741496491 0.0036541117541694758
 0.0036319336299159483 -0.70330947553462575
 -0.70569784761789889 -0.99828391060074562


# name: x
# type: range
# base, limit, increment
0 1 0.25


# name: exata
# type: matrix
# rows: 5
# columns: 1
 1
 0.70710678118654757
 6.123233995736766e-17
 -0.70710678118654746
 -1


