# Created by Octave 6.3.0, Fri Sep 24 21:26:26 2021 -03 <kuroneko@kuroneko-VirtualBox>
# name: beta
# type: scalar
16000


# name: Lambda
# type: matrix
# rows: 17
# columns: 1
 1
 0.98078528040323043
 0.92387953251128674
 0.83146961230254524
 0.70710678118654757
 0.55557023301960229
 0.38268343236508984
 0.19509032201612833
 6.123233995736766e-17
 -0.19509032201612819
 -0.38268343236508973
 -0.55557023301960196
 -0.70710678118654746
 -0.83146961230254535
 -0.92387953251128674
 -0.98078528040323043
 -1


# name: nen
# type: scalar
2


# name: nel
# type: scalar
16


# name: h
# type: scalar
0.0625


# name: xl
# type: matrix
# rows: 17
# columns: 1
 0
 0.0625
 0.125
 0.1875
 0.25
 0.3125
 0.375
 0.4375
 0.5
 0.5625
 0.625
 0.6875
 0.75
 0.8125
 0.875
 0.9375
 1


# name: U
# type: matrix
# rows: 16
# columns: 2
 -190.46282836490718 189.84795733781357
 -183.75833157604029 181.93734764349756
 -169.99210515756386 167.0349877108838
 -149.69317747054083 145.71356687483421
 -123.64162492224295 118.79245538090163
 -92.838594067196937 87.306216446254439
 -58.467828106634897 52.464848575466476
 -21.850176301066767 15.607285996550218
 15.607165526030684 -21.850055830546737
 52.464732734560812 -58.467712265727869
 87.306109686664968 -92.838487307609284
 118.79236180533735 -123.64153134668049
 145.71349007935805 -149.69310067507013
 167.03493064669237 -169.99204809337243
 181.93731250354722 -183.75829643608631
 189.84794547250567 -190.46281649960292


# name: P
# type: matrix
# rows: 16
# columns: 2
 0.98813450268626035 0.9926509013139545
 0.96937589035241278 0.93528928860329519
 0.91336470618458421 0.84198503304788697
 0.82225342857891104 0.71632376486309468
 0.69954341283798482 0.56313457611360962
 0.54995033605016086 0.38830444141358689
 0.37922297626363088 0.19855198479367941
 0.19392229016998477 0.0011692867473868489
 0.0011692792179793514 -0.19625834633286426
 -0.19162866647863369 -0.38614388122649212
 -0.37706242998906703 -0.56119012331656892
 -0.54800589577406733 -0.71467014368663739
 -0.69788980230971742 -0.84068579122646248
 -0.82095419512371537 -0.93439435527147729
 -0.91246977861552525 -0.99219466825780112
 -0.96891966023408793 -1.0118654965721581


# name: x
# type: range
# base, limit, increment
0 1 0.0625


# name: exata
# type: matrix
# rows: 17
# columns: 1
 1
 0.98078528040323043
 0.92387953251128674
 0.83146961230254524
 0.70710678118654757
 0.55557023301960229
 0.38268343236508984
 0.19509032201612833
 6.123233995736766e-17
 -0.19509032201612819
 -0.38268343236508973
 -0.55557023301960196
 -0.70710678118654746
 -0.83146961230254535
 -0.92387953251128674
 -0.98078528040323043
 -1


