# Created by Octave 6.3.0, Fri Sep 24 21:26:26 2021 -03 <kuroneko@kuroneko-VirtualBox>
# name: beta
# type: scalar
4000


# name: Lambda
# type: matrix
# rows: 5
# columns: 1
 1
 0.70710678118654757
 6.123233995736766e-17
 -0.70710678118654746
 -1


# name: nen
# type: scalar
2


# name: nel
# type: scalar
4


# name: h
# type: scalar
0.25


# name: xl
# type: matrix
# rows: 5
# columns: 1
 0
 0.25
 0.5
 0.75
 1


# name: U
# type: matrix
# rows: 4
# columns: 2
 -42.142503254749045 39.799357504239651
 -19.799877413009199 14.143023163516773
 14.141248083945683 -19.798102333438052
 39.798622242208012 -42.141767992715131


# name: P
# type: matrix
# rows: 4
# columns: 2
 0.9900502406028624 0.71708717650170306
 0.7030159080044136 0.0041648348309082052
 0.0041643910610155216 -0.7111972105987886
 -0.69712656968690023 -1.0099495755816295


# name: x
# type: range
# base, limit, increment
0 1 0.25


# name: exata
# type: matrix
# rows: 5
# columns: 1
 1
 0.70710678118654757
 6.123233995736766e-17
 -0.70710678118654746
 -1


