# Created by Octave 6.3.0, Fri Sep 24 21:26:27 2021 -03 <kuroneko@kuroneko-VirtualBox>
# name: beta
# type: scalar
64000


# name: Lambda
# type: matrix
# rows: 65
# columns: 1
 1
 0.99879545620517241
 0.99518472667219693
 0.98917650996478101
 0.98078528040323043
 0.97003125319454397
 0.95694033573220882
 0.94154406518302081
 0.92387953251128674
 0.90398929312344334
 0.88192126434835505
 0.85772861000027212
 0.83146961230254524
 0.80320753148064494
 0.77301045336273699
 0.74095112535495911
 0.70710678118654757
 0.67155895484701833
 0.63439328416364549
 0.59569930449243347
 0.55557023301960229
 0.51410274419322166
 0.47139673682599781
 0.4275550934302822
 0.38268343236508984
 0.33688985339222005
 0.29028467725446233
 0.24298017990326398
 0.19509032201612833
 0.14673047445536175
 0.09801714032956077
 0.049067674327418126
 6.123233995736766e-17
 -0.049067674327418008
 -0.098017140329560645
 -0.14673047445536164
 -0.19509032201612819
 -0.24298017990326387
 -0.29028467725446216
 -0.33688985339221994
 -0.38268343236508973
 -0.42755509343028186
 -0.4713967368259977
 -0.51410274419322166
 -0.55557023301960196
 -0.59569930449243336
 -0.63439328416364538
 -0.67155895484701844
 -0.70710678118654746
 -0.74095112535495888
 -0.77301045336273699
 -0.80320753148064483
 -0.83146961230254535
 -0.85772861000027201
 -0.88192126434835494
 -0.90398929312344334
 -0.92387953251128674
 -0.9415440651830207
 -0.95694033573220882
 -0.97003125319454397
 -0.98078528040323043
 -0.98917650996478101
 -0.99518472667219682
 -0.99879545620517241
 -1


# name: nen
# type: scalar
2


# name: nel
# type: scalar
64


# name: h
# type: scalar
0.015625


# name: xl
# type: matrix
# rows: 65
# columns: 1
 0
 0.015625
 0.03125
 0.046875
 0.0625
 0.078125
 0.09375
 0.109375
 0.125
 0.140625
 0.15625
 0.171875
 0.1875
 0.203125
 0.21875
 0.234375
 0.25
 0.265625
 0.28125
 0.296875
 0.3125
 0.328125
 0.34375
 0.359375
 0.375
 0.390625
 0.40625
 0.421875
 0.4375
 0.453125
 0.46875
 0.484375
 0.5
 0.515625
 0.53125
 0.546875
 0.5625
 0.578125
 0.59375
 0.609375
 0.625
 0.640625
 0.65625
 0.671875
 0.6875
 0.703125
 0.71875
 0.734375
 0.75
 0.765625
 0.78125
 0.796875
 0.8125
 0.828125
 0.84375
 0.859375
 0.875
 0.890625
 0.90625
 0.921875
 0.9375
 0.953125
 0.96875
 0.984375
 1


# name: U
# type: matrix
# rows: 64
# columns: 2
 -767.61454607854103 767.46036447281222
 -765.91947719345626 765.45730381323665
 -762.37924120116077 761.61018946262629
 -757.00236684029369 755.92828945643123
 -749.80180747215491 748.42529198944248
 -740.79490987492318 739.11927243975515
 -730.00337245379342 728.03264982350811
 -717.45319296776142 715.19213278577081
 -703.17460589831899 700.62865525668167
 -687.2020096124761 684.37730192925665
 -669.57388349366374 666.47722373712168
 -650.3326952418065 646.97154353649967
 -629.52479856464925 625.90725221946923
 -607.20032150796033 603.33509550886811
 -583.41304569224303 579.3094517072459
 -558.22027674851779 553.88820069495341
 -531.68270626376034 527.13258449231216
 -503.86426556972947 499.1070597222606
 -474.8319717266495 469.87914232872572
 -444.65576607329422 439.51924492476974
 -413.40834573222673 408.10050716245314
 -381.16498847600451 375.69861953299551
 -348.00337137643146 342.39164102177529
 -314.00338367371296 308.25981105737446
 -279.24693431627747 273.38535620775292
 -243.8177546349325 237.85229208930105
 -207.80119662676589 201.74622096581152
 -171.28402733468465 165.15412552512862
 -134.35421981804211 128.16415933026474
 -97.100741217818722 90.865434449715394
 -59.613338426979681 53.347806778707309
 -21.982321882361703 15.701659568453124
 15.701652001094928 -21.982314315004196
 53.347799229578413 -59.613330877852604
 90.865426937003576 -97.100733705105085
 128.16415187207167 -134.35421235984541
 165.15411813941682 -171.28401994896922
 201.74621367037616 -207.8011893313269
 237.85228490172267 -243.81774744735048
 273.38534914533739 -279.24692725386194
 308.2598041371275 -314.00337675347328
 342.39163426038431 -348.00336461504048
 375.69861294675502 -381.16498188976402
 408.10050076722473 -413.40833933699832
 439.51923873596388 -444.65575988447381
 469.87913636123267 -474.83196575914189
 499.10705399045401 -503.86425983793015
 527.13257900999815 -531.68270078146816
 553.88819547538151 -558.22027152893861
 579.30944676295985 -583.41304074794971
 603.33509085177502 -607.20031685086724
 625.90724786079227 -629.52479420601594
 646.97153948675987 -650.3326911920667
 666.47722000608337 -669.57387976262544
 684.37729852584744 -687.20200620906689
 700.62865218916704 -703.17460283080436
 715.19213006147038 -717.45319024346099
 728.03264744907938 -730.00337007937924
 739.1192704208006 -740.79490785599774
 748.42529033093888 -749.80180581363675
 755.92828816232941 -757.00236554620642
 761.61018853604037 -762.37924027457484
 765.45730325634213 -765.91947663659084
 767.46036428703519 -767.61454589277855


# name: P
# type: matrix
# rows: 64
# columns: 2
 0.98800843180511722 1.0107870248838267
 0.9868327772292772 1.0071474070982409
 0.98327975605674944 1.0010814829932613
 0.97735792782674591 0.99260386591136895
 0.96908155874216373 0.98173497917466579
 0.95847058730105184 0.96850100688330276
 0.9455505762630243 0.95293383083568817
 0.93035265106632903 0.93507095372244553
 0.91291342484394777 0.91495540877914228
 0.89327491021934513 0.89263565611546181
 0.87148441809438293 0.86816546597054944
 0.84759444367321124 0.84160378917580025
 0.82166253999672612 0.81301461513714046
 0.79375117929224948 0.78246681767894655
 0.76392760247246649 0.75003398912096453
 0.73226365714617181 0.71579426298797177
 0.69883562453109094 0.67983012577926805
 0.6637240356857429 0.64222821825147602
 0.62701347750306879 0.60307912669336816
 0.58879238893319552 0.56247716469556286
 0.54915284792625962 0.52052014594082463
 0.50819034960856058 0.47730914856233564
 0.46600357622643751 0.4329482716376159
 0.42269415941209193 0.38754438440473132
 0.37836643534408715 0.34120686880493672
 0.33312719339235275 0.29404735597199888
 0.28708541885324013 0.24617945730301841
 0.24035203039439737 0.19771849075862086
 0.19303961284198295 0.14878120305189135
 0.14526214595395903 0.099485488395315694
 0.097134729832870942 0.049950104483295905
 0.048773307639617736 0.00029438639446347279
 0.00029438627622350565 -0.049362040896978432
 -0.04818524428949536 -0.098899550708295356
 -0.096548792381191878 -0.14819880283937825
 -0.1446797459753664 -0.19714103107373929
 -0.19246215338903747 -0.24560832929672868
 -0.23978090261750065 -0.29348393554169316
 -0.28652199864923156 -0.3406525132797813
 -0.33257283808985355 -0.38700042927574213
 -0.37782248043357702 -0.43241602734034329
 -0.42216191532859487 -0.47678989731991123
 -0.46548432519256983 -0.52001513867497273
 -0.50768534254554398 -0.56198761801301911
 -0.5486633014403417 -0.60260621995497121
 -0.58831948238474097 -0.64177309073097988
 -0.6265583501653742 -0.6793938739187344
 -0.66328778400042965 -0.71537793775634306
 -0.69841929946667902 -0.7496385934821902
 -0.73186826166620789 -0.78209330417575285
 -0.76355408911929445 -0.81266388359627317
 -0.79340044789225306 -0.84127668454026061
 -0.82133543549256749 -0.86786277626405584
 -0.84729175408829238 -0.89235811054402969
 -0.87120687263442664 -0.91470367597436331
 -0.89302317751567417 -0.93484564013069571
 -0.91268811134269501 -0.95273547925714519
 -0.93015429956745377 -0.96833009516429303
 -0.94537966461266065 -0.98159191905649001
 -0.95832752724033632 -0.99248900203838308
 -0.96896669491531229 -1.0009950920825956
 -0.97727153695077873 -1.0070896972731664
 -0.98322204625485399 -1.0107581351723665
 -0.98680388752942083 -1.0119915681919802


# name: x
# type: range
# base, limit, increment
0 1 0.015625


