# Created by Octave 6.2.0, Mon Aug 30 19:51:28 2021 -03 <kuroneko@kuroneko-VirtualBox>
# name: alfa
# type: scalar
0


# name: beta
# type: scalar
1


# name: h
# type: scalar
0.015625


# name: xl
# type: matrix
# rows: 65
# columns: 1
 0
 0.015625
 0.03125
 0.046875
 0.0625
 0.078125
 0.09375
 0.109375
 0.125
 0.140625
 0.15625
 0.171875
 0.1875
 0.203125
 0.21875
 0.234375
 0.25
 0.265625
 0.28125
 0.296875
 0.3125
 0.328125
 0.34375
 0.359375
 0.375
 0.390625
 0.40625
 0.421875
 0.4375
 0.453125
 0.46875
 0.484375
 0.5
 0.515625
 0.53125
 0.546875
 0.5625
 0.578125
 0.59375
 0.609375
 0.625
 0.640625
 0.65625
 0.671875
 0.6875
 0.703125
 0.71875
 0.734375
 0.75
 0.765625
 0.78125
 0.796875
 0.8125
 0.828125
 0.84375
 0.859375
 0.875
 0.890625
 0.90625
 0.921875
 0.9375
 0.953125
 0.96875
 0.984375
 1


# name: u
# type: matrix
# rows: 65
# columns: 1
 0.023258653380395036
 0.05330983280056887
 0.0809548264728919
 0.10620233296110669
 0.12906682658557742
 0.14956852255338426
 0.16773332825811899
 0.18359278086670444
 0.19718397134359728
 0.20854945509540557
 0.21773714945118705
 0.22480021822540636
 0.22979694364164932
 0.23279058592564136
 0.23384923090582296
 0.23304562598862513
 0.23045700490359558
 0.22616490164057917
 0.22025495402719505
 0.2128166974198088
 0.20394334900501657
 0.19373158323127784
 0.1822812989117012
 0.16969537855905362
 0.15607944053277575
 0.14154158459510288
 0.12619213148926928
 0.1101433571671749
 0.093509222306782921
 0.076405097770864822
 0.058947486668486662
 0.041253743688814869
 0.023441792383390971
 0.005629841077967072
 -0.012063901901704728
 -0.029521513004082896
 -0.046625637540001
 -0.063259772400392988
 -0.079308546722487369
 -0.09465799982832096
 -0.10919585576599385
 -0.12281179379227172
 -0.1353977141449193
 -0.14684799846449598
 -0.15705976423823476
 -0.16593311265302704
 -0.17337136926041338
 -0.17928131687379756
 -0.18357342013681402
 -0.18616204122184363
 -0.18696564613904151
 -0.18590700115886
 -0.18291335887486801
 -0.1779166334586251
 -0.17085356468440585
 -0.16166587032862442
 -0.15030038657681624
 -0.13670919609992352
 -0.12084974349133812
 -0.10268493778660345
 -0.082183241818796673
 -0.059318748194326018
 -0.034071241706111276
 -0.0064262480337882993
 0.023624931386385477


# name: x
# type: range
# base, limit, increment
0 1 0.015625


# name: exata
# type: matrix
# rows: 65
# columns: 1
 1
 0.99879545620517241
 0.99518472667219693
 0.98917650996478101
 0.98078528040323043
 0.97003125319454397
 0.95694033573220882
 0.94154406518302081
 0.92387953251128674
 0.90398929312344334
 0.88192126434835505
 0.85772861000027212
 0.83146961230254524
 0.80320753148064494
 0.77301045336273699
 0.74095112535495911
 0.70710678118654757
 0.67155895484701833
 0.63439328416364549
 0.59569930449243347
 0.55557023301960229
 0.51410274419322166
 0.47139673682599781
 0.4275550934302822
 0.38268343236508984
 0.33688985339222005
 0.29028467725446233
 0.24298017990326398
 0.19509032201612833
 0.14673047445536175
 0.09801714032956077
 0.049067674327418126
 6.123233995736766e-17
 -0.049067674327418008
 -0.098017140329560645
 -0.14673047445536164
 -0.19509032201612819
 -0.24298017990326387
 -0.29028467725446216
 -0.33688985339221994
 -0.38268343236508973
 -0.42755509343028186
 -0.4713967368259977
 -0.51410274419322166
 -0.55557023301960196
 -0.59569930449243336
 -0.63439328416364538
 -0.67155895484701844
 -0.70710678118654746
 -0.74095112535495888
 -0.77301045336273699
 -0.80320753148064483
 -0.83146961230254535
 -0.85772861000027201
 -0.88192126434835494
 -0.90398929312344334
 -0.92387953251128674
 -0.9415440651830207
 -0.95694033573220882
 -0.97003125319454397
 -0.98078528040323043
 -0.98917650996478101
 -0.99518472667219682
 -0.99879545620517241
 -1


