# Created by Octave 6.2.0, Mon Aug 30 22:15:00 2021 -03 <kuroneko@kuroneko-VirtualBox>
# name: alfa
# type: scalar
0


# name: beta
# type: scalar
1


# name: h
# type: scalar
0.25


# name: xl
# type: matrix
# rows: 5
# columns: 1
 0
 0.25
 0.5
 0.75
 1


# name: u
# type: matrix
# rows: 5
# columns: 1
 -0.71451977010454915
 0.13565674479016418
 0.57150659003484972
 1.007356435279535
 1.8575329501742481


# name: x
# type: range
# base, limit, increment
0 1 0.25


# name: exata
# type: matrix
# rows: 5
# columns: 1
 1
 0.70710678118654757
 6.123233995736766e-17
 -0.70710678118654746
 -1


