# Created by Octave 6.2.0, Mon Aug 30 19:51:28 2021 -03 <kuroneko@kuroneko-VirtualBox>
# name: alfa
# type: scalar
0


# name: beta
# type: scalar
1


# name: h
# type: scalar
0.00390625


# name: xl
# type: matrix
# rows: 257
# columns: 1
 0
 0.00390625
 0.0078125
 0.01171875
 0.015625
 0.01953125
 0.0234375
 0.02734375
 0.03125
 0.03515625
 0.0390625
 0.04296875
 0.046875
 0.05078125
 0.0546875
 0.05859375
 0.0625
 0.06640625
 0.0703125
 0.07421875
 0.078125
 0.08203125
 0.0859375
 0.08984375
 0.09375
 0.09765625
 0.1015625
 0.10546875
 0.109375
 0.11328125
 0.1171875
 0.12109375
 0.125
 0.12890625
 0.1328125
 0.13671875
 0.140625
 0.14453125
 0.1484375
 0.15234375
 0.15625
 0.16015625
 0.1640625
 0.16796875
 0.171875
 0.17578125
 0.1796875
 0.18359375
 0.1875
 0.19140625
 0.1953125
 0.19921875
 0.203125
 0.20703125
 0.2109375
 0.21484375
 0.21875
 0.22265625
 0.2265625
 0.23046875
 0.234375
 0.23828125
 0.2421875
 0.24609375
 0.25
 0.25390625
 0.2578125
 0.26171875
 0.265625
 0.26953125
 0.2734375
 0.27734375
 0.28125
 0.28515625
 0.2890625
 0.29296875
 0.296875
 0.30078125
 0.3046875
 0.30859375
 0.3125
 0.31640625
 0.3203125
 0.32421875
 0.328125
 0.33203125
 0.3359375
 0.33984375
 0.34375
 0.34765625
 0.3515625
 0.35546875
 0.359375
 0.36328125
 0.3671875
 0.37109375
 0.375
 0.37890625
 0.3828125
 0.38671875
 0.390625
 0.39453125
 0.3984375
 0.40234375
 0.40625
 0.41015625
 0.4140625
 0.41796875
 0.421875
 0.42578125
 0.4296875
 0.43359375
 0.4375
 0.44140625
 0.4453125
 0.44921875
 0.453125
 0.45703125
 0.4609375
 0.46484375
 0.46875
 0.47265625
 0.4765625
 0.48046875
 0.484375
 0.48828125
 0.4921875
 0.49609375
 0.5
 0.50390625
 0.5078125
 0.51171875
 0.515625
 0.51953125
 0.5234375
 0.52734375
 0.53125
 0.53515625
 0.5390625
 0.54296875
 0.546875
 0.55078125
 0.5546875
 0.55859375
 0.5625
 0.56640625
 0.5703125
 0.57421875
 0.578125
 0.58203125
 0.5859375
 0.58984375
 0.59375
 0.59765625
 0.6015625
 0.60546875
 0.609375
 0.61328125
 0.6171875
 0.62109375
 0.625
 0.62890625
 0.6328125
 0.63671875
 0.640625
 0.64453125
 0.6484375
 0.65234375
 0.65625
 0.66015625
 0.6640625
 0.66796875
 0.671875
 0.67578125
 0.6796875
 0.68359375
 0.6875
 0.69140625
 0.6953125
 0.69921875
 0.703125
 0.70703125
 0.7109375
 0.71484375
 0.71875
 0.72265625
 0.7265625
 0.73046875
 0.734375
 0.73828125
 0.7421875
 0.74609375
 0.75
 0.75390625
 0.7578125
 0.76171875
 0.765625
 0.76953125
 0.7734375
 0.77734375
 0.78125
 0.78515625
 0.7890625
 0.79296875
 0.796875
 0.80078125
 0.8046875
 0.80859375
 0.8125
 0.81640625
 0.8203125
 0.82421875
 0.828125
 0.83203125
 0.8359375
 0.83984375
 0.84375
 0.84765625
 0.8515625
 0.85546875
 0.859375
 0.86328125
 0.8671875
 0.87109375
 0.875
 0.87890625
 0.8828125
 0.88671875
 0.890625
 0.89453125
 0.8984375
 0.90234375
 0.90625
 0.91015625
 0.9140625
 0.91796875
 0.921875
 0.92578125
 0.9296875
 0.93359375
 0.9375
 0.94140625
 0.9453125
 0.94921875
 0.953125
 0.95703125
 0.9609375
 0.96484375
 0.96875
 0.97265625
 0.9765625
 0.98046875
 0.984375
 0.98828125
 0.9921875
 0.99609375
 1


# name: u
# type: matrix
# rows: 257
# columns: 1
 0.0058479978332884354
 0.013585289080544943
 0.021171995345714213
 0.02860815064596672
 0.035893811670894463
 0.043029057773973749
 0.050013990960614867
 0.056848735872800406
 0.06353343977031467
 0.070068272508566842
 0.076453426513011458
 0.082689116750169808
 0.088775580695256734
 0.094713078296417771
 0.10050189193558193
 0.10614232638593597
 0.11163470876602673
 0.11697938849049822
 0.12217673721747113
 0.12722714879257244
 0.13213103918962368
 0.1368888464479969
 0.14150103060664748
 0.14596807363483397
 0.1502904793595353
 0.15446877338957626
 0.15850350303647281
 0.16239523723200891
 0.16614456644255757
 0.16975210258015866
 0.17321847891036735
 0.1765443499568865
 0.17973039140299796
 0.18277729998980705
 0.18568579341131586
 0.1884566102063413
 0.19109050964729385
 0.19358827162583378
 0.19595069653542257
 0.19817860515078642
 0.2002728385043106
 0.20223425775938322
 0.20406374408070699
 0.20576219850159921
 0.20733054178829941
 0.20876971430130531
 0.21008067585375806
 0.21126440556689788
 0.21232190172261192
 0.21325418161309684
 0.2140622813876582
 0.21474725589667032
 0.21531017853271953
 0.21575214106895535
 0.21607425349467341
 0.21627764384815509
 0.21636345804678916
 0.21633285971450089
 0.21618703000651449
 0.21592716743147547
 0.21555448767095964
 0.215070223396396
 0.21447562408343096
 0.21377195582376188
 0.21296050113446827
 0.21204255876486941
 0.2110194435009376
 0.20989248596729626
 0.20866303242683251
 0.20733244457795516
 0.20590209934952791
 0.20437338869350885
 0.2027477193753276
 0.20102651276203171
 0.19921120460823388
 0.19730324483989284
 0.19530409733595952
 0.19321523970792245
 0.19103816307728491
 0.18877437185100746
 0.1864253834949498
 0.18399272830534602
 0.18147794917834756
 0.17888260137766876
 0.17620825230036985
 0.17345648124081273
 0.17062887915282507
 0.16772704841010846
 0.16475260256492688
 0.16170716610511165
 0.15859237420941955
 0.1554098725012808
 0.15216131680097442
 0.14884837287626765
 0.14547271619155749
 0.14203603165555195
 0.13854001336752889
 0.13498636436221101
 0.13137679635329508
 0.12771302947567412
 0.12399679202639138
 0.12022982020436525
 0.116413857848924
 0.11255065617719005
 0.1086419735203531
 0.1046895750588719
 0.10069523255664457
 0.096660724094187536
 0.092587833800863037
 0.08847835158619588
 0.084334072870319632
 0.080156798313592945
 0.075948333545426738
 0.071710488892363033
 0.067445079105446462
 0.063153923086929437
 0.058838843616352124
 0.054501667076038603
 0.050144223176050336
 0.04576834467863862
 0.041375867122237328
 0.036968628545037539
 0.032548469208185798
 0.028117231318647507
 0.023676758751777348
 0.019228896773638454
 0.01477549176311211
 0.010318390933839891
 0.0058594420560400783
 0.0014004931782402657
 -0.0030566076510319534
 -0.0075100126615582968
 -0.011957874639697191
 -0.016398347206567351
 -0.020829585096105649
 -0.025249744432957393
 -0.029656983010157179
 -0.034049460566558477
 -0.0384253390639702
 -0.042782782963958474
 -0.047119959504272016
 -0.051435038974849336
 -0.055726194993366375
 -0.059991604780282946
 -0.064229449433346658
 -0.068437914201512892
 -0.072615188758239593
 -0.076759467474115856
 -0.080868949688782998
 -0.08494183998210747
 -0.088976348444564479
 -0.092970690946791751
 -0.096923089408272906
 -0.10083177206510981
 -0.10469497373684371
 -0.10851093609228492
 -0.112277907914311
 -0.11599414536359368
 -0.1196579122412146
 -0.12326748025013046
 -0.12682112925544828
 -0.13031714754347132
 -0.13375383207947683
 -0.13712948876418693
 -0.14044243268889364
 -0.14369098838919997
 -0.14687349009733866
 -0.14998828199303074
 -0.15303371845284591
 -0.15600816429802747
 -0.15890999504074407
 -0.16173759712873173
 -0.16448936818828885
 -0.16716371726558779
 -0.16975906506626659
 -0.17227384419326505
 -0.17470649938286884
 -0.17705548773892643
 -0.1793192789652038
 -0.18149635559584126
 -0.18358521322387825
 -0.18558436072781151
 -0.1874923204961525
 -0.18930762864995021
 -0.19102883526324602
 -0.19265450458142716
 -0.19418321523744611
 -0.19561356046587322
 -0.19694414831475043
 -0.19817360185521407
 -0.19930055938885527
 -0.20032367465278686
 -0.20124161702238549
 -0.20205307171167894
 -0.20275673997134777
 -0.20335133928431254
 -0.20383560355887592
 -0.2042082833193915
 -0.2044681458944303
 -0.20461397560241648
 -0.20464457393470448
 -0.20455875973607013
 -0.20435536938258819
 -0.20403325695686989
 -0.20359129442063378
 -0.20302837178458427
 -0.20234339727557185
 -0.20153529750101012
 -0.20060301761052488
 -0.19954552145481047
 -0.19836179174167026
 -0.1970508301892171
 -0.19561165767621075
 -0.19404331438951011
 -0.19234485996861742
 -0.19051537364729321
 -0.18855395439222017
 -0.18645972103869551
 -0.1842318124233312
 -0.1818693875137419
 -0.17937162553520147
 -0.17673772609424845
 -0.17396690929922248
 -0.17105841587771314
 -0.16801150729090356
 -0.16482546584479155
