# Created by Octave 6.2.0, Mon Aug 30 22:15:00 2021 -03 <kuroneko@kuroneko-VirtualBox>
# name: alfa
# type: scalar
0


# name: beta
# type: scalar
1


# name: h
# type: scalar
0.0625


# name: xl
# type: matrix
# rows: 17
# columns: 1
 0
 0.0625
 0.125
 0.1875
 0.25
 0.3125
 0.375
 0.4375
 0.5
 0.5625
 0.625
 0.6875
 0.75
 0.8125
 0.875
 0.9375
 1


# name: u
# type: matrix
# rows: 17
# columns: 1
 -0.076233322998976422
 0.048049843217028196
 0.13464194215431488
 0.18572983205310845
 0.20486477799599317
 0.19682597878236158
 0.16743690499875913
 0.12334150631008338
 0.071748888199931846
 0.020156270089780326
 -0.023939128598895455
 -0.053328202382497962
 -0.061367001596129615
 -0.042232055653244886
 0.0088558342455486664
 0.095447933182835329
 0.21973109939883992


# name: x
# type: range
# base, limit, increment
0 1 0.0625


# name: exata
# type: matrix
# rows: 17
# columns: 1
 1
 0.98078528040323043
 0.92387953251128674
 0.83146961230254524
 0.70710678118654757
 0.55557023301960229
 0.38268343236508984
 0.19509032201612833
 6.123233995736766e-17
 -0.19509032201612819
 -0.38268343236508973
 -0.55557023301960196
 -0.70710678118654746
 -0.83146961230254535
 -0.92387953251128674
 -0.98078528040323043
 -1


