# Created by Octave 6.2.0, Mon Aug 30 22:15:00 2021 -03 <kuroneko@kuroneko-VirtualBox>
# name: alfa
# type: scalar
0


# name: beta
# type: scalar
1


# name: h
# type: scalar
0.00390625


# name: xl
# type: matrix
# rows: 257
# columns: 1
 0
 0.00390625
 0.0078125
 0.01171875
 0.015625
 0.01953125
 0.0234375
 0.02734375
 0.03125
 0.03515625
 0.0390625
 0.04296875
 0.046875
 0.05078125
 0.0546875
 0.05859375
 0.0625
 0.06640625
 0.0703125
 0.07421875
 0.078125
 0.08203125
 0.0859375
 0.08984375
 0.09375
 0.09765625
 0.1015625
 0.10546875
 0.109375
 0.11328125
 0.1171875
 0.12109375
 0.125
 0.12890625
 0.1328125
 0.13671875
 0.140625
 0.14453125
 0.1484375
 0.15234375
 0.15625
 0.16015625
 0.1640625
 0.16796875
 0.171875
 0.17578125
 0.1796875
 0.18359375
 0.1875
 0.19140625
 0.1953125
 0.19921875
 0.203125
 0.20703125
 0.2109375
 0.21484375
 0.21875
 0.22265625
 0.2265625
 0.23046875
 0.234375
 0.23828125
 0.2421875
 0.24609375
 0.25
 0.25390625
 0.2578125
 0.26171875
 0.265625
 0.26953125
 0.2734375
 0.27734375
 0.28125
 0.28515625
 0.2890625
 0.29296875
 0.296875
 0.30078125
 0.3046875
 0.30859375
 0.3125
 0.31640625
 0.3203125
 0.32421875
 0.328125
 0.33203125
 0.3359375
 0.33984375
 0.34375
 0.34765625
 0.3515625
 0.35546875
 0.359375
 0.36328125
 0.3671875
 0.37109375
 0.375
 0.37890625
 0.3828125
 0.38671875
 0.390625
 0.39453125
 0.3984375
 0.40234375
 0.40625
 0.41015625
 0.4140625
 0.41796875
 0.421875
 0.42578125
 0.4296875
 0.43359375
 0.4375
 0.44140625
 0.4453125
 0.44921875
 0.453125
 0.45703125
 0.4609375
 0.46484375
 0.46875
 0.47265625
 0.4765625
 0.48046875
 0.484375
 0.48828125
 0.4921875
 0.49609375
 0.5
 0.50390625
 0.5078125
 0.51171875
 0.515625
 0.51953125
 0.5234375
 0.52734375
 0.53125
 0.53515625
 0.5390625
 0.54296875
 0.546875
 0.55078125
 0.5546875
 0.55859375
 0.5625
 0.56640625
 0.5703125
 0.57421875
 0.578125
 0.58203125
 0.5859375
 0.58984375
 0.59375
 0.59765625
 0.6015625
 0.60546875
 0.609375
 0.61328125
 0.6171875
 0.62109375
 0.625
 0.62890625
 0.6328125
 0.63671875
 0.640625
 0.64453125
 0.6484375
 0.65234375
 0.65625
 0.66015625
 0.6640625
 0.66796875
 0.671875
 0.67578125
 0.6796875
 0.68359375
 0.6875
 0.69140625
 0.6953125
 0.69921875
 0.703125
 0.70703125
 0.7109375
 0.71484375
 0.71875
 0.72265625
 0.7265625
 0.73046875
 0.734375
 0.73828125
 0.7421875
 0.74609375
 0.75
 0.75390625
 0.7578125
 0.76171875
 0.765625
 0.76953125
 0.7734375
 0.77734375
 0.78125
 0.78515625
 0.7890625
 0.79296875
 0.796875
 0.80078125
 0.8046875
 0.80859375
 0.8125
 0.81640625
 0.8203125
 0.82421875
 0.828125
 0.83203125
 0.8359375
 0.83984375
 0.84375
 0.84765625
 0.8515625
 0.85546875
 0.859375
 0.86328125
 0.8671875
 0.87109375
 0.875
 0.87890625
 0.8828125
 0.88671875
 0.890625
 0.89453125
 0.8984375
 0.90234375
 0.90625
 0.91015625
 0.9140625
 0.91796875
 0.921875
 0.92578125
 0.9296875
 0.93359375
 0.9375
 0.94140625
 0.9453125
 0.94921875
 0.953125
 0.95703125
 0.9609375
 0.96484375
 0.96875
 0.97265625
 0.9765625
 0.98046875
 0.984375
 0.98828125
 0.9921875
 0.99609375
 1


# name: u
# type: matrix
# rows: 257
# columns: 1
 -0.003952447595589834
 0.0038463910875636276
 0.011494644788629856
 0.018992347524779317
 0.026339555985604019
 0.033536349524580268
 0.040582830147118346
 0.047479122495200851
 0.054225373828612068
 0.060821754002761214
 0.067268455443102795
 0.073565693116158085
 0.079713704497141949
 0.085712749534199925
 0.091563110609260992
 0.097265092495511948
 0.10281902231149961
 0.108225249471868
 0.1134841456347378
 0.11859610464573599
 0.12356154247868413
 0.12838089717295423
 0.13305462876750168
 0.13758321923158501
 0.14196717239218318
 0.14620701385812099
 0.15030329094091438
 0.15425657257234737
 0.1580674492187929
 0.16173653279229094
 0.16526445655839656
 0.16865187504081267
 0.17189946392282113
 0.17500791994552717
 0.17797796080293299
 0.18081032503385544
 0.183505771910705
 0.18606508132514196
 0.18848905367062777
 0.19077850972188862
 0.19293429051130978
 0.19495725720227935
 0.1968482909595001
 0.19860829281628928
 0.20023818353888639
 0.20173890348778922
 0.20311141247613884
 0.20435668962517553
 0.20547573321678644
 0.20646956054316823
 0.20733920775362646
 0.20808572969853545
 0.20871019977048152
 0.20921370974261419
 0.20959736960422903
 0.20986230739360751
 0.21000966902813839
 0.21004061813174688
 0.20995633585965717
 0.2097580207205148
 0.20944688839589565
 0.20902417155722874
 0.20849111968016049
 0.20784899885638816
 0.20709909160299128
 0.20624269666928921
 0.20528112884125421
 0.20421571874350961
 0.20304781263894262
 0.20177877222596205
 0.20040997443343153
 0.19894281121330917
 0.19737868933102459
 0.19571903015362535
 0.1939652694357242
 0.19211885710327975
 0.19018125703524302
 0.18815394684310258
 0.18603841764836165
 0.18383617385798082
 0.18154873293781981
 0.17917762518411265
 0.17672439349301081
 0.1741905931282286
 0.17157779148682628
 0.16888756786316575
 0.16612151321107466
 0.16328122990425467
 0.16036833149496973
 0.15738444247105113
 0.15433119801125567
 0.15121024373901357
 0.14802323547460386
 0.14477183898579379
 0.14145772973698037
 0.1380825926368715
 0.13464812178474514
 0.13115602021532397
 0.12760799964230474
 0.12400578020058048
 0.12035109018719445
 0.11664566580106502
 0.11289125088152047
 0.1090895966456832
 0.10524246142474292
 0.10135161039915838
 0.09741881533282773
 0.093445854306267354
 0.089434511448839488
 0.085386576670068964
 0.081303845390089349
 0.077188118269259282
 0.073041200936989681
 0.068864903719822582
 0.06466104136880263
 0.06043143278618221
 0.056177900751501503
 0.051902271647084573
 0.047606375182992912
 0.043292044121477809
 0.038961114000973129
 0.03461542285966996
 0.030256810958714828
 0.02588712050507315
 0.021508195374099606
 0.017121880831857329
 0.0127300232572276
 0.0083344698638519975
 0.003937068421948799
 -0.00046033301995439897
 -0.0048558864133300033
 -0.0092477439879597324
 -0.013634058530202012
 -0.018012983661175555
 -0.022382674114817234
 -0.026741286015772355
 -0.031086977157075518
 -0.035417907277580193
 -0.039732238339095297
 -0.044028134803186958
 -0.048303763907603874
 -0.052557295942284567
 -0.056786904524904987
 -0.060990766875924946
 -0.065167064093092059
 -0.069313981425361673
 -0.073429708546191755
 -0.077512439826171398
 -0.081560374604941935
 -0.085571717462369801
 -0.089544678488930191
 -0.09347747355526087
 -0.097368324580845433
 -0.10121545980178574
 -0.10501711403762305
 -0.10877152895716768
 -0.11247695334329721
 -0.11613164335668336
 -0.11973386279840773
 -0.12328188337142705
 -0.12677398494084835
 -0.13020845579297485
 -0.1335835928930838
 -0.13689770214189739
 -0.1401490986307076
 -0.14333610689511742
 -0.14645706116735957
 -0.14951030562715514
 -0.15249419465107381
 -0.1554070930603588
 -0.15824737636717881
 -0.16101343101926993
 -0.16370365464293052
 -0.16631645628433286
 -0.1688502566491151
 -0.171303488340217
 -0.17367459609392416
 -0.17596203701408522
 -0.17816428080446603
 -0.18027980999920692
 -0.18230712019134734
 -0.18424472025938401
 -0.18609113259182838
 -0.1878448933097295
 -0.18950455248712875
 -0.19106867436941335
 -0.1925358375895358
 -0.19390463538206634
 -0.19517367579504699
 -0.19634158189961404
 -0.1974069919973587
 -0.19836855982539381
 -0.19922495475909599
 -0.19997486201249298
 -0.20061698283626545
 -0.20115003471333381
 -0.20157275155200077
 -0.20188388387661996
 -0.20208219901576235
 -0.20216648128785211
 -0.20213553218424368
 -0.20198817054971291
 -0.20172323276033455
 -0.20133957289871979
 -0.20083606292658723
 -0.2002115928546413
 -0.19946507090973245
 -0.19859542369927433
 -0.19760159637289265
 -0.19648255278128182
 -0.19523727563224524
 -0.19386476664389571
 -0.19236404669499299
 -0.19073415597239599
 -0.18897415411560695
 -0.18708312035838637
 -0.18506015366741696
 -0.18290437287799596
 -0.18061491682673531
 -0.1781909444812497
 -0.17563163506681292
 -0.17293618818996356
 -0.17010382395904128
 -0.16713378310163565
 -0.16402532707892978
 -0.16077773819692151
