# Created by Octave 6.2.0, Mon Aug 30 22:15:00 2021 -03 <kuroneko@kuroneko-VirtualBox>
# name: alfa
# type: scalar
0


# name: beta
# type: scalar
1


# name: h
# type: scalar
0.015625


# name: xl
# type: matrix
# rows: 65
# columns: 1
 0
 0.015625
 0.03125
 0.046875
 0.0625
 0.078125
 0.09375
 0.109375
 0.125
 0.140625
 0.15625
 0.171875
 0.1875
 0.203125
 0.21875
 0.234375
 0.25
 0.265625
 0.28125
 0.296875
 0.3125
 0.328125
 0.34375
 0.359375
 0.375
 0.390625
 0.40625
 0.421875
 0.4375
 0.453125
 0.46875
 0.484375
 0.5
 0.515625
 0.53125
 0.546875
 0.5625
 0.578125
 0.59375
 0.609375
 0.625
 0.640625
 0.65625
 0.671875
 0.6875
 0.703125
 0.71875
 0.734375
 0.75
 0.765625
 0.78125
 0.796875
 0.8125
 0.828125
 0.84375
 0.859375
 0.875
 0.890625
 0.90625
 0.921875
 0.9375
 0.953125
 0.96875
 0.984375
 1


# name: u
# type: matrix
# rows: 65
# columns: 1
 -0.016385177844238166
 0.014676474604131313
 0.043331941304649992
 0.069589920821060428
 0.093464887473726804
 0.11497705646972932
 0.13415233520265971
 0.15102226083944081
 0.1656239243445293
 0.17799988112453324
 0.18819804850851043
 0.19627159031092542
 0.20227878875536404
 0.20628290406755176
 0.20835202207592901
 0.20855889018692686
 0.20698074213009296
 0.20369911189527223
 0.19879963731008379
 0.19237185373089322
 0.18450897834429675
 0.17530768559875373
 0.16486787430737282
 0.153292426982921
 0.14068696198483885
 0.12715957907536171
 0.11282059899772386
 0.097782297703825224
 0.082158635871628999
 0.066064984363906634
 0.049617846289724217
 0.032934576338248159
 0.016133098061020007
 -0.00066838021620815142
 -0.01735165016768421
 -0.033798788241866634
 -0.049892439749588999
 -0.065516101581785238
 -0.080554402875683884
 -0.094893382953321739
 -0.10842076586279889
 -0.12102623086088103
 -0.13260167818533289
 -0.14304148947671383
 -0.1522427822222569
 -0.16010565760885345
 -0.16653344118804403
 -0.17143291577323247
 -0.17471454600805322
 -0.17629269406488715
 -0.1760858259538893
 -0.17401670794551205
 -0.17001259263332433
 -0.16400539418888571
 -0.15593185238647075
 -0.14573368500249365
 -0.13335772822248976
 -0.11875606471740133
 -0.10188613908062023
 -0.082710860347689902
 -0.061198691351687422
 -0.037323724699021073
 -0.011065745182610651
 0.017589721517907997
 0.048651373966277445


# name: x
# type: range
# base, limit, increment
0 1 0.015625


# name: exata
# type: matrix
# rows: 65
# columns: 1
 1
 0.99879545620517241
 0.99518472667219693
 0.98917650996478101
 0.98078528040323043
 0.97003125319454397
 0.95694033573220882
 0.94154406518302081
 0.92387953251128674
 0.90398929312344334
 0.88192126434835505
 0.85772861000027212
 0.83146961230254524
 0.80320753148064494
 0.77301045336273699
 0.74095112535495911
 0.70710678118654757
 0.67155895484701833
 0.63439328416364549
 0.59569930449243347
 0.55557023301960229
 0.51410274419322166
 0.47139673682599781
 0.4275550934302822
 0.38268343236508984
 0.33688985339222005
 0.29028467725446233
 0.24298017990326398
 0.19509032201612833
 0.14673047445536175
 0.09801714032956077
 0.049067674327418126
 6.123233995736766e-17
 -0.049067674327418008
 -0.098017140329560645
 -0.14673047445536164
 -0.19509032201612819
 -0.24298017990326387
 -0.29028467725446216
 -0.33688985339221994
 -0.38268343236508973
 -0.42755509343028186
 -0.4713967368259977
 -0.51410274419322166
 -0.55557023301960196
 -0.59569930449243336
 -0.63439328416364538
 -0.67155895484701844
 -0.70710678118654746
 -0.74095112535495888
 -0.77301045336273699
 -0.80320753148064483
 -0.83146961230254535
 -0.85772861000027201
 -0.88192126434835494
 -0.90398929312344334
 -0.92387953251128674
 -0.9415440651830207
 -0.95694033573220882
 -0.97003125319454397
 -0.98078528040323043
 -0.98917650996478101
 -0.99518472667219682
 -0.99879545620517241
 -1


