# Created by Octave 6.2.0, Mon Aug 30 19:51:28 2021 -03 <kuroneko@kuroneko-VirtualBox>
# name: alfa
# type: scalar
0


# name: beta
# type: scalar
1


# name: h
# type: scalar
0.0625


# name: xl
# type: matrix
# rows: 17
# columns: 1
 0
 0.0625
 0.125
 0.1875
 0.25
 0.3125
 0.375
 0.4375
 0.5
 0.5625
 0.625
 0.6875
 0.75
 0.8125
 0.875
 0.9375
 1


# name: u
# type: matrix
# rows: 17
# columns: 1
 0.091087232248901334
 0.19723990929185251
 0.26570151905608574
 0.29865891978182585
 0.2996633765516572
 0.27349408816497212
 0.22597452520831618
 0.16374863734658698
 0.094025530063382004
 0.024302422780177042
 -0.037923465081552178
 -0.085443028038208108
 -0.11161231642489318
 -0.11060785965506187
 -0.077650458929321722
 -0.0091888491650884592
 0.096963827877862743


# name: x
# type: range
# base, limit, increment
0 1 0.0625


# name: exata
# type: matrix
# rows: 17
# columns: 1
 1
 0.98078528040323043
 0.92387953251128674
 0.83146961230254524
 0.70710678118654757
 0.55557023301960229
 0.38268343236508984
 0.19509032201612833
 6.123233995736766e-17
 -0.19509032201612819
 -0.38268343236508973
 -0.55557023301960196
 -0.70710678118654746
 -0.83146961230254535
 -0.92387953251128674
 -0.98078528040323043
 -1


