# Created by Octave 6.3.0, Sat Sep 25 16:21:54 2021 -03 <kuroneko@kuroneko-VirtualBox>
# name: beta
# type: scalar
160


# name: Lambda
# type: matrix
# rows: 17
# columns: 1
 1
 0.98078538981615404
 0.92387971235358535
 0.83146982585251794
 0.7071069953955369
 0.55557041978203614
 0.38268356959856209
 0.19509039451001289
 -1.2656542480727217e-14
 -0.19509039451003771
 -0.38268356959858546
 -0.55557041978205757
 -0.70710699539555522
 -0.83146982585253193
 -0.92387971235359445
 -0.98078538981615915
 -1


# name: nen
# type: scalar
2


# name: nel
# type: scalar
16


# name: h
# type: scalar
0.0625


# name: xl
# type: matrix
# rows: 17
# columns: 1
 0
 0.0625
 0.125
 0.1875
 0.25
 0.3125
 0.375
 0.4375
 0.5
 0.5625
 0.625
 0.6875
 0.75
 0.8125
 0.875
 0.9375
 1


# name: U
# type: matrix
# rows: 16
# columns: 2
 0.0010661825575242364 0.61376160569221616
 0.61589617548621778 1.2050476016935792
 1.2070575442949634 1.7500242146657714
 1.7518322891076463 2.227748298998768
 2.2292850219941194 2.6198611860422116
 2.6210675021882919 2.9112941974466229
 2.9121237486903637 3.0908477260211624
 3.0912686331735095 3.1516216303575133
 3.1516177181926728 3.0912804033944519
 3.0908518222546841 2.9121429246443782
 2.9113061446625541 2.6210933469542224
 2.619880525115839 2.2293165423722008
 2.2277742867401589 1.7518682737872477
 1.7500558523807579 1.2070966104051868
 1.2050836735624473 0.61593682173828668
 0.61380072549331011 0.0011068469388016236


# name: P
# type: matrix
# rows: 16
# columns: 2
 1.0000066765696409 0.98079082458475664
 0.98080416564596895 0.92389730375770618
 0.9239098658989644 0.83149889786436149
 0.83151019832962247 0.70714643079399186
 0.70715603531271265 0.55561870308685546
 0.55562624256276816 0.38273884530941932
 0.38274403000469265 0.19515053841233865
 0.19515316908204081 6.2700797344328196e-05
 6.2676346314082196e-05 -0.19502754637412886
 -0.19503022500625228 -0.38262298934274214
 -0.38262821921762841 -0.55551443547153811
 -0.55552201560802794 -0.70705775847601626
 -0.70706739757371606 -0.83142922847117928
 -0.83144055610496925 -0.92384931464502607
 -0.92386189550029285 -0.98076635994726813
 -0.98077971054879909 -0.9999930692779756


# name: x
# type: range
# base, limit, increment
0 1 0.0625


# name: exata
# type: matrix
# rows: 17
# columns: 1
 1
 0.98078528040323043
 0.92387953251128674
 0.83146961230254524
 0.70710678118654757
 0.55557023301960229
 0.38268343236508984
 0.19509032201612833
 6.123233995736766e-17
 -0.19509032201612819
 -0.38268343236508973
 -0.55557023301960196
 -0.70710678118654746
 -0.83146961230254535
 -0.92387953251128674
 -0.98078528040323043
 -1


