# Created by Octave 6.3.0, Sat Sep 25 16:21:55 2021 -03 <kuroneko@kuroneko-VirtualBox>
# name: beta
# type: scalar
640


# name: Lambda
# type: matrix
# rows: 65
# columns: 1
 1
 0.99879545632637534
 0.99518472690489601
 0.98917651029930487
 0.98078528082996519
 0.97003125370395815
 0.95694033631487541
 0.94154406582964012
 0.92387953321270877
 0.9039892938706886
 0.88192126513263813
 0.85772861081302221
 0.83146961313542678
 0.80320753232557729
 0.77301045421191428
 0.74095112620086889
 0.70710678202198884
 0.67155895566511925
 0.63439328495787972
 0.59569930525663595
 0.55557023374798375
 0.51410274488038321
 0.47139673746694294
 0.42755509402043018
 0.38268343290028567
 0.33688985386874476
 0.29028467766904181
 0.24298018025307697
 0.19509032229881368
 0.14673047466902367
 0.098017140472773212
 0.049067674399228961
 -6.7429465757000831e-14
 -0.049067674399363659
 -0.098017140472907452
 -0.14673047466915709
 -0.19509032229894591
 -0.24298018025320775
 -0.29028467766917071
 -0.33688985386887149
 -0.38268343290041007
 -0.42755509402055203
 -0.47139673746706179
 -0.5141027448804989
 -0.555570233748096
 -0.59569930525674408
 -0.63439328495798397
 -0.67155895566521939
 -0.70710678202208432
 -0.74095112620095938
 -0.77301045421199954
 -0.80320753232565723
 -0.83146961313550127
 -0.85772861081309115
 -0.88192126513270164
 -0.90398929387074656
 -0.92387953321276017
 -0.94154406582968586
 -0.95694033631491526
 -0.97003125370399179
 -0.9807852808299925
 -0.98917651029932496
 -0.99518472690490978
 -0.99879545632638267
 -1


# name: nen
# type: scalar
2


# name: nel
# type: scalar
64


# name: h
# type: scalar
0.015625


# name: xl
# type: matrix
# rows: 65
# columns: 1
 0
 0.015625
 0.03125
 0.046875
 0.0625
 0.078125
 0.09375
 0.109375
 0.125
 0.140625
 0.15625
 0.171875
 0.1875
 0.203125
 0.21875
 0.234375
 0.25
 0.265625
 0.28125
 0.296875
 0.3125
 0.328125
 0.34375
 0.359375
 0.375
 0.390625
 0.40625
 0.421875
 0.4375
 0.453125
 0.46875
 0.484375
 0.5
 0.515625
 0.53125
 0.546875
 0.5625
 0.578125
 0.59375
 0.609375
 0.625
 0.640625
 0.65625
 0.671875
 0.6875
 0.703125
 0.71875
 0.734375
 0.75
 0.765625
 0.78125
 0.796875
 0.8125
 0.828125
 0.84375
 0.859375
 0.875
 0.890625
 0.90625
 0.921875
 0.9375
 0.953125
 0.96875
 0.984375
 1


# name: U
# type: matrix
# rows: 64
# columns: 2
 1.6726777055220969e-05 0.15416423636708759
 0.1541982922164401 0.30797444846590522
 0.30800838044417889 0.46104272312347128
 0.46107644948589793 0.61300030545927786
 0.61303374495563845 0.7634811163471078
 0.76351418841880325 0.91212263433304663
 0.91215525930650476 1.0585667689807521
 1.0585988682600187 1.2024607235433313
 1.2024922197983996 1.3434578448805896
 1.3434886622337257 1.4812184585768395
 1.4812485227866217 1.6154106872475633
 1.6154399258865026 1.7457112500598682
 1.7457395926895891 1.8718062415450245
 1.8718336198862362 1.9933918878245145
 1.9934182359194106 2.1101752784258214
 2.1102005328001816 2.2218750719326179
 2.2218991717463368 2.3282221737584945
 2.3282450609525198 2.4289603844197565
 2.4289820038577599 2.5238470167442224
 2.523867316342197 2.6126534805226478
 2.6126724113777926 2.6951658332059716
 2.6951833497117668 2.7711852953089195
 2.7712013552664376 2.8405287292886365
 2.8405432940085258 2.9030290807393908
 2.9030421151335917 2.958535780839779
 2.9585472535074309 3.0069151090875841
 3.0069249923900441 3.048050515443546
 3.0480587855709222 3.081842901110567
 3.0818495381395552 3.1082108572718687
 3.1082158452131825 3.1270908612113963
 3.1270941880487908 3.138437429346109
 3.1384390870647949 3.1422232267993815
 3.1422232114058342 3.138439133253617
 3.1384374447849215 3.1270942649216154
 3.1270909074454578 3.1082159525848994
 3.1082109341896498 3.0818496757513478
 3.0818430085268971 3.0480589530914033
 3.0480506530994789 3.0069251894154716
 3.0069152766516951 2.9585474795633537
 2.9585359779082698 2.9030423696752994
 2.9030293068375439 2.8405435764228431
 2.8405289838719701 2.7712016648732121
 2.7711855777637986 2.6951836857648068
 2.6951661428519791 2.6126727730675587
 2.612653816614138 2.5238677027976659
 2.5238473784709785 2.4289824141473839
 2.4289607709109351 2.328245494088462
 2.3282225840824147 2.2218996266845452
 2.2218755051012113 2.1102010084451086
 2.1101757333953404 1.9934187311249791
 1.993392363498931 1.8718341334594863
 1.8718067367786717 1.7457401233935521
 1.7457117636595427 1.615440472442524
 1.6154112179757356 1.4812490838777772
 1.481219005154697 1.3434892365080555
 1.3434584059919594 1.2024928058730082
 1.2024612978365434 1.0585994647230972
 1.058567355071834 0.91215586472067134
 0.91212323081000968 0.76351480132551819
 0.76348172177298546 0.61303436387835464
 0.61300091837579984 0.4610770729338301
 0.46104334205428765 0.3080090069156059
 0.3079750719195804 0.15419892020176032
 0.15416486284149197 1.7354763221887993e-05


# name: P
# type: matrix
# rows: 64
# columns: 2
 1.0000000261481956 0.99879547757551046
 0.99879553078777483 0.99518479648139946
 0.99518484950011543 0.98917662803556083
 0.98917668073300202 0.98078544644233689
 0.98078549869154985 0.97003146679347085
 0.97003151846858293 0.95694059636817774
 0.95694064734469908 0.94154437222024057
 0.94154442237536451 0.92387988520248587
 0.92387993441538419 0.90398969061166845
 0.90398973876378252 0.8819217056690366
 0.88192175264436423 0.85772909408354858
 0.85772913976892196 0.8314701379758398
 0.83147018226119895 0.80320809747149069
 0.80320814025014842 0.77301105830184225
 0.77301109947074065 0.74095176777950555
 0.74095180723946541 0.70710745954371523
 0.70710749719967414 0.67155966749772611
 0.67155970325896697 0.63439402938649991
 0.63439406316687152 0.59570008048787593
 0.59570011220599772 0.55557103791424323
 0.55557106749370422 0.51410357604435553
 0.51410360341389583 0.47139759362628109
 0.47139761871996483 0.42755597311257143
 0.42755599586994614 0.38268433280742009
 0.38268435317366101 0.33689077242291721
 0.33689079034896036 0.29028561265737474
 0.29028562810003472 0.24298112942310174
 0.24298114234517579 0.19509128336389639
 0.19509129373425418 0.14673144531387447
 0.1467314531075328 0.098018118359023562
 0.098018123557206974 0.049068657171065309
 0.049068659761250778 9.8528977144286416e-07
 9.8526571903983592e-07 -0.04906668896517178
 -0.049066691603404114 -0.098016157268359841
 -0.098016162514416347 -0.14672949606287961
 -0.14672950390412215 -0.19508935064848684
 -0.19508936106602506 -0.24297921789935806
 -0.24297923086809539 -0.29028372693032528
 -0.29028374241901866 -0.33688891703544332
 -0.33688893500677936 -0.38268251222931304
 -0.38268253263999696 -0.42755419172976333
 -0.42755421453062425 -0.47139585573027909
 -0.47139588086638762 -0.51410188582190319
 -0.51410191323270438 -0.55556939943723482
 -0.55556942905669338 -0.59569849770354533
 -0.59569852946030566 -0.63439250610791431
 -0.63439253992547129 -0.67155820739459648
 -0.67155824319148094 -0.70710606613355775
 -0.70710610382353156 -0.74095044441916724
 -0.74095048391143248 -0.77300980817941412
 -0.77300984937882977 -0.80320692359862733
 -0.80320696640594091 -0.83146904318050385
 -0.83146908749258841 -0.85772808100319731
 -0.85772812671330156 -0.88192077674427016
 -0.88192082374227465 -0.9039888480803483
 -0.90398889625302958 -0.9238791310943425
 -0.92387918032564964 -0.94154370835198786
 -0.94154375852331773 -0.95694002433913161
 -0.95694007532961711 -0.97003098798169973
 -0.97003103966850035 -0.9807850620013403
 -0.9807851142599382 -0.9891763388914897
 -0.9891763915959888 -0.99518460333082825
 -0.99518465635425957 -0.99879538088375563
 -0.99879543409838079 -0.9999999728705754


# name: x
# type: range
# base, limit, increment
0 1 0.015625


