# Created by Octave 6.3.0, Sat Sep 25 16:21:54 2021 -03 <kuroneko@kuroneko-VirtualBox>
# name: beta
# type: scalar
40


# name: Lambda
# type: matrix
# rows: 5
# columns: 1
 1
 0.70716333482501148
 -3.2566542055671297e-15
 -0.70716333482501625
 -1


# name: nen
# type: scalar
2


# name: nel
# type: scalar
4


# name: h
# type: scalar
0.25


# name: xl
# type: matrix
# rows: 5
# columns: 1
 0
 0.25
 0.5
 0.75
 1


# name: U
# type: matrix
# rows: 4
# columns: 2
 0.065029896502070736 2.2755113295426415
 2.369791628709256 3.2869287740968582
 3.2860416491267097 2.3725880056494315
 2.2770531223184953 0.068097445726207878


# name: P
# type: matrix
# rows: 4
# columns: 2
 1.0016394006686504 0.70853372357426314
 0.7108907310534287 0.0036541117541661699
 0.0036319336299125257 -0.70336602917309454
 -0.70575440125636768 -0.99828391060074573


# name: x
# type: range
# base, limit, increment
0 1 0.25


# name: exata
# type: matrix
# rows: 5
# columns: 1
 1
 0.70710678118654757
 6.123233995736766e-17
 -0.70710678118654746
 -1


