# Created by Octave 6.3.0, Sat Sep 25 16:21:57 2021 -03 <kuroneko@kuroneko-VirtualBox>
# name: beta
# type: scalar
2560


# name: Lambda
# type: matrix
# rows: 257
# columns: 1
 1
 0.99992470183882098
 0.99969881869556299
 0.99932238458739697
 0.99879545620391552
 0.9981181128985942
 0.99729045667684324
 0.99631261218064526
 0.99518472666978541
 0.99390696999967187
 0.99247953459575933
 0.99090263542456991
 0.98917650996131834
 0.9873014181541504
 0.98527764238499427
 0.98310548742703652
 0.98078528039882407
 0.97831737071500069
 0.97570213003368711
 0.97293995220051022
 0.9700312531892914
 0.96697647103940298
 0.96377606578980035
 0.96043051940974189
 0.95694033572620663
 0.95330604034801925
 0.94952818058669586
 0.94560732537402004
 0.9415440651763648
 0.93733901190577107
 0.93299279882779296
 0.92850608046613337
 0.92387953250407406
 0.91911385168272031
 0.91420975569607421
 0.90916798308295266
 0.90398929311576615
 0.8986744656861746
 0.89322430118764073
 0.88763962039488964
 0.8819212643403076
 0.87607009418728177
 0.87008699110051457
 0.86397285611332331
 0.85772860999194755
 0.8513551930968849
 0.84485356524127631
 0.8382247055463623
 0.83146961229402971
 0.82458930277647513
 0.81758481314300413
 0.81045719824399109
 0.80320753147202217
 0.79583690460024692
 0.78834642761796081
 0.78073722856344507
 0.77301045335408813
 0.76516726561381554
 0.75720884649785136
 0.74913639451484137
 0.74095112534636109
 0.73265427166383901
 0.72424708294292217
 0.71573082527530751
 0.70710678117807413
 0.69837624940054177
 0.68954054472868265
 0.68060099778712013
 0.67155895483874128
 0.66241577758195436
 0.65317284294562328
 0.64383154288170619
 0.63439328415563234
 0.62485948813444958
 0.61523159057277066
 0.60551104139655398
 0.59569930448475006
 0.58579785744884716
 0.57580819141034878
 0.56573181077621537
 0.5555702330123069
 0.54532498841485688
 0.53499761988001671
 0.52458968267150075
 0.51410274418636892
 0.50353838371898374
 0.49289819222317227
 0.48218377207263596
 0.47139673681963873
 0.46053871095201188
 0.44961132964851208
 0.43861623853256948
 0.42755509342446302
 0.41642956009195981
 0.4052413139994569
 0.39399204005566202
 0.38268343235985303
 0.37131719394675239
 0.35989503653005689
 0.34841868024465944
 0.33688985338760336
 0.32531029215780682
 0.31368174039459801
 0.30200594931509928
 0.2902846772505
 0.27851968938125909
 0.26671275747127438
 0.25486565960106228
 0.24298017989998485
 0.23105810827756679
 0.21910124015394156
 0.20711137618946768
 0.19509032201355603
 0.18303988795274853
 0.17096188875808979
 0.15885814333183193
 0.14673047445351517
 0.13458070850546347
 0.12241067519773813
 0.1102222072925903
 0.098017140328453767
 0.085797312343519547
 0.073564563598934013
 0.061320736301662557
 0.049067674327059732
 0.036807222941188537
 0.024541228522930156
 0.01227153828592605
 3.9438736513907637e-13
 -0.012271538285137338
 -0.024541228522141637
 -0.036807222940400335
 -0.049067674326271959
 -0.06132073630087536
 -0.073564563598147489
 -0.085797312342733814
 -0.098017140327669006
 -0.1102222072918066
 -0.12241067519695563
 -0.13458070850468232
 -0.14673047445273549
 -0.15885814333105377
 -0.17096188875731327
 -0.18303988795197393
 -0.19509032201278328
 -0.20711137618869691
 -0.21910124015317289
 -0.2310581082768004
 -0.24298017989922083
 -0.25486565960030072
 -0.26671275747051543
 -0.27851968938050281
 -0.29028467724974666
 -0.30200594931434882
 -0.31368174039385083
 -0.32531029215706281
 -0.33688985338686267
 -0.3484186802439222
 -0.35989503652932314
 -0.37131719394602225
 -0.38268343235912677
 -0.39399204005493993
 -0.40524131399873886
 -0.41642956009124599
 -0.42755509342375342
 -0.43861623853186432
 -0.44961132964781153
 -0.46053871095131599
 -0.47139673681894756
 -0.48218377207194968
 -0.49289819222249093
 -0.50353838371830761
 -0.51410274418569801
 -0.52458968267083461
 -0.53499761987935612
 -0.54532498841420196
 -0.55557023301165775
 -0.56573181077557211
 -0.57580819140971107
 -0.58579785744821544
 -0.59569930448412456
 -0.60551104139593492
 -0.61523159057215804
 -0.62485948813384318
 -0.63439328415503204
 -0.643831542881112
 -0.65317284294503564
 -0.66241577758137293
 -0.67155895483816641
 -0.68060099778655236
 -0.68954054472812165
 -0.69837624939998755
 -0.70710678117752668
 -0.71573082527476695
 -0.72424708294238904
 -0.73265427166331298
 -0.74095112534584218
 -0.74913639451433023
 -0.75720884649734765
 -0.76516726561331905
 -0.77301045335359919
 -0.78073722856296379
 -0.78834642761748797
 -0.79583690459978218
 -0.80320753147156554
 -0.81045719824354256
 -0.8175848131425637
 -0.82458930277604303
 -0.83146961229360594
 -0.83822470554594697
 -0.84485356524086941
 -0.85135519309648622
 -0.85772860999155731
 -0.86397285611294161
 -0.87008699110014132
 -0.87607009418691695
 -0.88192126433995133
 -0.88763962039454192
 -0.89322430118730078
 -0.89867446568584342
 -0.90398929311544274
 -0.90916798308263813
 -0.91420975569576857
 -0.91911385168242365
 -0.9238795325037864
 -0.9285060804658547
 -0.93299279882752317
 -0.93733901190551028
 -0.94154406517611311
 -0.94560732537377645
 -0.94952818058646149
 -0.95330604034779454
 -0.95694033572599113
 -0.96043051940953583
 -0.96377606578960329
 -0.96697647103921502
 -0.97003125318911243
 -0.97293995220034013
 -0.97570213003352602
 -0.97831737071484881
 -0.9807852803986814
 -0.98310548742690307
 -0.98527764238487003
 -0.98730141815403527
 -0.98917650996121209
 -0.99090263542447143
 -0.99247953459566884
 -0.99390696999958938
 -0.99518472666971203
 -0.99631261218058109
 -0.99729045667678751
 -0.99811811289854779
 -0.99879545620387855
 -0.99932238458736944
 -0.99969881869554411
 -0.99992470183881155
 -1


# name: nen
# type: scalar
2


# name: nel
# type: scalar
256


# name: h
# type: scalar
0.00390625


