# Created by Octave 6.3.0, Fri Sep 24 15:00:36 2021 -03 <kuroneko@kuroneko-VirtualBox>
# name: erro
# type: matrix
# rows: 4
# columns: 1
 139.31638336930121
 459.52151055352329
 1744.0694743700328
 6885.2809587452721


# name: hh
# type: matrix
# rows: 4
# columns: 1
 0.25
 0.0625
 0.015625
 0.00390625


