# Created by Octave 6.3.0, Fri Sep 24 16:25:53 2021 -03 <kuroneko@kuroneko-VirtualBox>
# name: beta
# type: scalar
2560


# name: Lambda
# type: matrix
# rows: 257
# columns: 1
 1
 0.99146784711483826
 0.98294906396549375
 0.97444367565810441
 0.96595170473423375
 0.95747317117174302
 0.94900809238605155
 0.9405564832317842
 0.93211835600480564
 0.92369372044464482
 0.91528258373730209
 0.90688495051844598
 0.89850082287699451
 0.89013020035908086
 0.88177307997240506
 0.87342945619096946
 0.8650993209601967
 0.85678266370243106
 0.84847947132282109
 0.84018972821558269
 0.83191341627064208
 0.82365051488065799
 0.81540100094842138
 0.80716484889463092
 0.79894203066604486
 0.79073251574400638
 0.78253627115334279
 0.77435326147163419
 0.7661834488388547
 0.75802679296738029
 0.74988325115236487
 0.74175277828248121
 0.73363532685102573
 0.72553084696738668
 0.71743928636887089
 0.70936059043289024
 0.70129470218950529
 0.69324156233432266
 0.68520110924174615
 0.67717327897857882
 0.66915800531797387
 0.6611552197537317
 0.65316485151494208
 0.64518682758096846
 0.63722107269677286
 0.62926750938857767
 0.62132605797986362
 0.61339663660770072
 0.60547916123940837
 0.59757354568954557
 0.58967970163722461
 0.58179753864374883
 0.57392696417056988
 0.56606788359756222
 0.55822020024161279
 0.55038381537552228
 0.54255862824721468
 0.5347445360992541
 0.52694143418866368
 0.51914921580704509
 0.51136777230099439
 0.50359699309281314
 0.49583676570150897
 0.48808697576408444
 0.48034750705711027
 0.47261824151857962
 0.46489905927004033
 0.45718983863900142
 0.44949045618161138
 0.44180078670560291
 0.43412070329350305
 0.42645007732610357
 0.41878877850618834
 0.41113667488251437
 0.403493632874043
 0.39585951729441704
 0.3882341913766808
 0.38061751679823874
 0.37300935370604921
 0.36540956074204928
 0.3578179950688074
 0.35023451239539938
 0.34265896700350379
 0.33509121177371315
 0.32753109821205711
 0.31997847647673289
 0.31243319540503972
 0.30489510254051244
 0.29736404416025086
 0.2898398653024406
 0.28232240979406092
 0.27481152027877537
 0.26730703824500163
 0.25980880405415552
 0.25231665696906547
 0.24483043518255315
 0.2373499758461752
 0.22987511509912281
 0.2224056880972741
 0.214941529042395
 0.20748247121148419
 0.20002834698625799
 0.1925789878827702
 0.1851342245811631
 0.17769388695554444
 0.17025780410398625
 0.16282580437864108
 0.15539771541597056
 0.14797336416708248
 0.14055257692817127
 0.13313517937105729
 0.12572099657382046
 0.11830985305152385
 0.11090157278702199
 0.10349597926184984
 0.096092895487187344
 0.088692144034895129
 0.081293547068616426
 0.073896926374940886
 0.066502103394625131
 0.05910889925386574
 0.051717134795619603
 0.044326630610967192
 0.036937207070513761
 0.029548684355823914
 0.022160882490884787
 0.014773621373592921
 0.0073867208072602572
 5.3213439160603177e-10
 -0.0073867197430716146
 -0.014773620309644686
 -0.022160881427337187
 -0.029548683292837118
 -0.036937206008247854
 -0.044326629549582164
 -0.051717133735275291
 -0.059108898194721815
 -0.066502102336841104
 -0.07389692531867606
 -0.081293546014029897
 -0.088692142982145672
 -0.09609289443643354
 -0.10349597821324988
 -0.11090157174073381
 -0.11830985200770501
 -0.12572099553262817
 -0.13313517833264832
 -0.14055257589270201
 -0.14797336313470885
 -0.15539771438684802
 -0.16282580335292468
 -0.17025780308183047
 -0.1776938859371032
 -0.18513422356658982
 -0.19257898687221761
 -0.20002834597987829
 -0.20748247020942898
 -0.21494152804481512
 -0.22240568710431977
 -0.22987511411094355
 -0.23734997486291981
 -0.24483043420436976
 -0.25231665599610142
 -0.25980880308655729
 -0.26730703728291499
 -0.27481151932234521
 -0.28232240884343124
 -0.28983986435775455
 -0.29736404322165078
 -0.3048951016081396
 -0.31243319447903456
 -0.3199784755572348
 -0.32753109729920449
 -0.33509121086764354
 -0.34265896610435365
 -0.3502345115033042
 -0.35781799418390148
 -0.36540955986446588
 -0.37300935283592063
 -0.38061751593569598
 -0.38823419052185365
 -0.39585951644743422
 -0.40349363203503202
 -0.4111366740516017
 -0.41878877768349909
 -0.42645007651176153
 -0.43412070248763085
 -0.44180078590832184
 -0.44949045539304155
 -0.45718983785926165
 -0.46489905849924779
 -0.47261824075685055
 -0.48034750630455941
 -0.48808697502082504
 -0.49583676496765294
 -0.503596992368471
 -0.51136777158627522
 -0.51914921510205647
 -0.52694143349351197
 -0.53474453541404388
 -0.5425586275720492
 -0.55038381471050324
 -0.55822019958684033
 -0.56606788295313482
 -0.57392696353658468
 -0.58179753802030132
 -0.58967970102440859
 -0.59757354508745342
 -0.6054791606481309
 -0.61339663602732686
 -0.62132605741048075
 -0.62926750883027149
 -0.63722107214962753
 -0.64518682704506647
 -0.65316485099036392
 -0.66115521924055631
 -0.66915800481627874
 -0.67717327848843933
 -0.68520110876323614
 -0.69324156186751429
 -0.70129470173446906
 -0.70936058998969453
 -0.71743928593758233
 -0.72553084654807043
 -0.73363532644374474
 -0.74175277788729688
 -0.74988325076933682
 -0.75802679259656625
 -0.76618344848031028
 -0.77435326112541347
 -0.78253627081949784
 -0.79073251542258771
 -0.79894203035710065
 -0.80716484859820803
 -0.81540100066456433
 -0.82365051460940952
 -0.83191341601204283
 -0.84018972796967173
 -0.84847947108963551
 -0.85678266348200582
 -0.86509932075256502
 -0.87342945599616273
 -0.88177307979045283
 -0.89013020019001043
 -0.89850082272083132
 -0.90688495037521344
 -0.91528258360702164
 -0.92369372032733632
 -0.93211835590048697
 -0.94055648314047069
 -0.94900809230775718
 -0.95747317110647934
 -0.96595170468201086
 -0.97444367561893019
 -0.98294906393937431
 -0.99146784710177771
 -1


# name: nen
# type: scalar
2


# name: nel
# type: scalar
256


# name: h
# type: scalar
0.00390625


