# Created by Octave 6.3.0, Fri Sep 24 16:25:51 2021 -03 <kuroneko@kuroneko-VirtualBox>
# name: beta
# type: scalar
160


# name: Lambda
# type: matrix
# rows: 17
# columns: 1
 1
 0.86510238803436945
 0.73364052145771808
 0.60548556775024887
 0.48035427433204853
 0.35782437366843511
 0.23735535044391495
 0.11831376879419218
 2.1823314298559749e-06
 -0.11830948799710547
 -0.2373513180212326
 -0.35782074458389951
 -0.48035118804934324
 -0.60548314287348737
 -0.73363885117355454
 -0.86510153653088706
 -1


# name: nen
# type: scalar
2


# name: nel
# type: scalar
16


# name: h
# type: scalar
0.0625


# name: xl
# type: matrix
# rows: 17
# columns: 1
 0
 0.0625
 0.125
 0.1875
 0.25
 0.3125
 0.375
 0.4375
 0.5
 0.5625
 0.625
 0.6875
 0.75
 0.8125
 0.875
 0.9375
 1


# name: U
# type: matrix
# rows: 16
# columns: 2
 -6.8733363664427358 -6.0309324140359113
 -6.6833673403278793 -5.8977082122850746
 -6.48859692896142 -5.7814839803875868
 -6.2973026426497105 -5.6888177318274771
 -6.1174089905963092 -5.6251488992446781
 -5.9561824490305995 -5.5945876700053949
 -5.8199519080244118 -5.5997555904142775
 -5.7138653403345536 -5.6416835653117667
 -5.6416920434509255 -5.7197711739642854
 -5.6056780545121967 -5.831808866641337
 -5.6064602941807955 -5.9740621896385067
 -5.6430427384827855 -6.1414148026220783
 -5.7128355337526502 -6.3275647926489027
 -5.8117555507901999 -6.5252667408878207
 -5.9343845130982915 -6.7266102396519942
 -6.0741786213658537 -6.9233241564188486


# name: P
# type: matrix
# rows: 16
# columns: 2
 0.97245288285333575 0.83898970739461798
 0.83833752129426709 0.70810264342839269
 0.70762931856609701 0.58049919756386104
 0.58016825929138682 0.45586458442535638
 0.45564312429824416 0.33374799156792145
 0.33360797159484734 0.21358445182399519
 0.21350381366940394 0.094721117642622255
 0.094684654129072093 -0.023553076246868775
 -0.023553120848661246 -0.14197550573583406
 -0.14193912971184697 -0.26127693594965895
 -0.26119638020843394 -0.38214885470247212
 -0.3820089088994682 -0.50521232012812556
 -0.50499092307747329 -0.63098952362924976
 -0.6306586349156319 -0.75987916493045593
 -0.75940587420489447 -0.89213658951369701
 -0.89148442081610224 -1.0278594556836664


# name: x
# type: range
# base, limit, increment
0 1 0.0625


# name: exata
# type: matrix
# rows: 17
# columns: 1
 1
 0.98078528040323043
 0.92387953251128674
 0.83146961230254524
 0.70710678118654757
 0.55557023301960229
 0.38268343236508984
 0.19509032201612833
 6.123233995736766e-17
 -0.19509032201612819
 -0.38268343236508973
 -0.55557023301960196
 -0.70710678118654746
 -0.83146961230254535
 -0.92387953251128674
 -0.98078528040323043
 -1


