# Created by Octave 6.3.0, Fri Sep 24 15:00:34 2021 -03 <kuroneko@kuroneko-VirtualBox>
# name: beta
# type: scalar
160


# name: Lambda
# type: matrix
# rows: 17
# columns: 1
 1
 0.82740547829753208
 0.46632710441040259
 -0.069359082252382978
 -0.75906696191417089
 -1.5762914479074173
 -2.4896270583431837
 -3.4639748466898843
 -4.4618909149052959
 -5.4450282387350404
 -6.375584426689846
 -7.2179875056868701
 -7.9381653836002712
 -8.523733156487932
 -8.8145676309968213
 -10.038073571453362
 -1


# name: nen
# type: scalar
2


# name: nel
# type: scalar
16


# name: h
# type: scalar
0.0625


# name: xl
# type: matrix
# rows: 17
# columns: 1
 0
 0.0625
 0.125
 0.1875
 0.25
 0.3125
 0.375
 0.4375
 0.5
 0.5625
 0.625
 0.6875
 0.75
 0.8125
 0.875
 0.9375
 1


# name: U
# type: matrix
# rows: 16
# columns: 2
 76.595818718775263 -135.45184715461437
 24.99950879508371 -80.681332825489562
 -44.270811423749784 2.2596596650224683
 -128.55312237170415 110.18375448374059
 -224.60850217036781 238.94348924183305
 -328.74559585525702 383.59069908715355
 -436.9624786025127 538.56667695658962
 -545.10038872561324 697.91574610276439
 -649.0040751245233 855.51454262681909
 -744.67672412667105 1005.3036499807731
 -828.47636895198229 1141.5536053915785
 -896.87052103952863 1258.7867619039571
 -950.03986833243709 1354.6726532663706
 -960.65981096299458 1405.9537945742923
 -1155.8542155136176 1586.8132751818812
 519.66599471453003 304.91661297478026


# name: P
# type: matrix
# rows: 16
# columns: 2
 -58.633948638506766 -60.128010483722299
 -31.548064569510277 -32.565964822686496
 7.3309271965831133 7.0894510774485076
 56.508928806542428 57.314301819367635
 114.09605726707723 116.17847458504788
 177.87927126353335 181.41985196040289
 245.40742002041577 250.5312467956756
 314.08541333605632 320.8567253905253
 381.27418627888119 389.69391303599025
 444.38998545623173 454.39568926508628
 501.02284485674073 512.4913146534758
 548.85654665628783 561.60678493913349
 587.31150769706824 601.1274177720328
 603.58217279993812 618.07927873681388
 698.99304275889597 714.9075252544468
 -47.670428614111209 -39.978369266726922


# name: x
# type: range
# base, limit, increment
0 1 0.0625


# name: exata
# type: matrix
# rows: 17
# columns: 1
 1
 0.98078528040323043
 0.92387953251128674
 0.83146961230254524
 0.70710678118654757
 0.55557023301960229
 0.38268343236508984
 0.19509032201612833
 6.123233995736766e-17
 -0.19509032201612819
 -0.38268343236508973
 -0.55557023301960196
 -0.70710678118654746
 -0.83146961230254535
 -0.92387953251128674
 -0.98078528040323043
 -1


