# Created by Octave 6.3.0, Fri Sep 24 16:25:52 2021 -03 <kuroneko@kuroneko-VirtualBox>
# name: beta
# type: scalar
640


# name: Lambda
# type: matrix
# rows: 65
# columns: 1
 1
 0.96595175053619753
 0.93211844417481737
 0.8985009499704808
 0.86509948353177113
 0.83191361088390059
 0.79894225390328855
 0.76618369731071767
 0.73363559720598559
 0.70129499112325044
 0.66915830958260725
 0.63722138910982751
 0.60547948669265605
 0.5739272956385989
 0.5425589627957571
 0.51136810709498326
 0.48034783936844544
 0.44949078339661636
 0.41878909813273973
 0.38823450105099405
 0.35781829256186137
 0.3275313814356417
 0.29736431117262363
 0.26730728725613978
 0.23735020522260988
 0.20748267948070601
 0.17769407280996838
 0.14797352646756423
 0.11830999083041745
 0.088692256498645441
 0.05910898578512943
 0.029548744515113634
 3.4058982017984953e-08
 -0.029548676479200665
 -0.059108917995171983
 -0.088692189117955469
 -0.11830992402132093
 -0.14797346039101006
 -0.17769400762514079
 -0.20748261534464096
 -0.23735014228981677
 -0.26730722567822923
 -0.29736425109794212
 -0.32753132300891435
 -0.35781823592384321
 -0.38823444633813109
 -0.41878904547683993
 -0.44949073292453245
 -0.48034779120176935
 -0.51136806134975277
 -0.54255891958217639
 -0.57392725506077313
 -0.60547944884834093
 -0.63722135409019298
 -0.66915827747201906
 -0.70129496199906605
 -0.73363557113836775
 -0.76618367436246537
 -0.79894223412968624
 -0.83191359433258472
 -0.86509947024261491
 -0.89850093997549929
 -0.93211843749808898
 -0.96595174719380694
 -1


# name: nen
# type: scalar
2


# name: nel
# type: scalar
64


# name: h
# type: scalar
0.015625


# name: xl
# type: matrix
# rows: 65
# columns: 1
 0
 0.015625
 0.03125
 0.046875
 0.0625
 0.078125
 0.09375
 0.109375
 0.125
 0.140625
 0.15625
 0.171875
 0.1875
 0.203125
 0.21875
 0.234375
 0.25
 0.265625
 0.28125
 0.296875
 0.3125
 0.328125
 0.34375
 0.359375
 0.375
 0.390625
 0.40625
 0.421875
 0.4375
 0.453125
 0.46875
 0.484375
 0.5
 0.515625
 0.53125
 0.546875
 0.5625
 0.578125
 0.59375
 0.609375
 0.625
 0.640625
 0.65625
 0.671875
 0.6875
 0.703125
 0.71875
 0.734375
 0.75
 0.765625
 0.78125
 0.796875
 0.8125
 0.828125
 0.84375
 0.859375
 0.875
 0.890625
 0.90625
 0.921875
 0.9375
 0.953125
 0.96875
 0.984375
 1


# name: U
# type: matrix
# rows: 64
# columns: 2
 -6.638826862983449 -6.4234571093813138
 -6.5965241407627309 -6.3836456629475604
 -6.553874715716983 -6.3438445075931531
 -6.5110049549615185 -6.3041781935283128
 -6.468040911784195 -6.2647701096648261
 -6.4251080207411455 -6.2257421848563546
 -6.3823307942800191 -6.1872145926926523
 -6.33983252163637 -6.1493054605736557
 -6.2977349707212671 -6.1121305837570361
 -6.2561580937202272 -6.0758031450700019
 -6.2152197371112692 -6.0404334409592
 -6.1750353568041128 -6.0061286145421171
 -6.1357177390826045 -5.9729923962989124
 -6.0973767280277427 -5.9411248530345224
 -6.0601189600700147 -5.9106221457078441
 -6.0240476063218722 -5.8815762967227876
 -5.9892621232990395 -5.8540749672297627
 -5.9558580126425014 -5.8282012449854363
 -5.9239265904092067 -5.8040334432710221
 -5.8935547664977044 -5.7816449113639585
 -5.8648248347312313 -5.7611038570107231
 -5.837814274110702 -5.7424731813352103
 -5.8125955617119702 -5.7258103265759805
 -5.789235997680974 -5.7111671370220796
 -5.7677975427456927 -5.6985897334797855
 -5.7483366686398396 -5.6881184015761956
 -5.7309042217950621 -5.6797874941651756
 -5.7155453006331198 -5.6736253480739061
 -5.7022991467506854 -5.669654215387629
 -5.6911990502620222 -5.6678902094412615
 -5.682272269525086 -5.6683432656455039
 -5.6755399654457381 -5.6710171172431485
 -5.6710171505179083 -5.6759092860535718
 -5.6687126527227027 -5.6830110882279365
 -5.6686290943731654 -5.6923076550010236
 -5.6707628859558277 -5.7037779683898568
 -5.6751042349838423 -5.7173949117531144
 -5.6816371698403696 -5.7331253350895199
 -5.6903395785545481 -5.7509301349177093
 -5.7011832624169934 -5.7707643485454891
 -5.7141340043055306 -5.7925772625012932
 -5.7291516515564354 -5.8163125348664773
 -5.7461902131811566 -5.8419083312134212
 -5.7651979711947918 -5.8692974738223764
 -5.7861176057889896 -5.8984076038185478
 -5.8088863340449644 -5.9291613558359968
 -5.8334360618556218 -5.961476544790802
 -5.8596935486881065 -5.9952663643108393
 -5.8875805847921656 -6.0304395963464872
 -5.9170141804245029 -6.0669008314543733
 -5.9479067666374057 -6.1045506992276453
 -5.9801664071424687 -6.1432861083121999
 -6.0136970207444014 -6.1830004954360387
 -6.0483986138044665 -6.2235840828472471
 -6.0841675221771858 -6.2649241435440866
 -6.1208966620346628 -6.3069052736554445
 -6.1584757889749326 -6.3494096713161277
 -6.1967917647922146 -6.3923174213672969
 -6.2357288312619898 -6.4355067851917482
 -6.2751688902858351 -6.478854494990351
 -6.314991789717296 -6.5222360517868765
 -6.3550756141837805 -6.5655260264468867
 -6.3952969802002837 -6.6085983629819394
 -6.4355313348659209 -6.6513266834103568


# name: P
# type: matrix
# rows: 64
# columns: 2
 0.99315211235293233 0.95919951774633838
 0.95914822477434758 0.92540726090551773
 0.92535944551327243 0.89183100248972935
 0.8917865128005289 0.85847082733027458
 0.8584295122195823 0.82532617141015208
 0.82528788088367699 0.7923958276135713
 0.792360413182158 0.75967795303147834
 0.75964526808188926 0.72717007780524046
 0.72713997796594365 0.69486911548695351
 0.69484145898802985 0.66277137489117088
 0.66274602291747642 0.63087257340926428
 0.63084939044599364 0.59916785175409915
 0.59914670592391817 0.56765179009926514
 0.56763255349019859 0.53631842557373699
 0.5363009745570253 0.50516127106958642
 0.50514548660673686 0.47417333531718314
 0.47415910325548549 0.44334714417929244
 0.44333435553507683 0.41267476311251916
 0.41266331434148162 0.38214782074175241
 0.38213761399569024 0.35175753349056971
 0.35174847685991184 0.32149473120802585
 0.32148673894957075 0.29134988372984466
 0.29134287647915963 0.26131312830978531
 0.26130703327775151 0.23137429785485267
 0.23136904900788646 0.20152294989609174
 0.20151848811960371 0.17174839622492644
 0.17174466946962716 0.14203973312340537
 0.14203669653410333 0.11238587211528356
 0.11238348814186626 0.082775571163615058
 0.082773809653944236 0.053197466239454691
 0.05319630451395306 0.023640103185374649
 0.023639526093123586 -0.0059080302032097198
 -0.005908030246996431 -0.035458471956435346
 -0.035457894951652212 -0.065022753645975997
 -0.065021592007626083 -0.094612368116634593
 -0.094610606693589311 -0.12423873731152399
 -0.12423635342399739 -0.15391318026859177
 -0.15391014376423873 -0.1836468813658319
 -0.18364315469433515 -0.21345085889192619
 -0.21344639719789238 -0.24333593401827514
 -0.24333068525221616 -0.273312700247411
 -0.2733066052945427 -0.30339149341163707
 -0.30338448623818492 -0.33358236229441279
 -0.33357437011107188 -0.36389503994550171
 -0.36388598338765843 -0.39433891575923319
 -0.3943287090835107 -0.42492300838338104
 -0.42491155968003863 -0.45565593952417222
 -0.4556431509448442 -0.48654590871076941
 -0.48653167671099551 -0.51760066908026814
 -0.51758488467622943 -0.54882750424178117
 -0.54881005328062549 -0.58023320627559771
 -0.58021396971869876 -0.61182405492064884
 -0.61180290913912083 -0.64360579800067119
 -0.64358261508242232 -0.67558363313645775
 -0.67555828120404504 -0.70776219078849623
 -0.70773453432701516 -0.74014551867108769
 -0.74011541886530352 -0.77273706757573191
 -0.77270438265564556 -0.80553967863817588
 -0.80550426423218358 -0.83855557208003395
 -0.83851728157483774 -0.87178633745234757
 -0.87174502235873974 -0.90523292540482403
 -0.90518843572847318 -0.93889564100082412
 -0.93884782561716207 -0.97277413859444062
 -0.97272284562674705 -1.0068674182822459


# name: x
# type: range
# base, limit, increment
0 1 0.015625


