# Created by Octave 6.3.0, Fri Sep 24 18:32:50 2021 -03 <kuroneko@kuroneko-VirtualBox>
# name: beta
# type: scalar
40


# name: Lambda
# type: matrix
# rows: 5
# columns: 1
 1
 0.48052631778926447
 0.00014236710360547781
 -0.4803249803005098
 -1


# name: nen
# type: scalar
2


# name: nel
# type: scalar
4


# name: h
# type: scalar
0.25


# name: xl
# type: matrix
# rows: 5
# columns: 1
 0
 0.25
 0.5
 0.75
 1


# name: U
# type: matrix
# rows: 4
# columns: 2
 -7.6142417305758734 -4.7181583479123352
 -6.3000842296228949 -5.1914093072247569
 -5.1934190623074752 -6.39387469757279
 -4.8147910387572672 -7.8127535553945791


# name: P
# type: matrix
# rows: 4
# columns: 2
 0.89088864473027396 0.38828599934071384
 0.38626154611044489 -0.089407244624198481
 -0.089449148829421052 -0.57692617400623125
 -0.57496098227130865 -1.1140540171413187


# name: x
# type: range
# base, limit, increment
0 1 0.25


# name: exata
# type: matrix
# rows: 5
# columns: 1
 1
 0.70710678118654757
 6.123233995736766e-17
 -0.70710678118654746
 -1


