# Created by Octave 6.3.0, Fri Sep 24 15:00:35 2021 -03 <kuroneko@kuroneko-VirtualBox>
# name: beta
# type: scalar
640


# name: Lambda
# type: matrix
# rows: 65
# columns: 1
 1
 0.98944635528468738
 0.96693855821425978
 0.93253083204334175
 0.88630606799798473
 0.82837562558360567
 0.75887906431009966
 0.67798380748075282
 0.58588473885483905
 0.48280373315560826
 0.36898912155461416
 0.24471509342021788
 0.11028103577127642
 -0.033989187972279927
 -0.1877480182048879
 -0.35062503643682774
 -0.52222785766482271
 -0.70214307566192602
 -0.88993725890925257
 -1.0851579947705421
 -1.2873349793937869
 -1.4959811507144274
 -1.7105938618304788
 -1.9306560919230229
 -2.155637691804595
 -2.3849966610950224
 -2.6181804539478035
 -2.854627310181483
 -3.0937676086090797
 -3.3350252393054673
 -3.5778189915066316
 -3.8215639537972947
 -4.0656729232137634
 -4.3095578198672913
 -4.5526311036800466
 -4.7943071898206187
 -5.0340038594291716
 -5.2711436622336709
 -5.505155307678165
 -5.735475041211771
 -5.9615480024227931
 -6.1828295617460265
 -6.3987866325230547
 -6.6088989552547979
 -6.8126603509521289
 -7.0095799405654171
 -7.1991833275551631
 -7.3810137407548302
 -7.5546331347725113
 -7.7196232452808662
 -7.8755865966517078
 -8.0221474595151498
 -8.1589527558767472
 -8.285672910142047
 -8.4020026392349578
 -8.5076617227747633
 -8.6023953656410121
 -8.685977624392617
 -8.7581866382266558
 -8.819032983690045
 -8.8667092671327712
 -8.9160479174809186
 -8.8324045061829342
 -9.8267106443502001
 -1


# name: nen
# type: scalar
2


# name: nel
# type: scalar
64


# name: h
# type: scalar
0.015625


# name: xl
# type: matrix
# rows: 65
# columns: 1
 0
 0.015625
 0.03125
 0.046875
 0.0625
 0.078125
 0.09375
 0.109375
 0.125
 0.140625
 0.15625
 0.171875
 0.1875
 0.203125
 0.21875
 0.234375
 0.25
 0.265625
 0.28125
 0.296875
 0.3125
 0.328125
 0.34375
 0.359375
 0.375
 0.390625
 0.40625
 0.421875
 0.4375
 0.453125
 0.46875
 0.484375
 0.5
 0.515625
 0.53125
 0.546875
 0.5625
 0.578125
 0.59375
 0.609375
 0.625
 0.640625
 0.65625
 0.671875
 0.6875
 0.703125
 0.71875
 0.734375
 0.75
 0.765625
 0.78125
 0.796875
 0.8125
 0.828125
 0.84375
 0.859375
 0.875
 0.890625
 0.90625
 0.921875
 0.9375
 0.953125
 0.96875
 0.984375
 1


# name: U
# type: matrix
# rows: 64
# columns: 2
 419.31396578831482 -633.99816048608045
 406.39514782119414 -620.35801950647874
 388.41387952778797 -599.09826849214733
 365.41347935839195 -570.27012404541165
 337.44935729160233 -533.94303569128897
 304.58888134694644 -490.2045185675197
 266.91121528896957 -439.15994259290892
 224.50712791556603 -380.93227862194544
 177.47877438736154 -315.66180219724993
 125.93945012712538 -243.50575561357437
 70.013317881408213 -164.63796910726796
 9.8351086012530686 -79.248442084011458
 -54.45020313613319 12.45711460635448
 -122.68774838408171 110.25777424530861
 -194.71313691917021 213.91792647745024
 -270.35285327171977 323.18784491648694
 -349.4246747398368 437.80428875799771
 -431.73811037969671 557.49113694953121
 -517.09485991500208 681.96005339049589
 -605.28929145987547 810.91118155896402
 -696.10893690356409 944.03386689247418
 -789.33500376565644 1081.0074051817428
 -884.74290228517691 1221.5018151756667
 -982.10278647799475 1365.1786335347279
 -1081.1801078553544 1511.6917302188231
 -1181.7361804718773 1660.6881423450541
 -1283.5287559409237 1811.8089245060692
 -1386.3126070320384 1964.6900135010219
 -1489.8401184456791 2118.9631053956982
 -1593.8618833385601 2274.2565427990048
 -1698.1273041674576 2430.1962102182151
 -1802.3851964016696 2586.4064353357244
 -1906.3843936467117 2742.5108940367936
 -2009.8743527269205 2898.1335170073726
 -2112.6057572664381 3052.8993957177736
 -2214.3311183136634 3206.4356856101949
 -2314.8053705633988 3358.372504314204
 -2413.7864627416616 3508.3438227253791
 -2511.0359407276264 3655.9883468017797
 -2606.3195220108223 3800.9503879527329
 -2699.4076600978638 3942.8807199242001
 -2790.0760975109392 4081.4374201143219
 -2878.106406042973 4216.2866932963952
 -2963.286512968441 4347.1036757603288
 -3045.4112119507627 4473.5732179366169
 -3124.2826573963393 4595.3906436209218
 -3199.7108410844326 4712.2624839649361
 -3271.5140499134432 4823.9071844685241
 -3339.519303665807 4930.0557832689956
 -3403.5627717263219 5030.4525590941776
 -3463.4901677744929 5124.8556473201606
 -3519.1571214371361 5213.0376226161607
 -3570.4295264010238 5294.7860470778542
 -3617.183860655447 5369.9039798121667
 -3659.307509581442 5438.21047114057
 -3696.6988076129733 5499.5408207374276
 -3729.2693498951849 5553.7485744624864
 -3756.9256046262453 5600.6914766933187
 -3779.7365440686117 5640.3614174285321
 -3796.4268272634363 5671.7180122499121
 -3817.9397325141472 5703.1890648822882
 -3745.3720534346066 5658.1686582262628
 -4468.5610311438986 6225.5361555904965
 2021.1973330561887 1204.9865720413509


# name: P
# type: matrix
# rows: 64
# columns: 2
 -269.11326897726332 -270.7693819588996
 -262.44259575417669 -264.06916509506755
 -252.57930356390327 -254.15645990033593
 -239.54715394123292 -241.05514694975042
 -223.37754247609524 -224.79678845375554
 -204.10942317880651 -205.42055222203825
 -181.78921463643948 -182.97311730483619
 -156.47068818638527 -157.50856153902123
 -128.21483837650706 -129.08823126986886
 -97.089736023915322 -97.780593562322693
 -63.170364226423409 -63.661071257854438
 -26.538437721664774 -26.811861274199934
 12.717793970824298 12.678263414172074
 54.503759150462464 54.714167637966561
 98.718791767111043 99.194583221995416
 145.25637393441255 146.0123529490879
 194.00439254072234 195.05468871122631
 244.84540933939158 246.20344322595432
 297.65694386780575 299.33539466354472
 352.3117685135461 354.3225434991794
 408.67821501683738 411.03242087500138
 466.62049167093926 469.3284077292177
 525.99901045624642 529.07006392336928
 586.67072332006262 590.11346657493505
 648.48946679188305 652.31155678015534
 711.30631410399906 715.51449389181391
 774.96993396914297 779.57001649849838
 839.32695515076398 844.32380923562698
 904.22233594784552 909.61987454475309
 969.49973770387066 975.30090848527414
 1035.0019014403911 1041.2086796934552
 1100.5710267076513 1107.1844105756152
 1166.0491517397043 1173.0691598172657
 1231.2785339981474 1238.7042052866675
 1296.1020301876902 1303.9314264103227
 1360.3634748281488 1368.5936850993196
 1423.908056470746 1432.5352043087303
 1486.5826906524749 1495.6019433181821
 1548.23638868991 1557.6419688293749
 1608.7206214242781 1618.5058209868134
 1667.889677041112 1678.0468734395888
 1725.6010121028462 1736.1216865771758
 1781.7155949484047 1792.5903530879762
 1836.0982406326286 1847.3168350082667
 1888.6179365987427 1900.1692914496641
 1939.1481582989577 1951.0203962152473
 1987.5671740032949 1999.7476445396269
 2033.7583380618798 2046.2336482135486
 2077.6103719146854 2090.3664183825281
 2119.0176321709932 2132.0396353374704
 2157.8803651154121 2171.1529046500063
 2194.1049470076964 2207.6119990157995
 2227.6041097706143 2241.3290853968501
 2258.2971499657747 2272.2229353547896
 2286.1101345612465 2300.2191321154214
 2310.9759769280722 2325.2501474412525
 2332.8355174906646 2347.2564259500164
 2351.6293949511532 2366.178233854258
 2367.3726309623221 2382.0304554762897
 2379.4846189420614 2394.2306838915683
 2392.8202977792107 2407.6474854889484
 2363.3904810957656 2378.1669177480144
 2686.8796039394883 2702.5945843754648
 -198.01347174104535 -190.46233127116363


# name: x
# type: range
# base, limit, increment
0 1 0.015625


