# Created by Octave 6.3.0, Fri Sep 24 15:00:36 2021 -03 <kuroneko@kuroneko-VirtualBox>
# name: beta
# type: scalar
2560


# name: Lambda
# type: matrix
# rows: 257
# columns: 1
 1
 0.99934471060721475
 0.99794491179080635
 0.99580081435528367
 0.99291274119382
 0.98928112723975214
 0.9849065194007629
 0.97978957647658138
 0.97393106906012006
 0.96733187942092991
 0.95999300137279653
 0.95191554012368662
 0.94310071210958279
 0.9335498448110997
 0.92326437655374805
 0.91224585629135413
 0.90049594337242911
 0.88801640729056808
 0.87480912741811923
 0.86087609272277998
 0.84621940146832597
 0.83084126089868582
 0.81474398690510175
 0.79793000367785405
 0.78040184334106955
 0.7621621455711648
 0.74321365719947019
 0.72355923179864212
 0.70320182925276331
 0.68214451531201403
 0.66039046113039646
 0.63794294278825781
 0.61480534079948401
 0.59098113960165244
 0.56647392703192179
 0.54128739378635249
 0.51542533286430658
 0.48889163899679333
 0.46169030806064709
 0.433825436476314
 0.40530122059085405
 0.37612195604640053
 0.34629203713275941
 0.31581595612599622
 0.28469830261185236
 0.25294376279443798
 0.22055711879065376
 0.18754324791000973
 0.15390712192000516
 0.11965380629749045
 0.08478845946579118
 0.049316332017852724
 0.013242765925684052
 -0.023426806264466884
 -0.060686862249834536
 -0.098531790803070965
 -0.13695589261711538
 -0.17595338116353398
 -0.21551838356402678
 -0.25564494147475453
 -0.29632701198369915
 -0.3375584685206906
 -0.37933310178010932
 -0.42164462065571728
 -0.46448665318850579
 -0.50785274752589804
 -0.55173637289358779
 -0.59613092057902217
 -0.64102970492671185
 -0.6864259643447258
 -0.73231286232352111
 -0.77868348846500524
 -0.82553085952341843
 -0.87284792045693793
 -0.92062754549038306
 -0.96886253918784115
 -1.0175456375367333
 -1.0666695090414924
 -1.1162267558278152
 -1.1662099147565701
 -1.2166114585479131
 -1.2674237969146929
 -1.3186392777056888
 -1.3702501880579094
 -1.4222487555580492
 -1.474627149413128
 -1.527377481629663
 -1.5804918082017236
 -1.6339621303070408
 -1.6877803955117459
 -1.7419384989831355
 -1.7964282847099944
 -1.8512415467310019
 -1.9063700303706386
 -1.9618054334818822
 -2.0175394076970758
 -2.073563559684624
 -2.1298694524133315
 -2.1864486064228217
 -2.2432925011006888
 -2.3003925759654487
 -2.3577402319558574
 -2.4153268327258526
 -2.4731437059451795
 -2.5311821446054199
 -2.5894334083311752
 -2.6478887246963998
 -2.7065392905454564
 -2.7653762733188496
 -2.8243908123834083
 -2.8835740203666269
 -2.9429169844951084
 -3.0024107679366576
 -3.0620464111463881
 -3.1218149332157767
 -3.1817073332252233
 -3.241714591599604
 -3.3018276714665338
 -3.3620375200172918
 -3.4223350698701438
 -3.4827112404359077
 -3.5431569392853453
 -3.603663063518566
 -3.6642205011358162
 -3.7248201324097279
 -3.7854528312587421
 -3.8461094666214346
 -3.9067809038316326
 -3.9674580059940605
 -4.0281316353603209
 -4.0887926547050037
 -4.1494319287017278
 -4.2100403252988752
 -4.2706087170948548
 -4.3311279827126459
 -4.3915890081734696
 -4.4519826882692701
 -4.5122999279339817
 -4.5725316436131545
 -4.6326687646319584
 -4.6927022345612039
 -4.7526230125811004
 -4.8124220748429147
 -4.8720904158278104
 -4.9316190497030901
 -4.9909990116755258
 -5.0502213593411875
 -5.1092771740323775
 -5.168157562160637
 -5.2268536565560817
 -5.2853566178028126
 -5.3436576355700467
 -5.4017479299389635
 -5.4596187527248841
 -5.5172613887947781
 -5.5746671573797162
 -5.6318274133820392
 -5.6887335486774706
 -5.7453769934113419
 -5.8017492172892435
 -5.8578417308616322
 -5.9136460868022871
 -5.9691538811803726
 -6.0243567547263739
 -6.0792463940904859
 -6.1338145330949692
 -6.1880529539788158
 -6.2419534886352359
 -6.2955080198420985
 -6.3487084824839704
 -6.401546864766793
 -6.4540152094246181
 -6.5061056149177086
 -6.5578102366226219
 -6.609121288013462
 -6.6600310418347073
 -6.7105318312646309
 -6.7606160510700981
 -6.8102761587519236
 -6.8595046756804585
 -6.9082941882221247
 -6.9566373488558186
 -7.0045268772794307
 -7.0519555615059977
 -7.0989162589502159
 -7.145401897503791
 -7.1914054766005728
 -7.2369200682706518
 -7.2819388181840843
 -7.3264549466826407
 -7.3704617498010805
 -7.4139526002768026
 -7.4569209485476327
 -7.4993603237384097
 -7.5412643346353194
 -7.5826266706484953
 -7.6234411027622393
 -7.6637014844731617
 -7.7034017527159246
 -7.7425359287761495
 -7.781098119190915
 -7.8190825166359899
 -7.8564834008009958
 -7.8932951392504505
 -7.9295121882717492
 -7.9651290937107539
 -8.0001404917923438
 -8.0345411099286679
 -8.0683257675132918
 -8.1014893767010498
 -8.1340269431744083
 -8.1659335668954967
 -8.1972044428441109
 -8.2278348617415364
 -8.2578202107591139
 -8.287155974213551
 -8.3158377342469816
 -8.3438611714918345
 -8.3712220657214189
 -8.3979162964857466
 -8.4239398437319242
 -8.4492887884093726
 -8.4739593130602948
 -8.4979477023944217
 -8.5212503438485534
 -8.5438637281307006
 -8.5657844497480529
 -8.5870092075209712
 -8.6075348050787355
 -8.6273581513419177
 -8.6464762609875443
 -8.6648862548986454
 -8.682585360597713
 -8.6995709126645764
 -8.7158403531376969
 -8.7313912318990408
 -8.7462212070435239
 -8.7603280452314252
 -8.7737096220247768
 -8.7863639222074212
 -8.798289040088159
 -8.8094831797883373
 -8.8199446555110281
 -8.8296718918007908
 -8.8386634237333688
 -8.8469178975619229
 -8.8544340670895085
 -8.8612108283403597
 -8.8672469093752166
 -8.8725436636362485
 -8.8770799313678612
 -8.8810382881796475
 -8.8827688091641299
 -8.897115192854649
 -8.790479646441085
 -9.7652389195774063
 -1


# name: nen
# type: scalar
2


# name: nel
# type: scalar
256


# name: h
# type: scalar
0.00390625


