# Created by Octave 6.2.0, Sat Jul 31 20:41:00 2021 -03 <kuroneko@kuroneko-VirtualBox>
# name: xl
# type: matrix
# rows: 129
# columns: 1
 0
 0.0078125
 0.015625
 0.0234375
 0.03125
 0.0390625
 0.046875
 0.0546875
 0.0625
 0.0703125
 0.078125
 0.0859375
 0.09375
 0.1015625
 0.109375
 0.1171875
 0.125
 0.1328125
 0.140625
 0.1484375
 0.15625
 0.1640625
 0.171875
 0.1796875
 0.1875
 0.1953125
 0.203125
 0.2109375
 0.21875
 0.2265625
 0.234375
 0.2421875
 0.25
 0.2578125
 0.265625
 0.2734375
 0.28125
 0.2890625
 0.296875
 0.3046875
 0.3125
 0.3203125
 0.328125
 0.3359375
 0.34375
 0.3515625
 0.359375
 0.3671875
 0.375
 0.3828125
 0.390625
 0.3984375
 0.40625
 0.4140625
 0.421875
 0.4296875
 0.4375
 0.4453125
 0.453125
 0.4609375
 0.46875
 0.4765625
 0.484375
 0.4921875
 0.5
 0.5078125
 0.515625
 0.5234375
 0.53125
 0.5390625
 0.546875
 0.5546875
 0.5625
 0.5703125
 0.578125
 0.5859375
 0.59375
 0.6015625
 0.609375
 0.6171875
 0.625
 0.6328125
 0.640625
 0.6484375
 0.65625
 0.6640625
 0.671875
 0.6796875
 0.6875
 0.6953125
 0.703125
 0.7109375
 0.71875
 0.7265625
 0.734375
 0.7421875
 0.75
 0.7578125
 0.765625
 0.7734375
 0.78125
 0.7890625
 0.796875
 0.8046875
 0.8125
 0.8203125
 0.828125
 0.8359375
 0.84375
 0.8515625
 0.859375
 0.8671875
 0.875
 0.8828125
 0.890625
 0.8984375
 0.90625
 0.9140625
 0.921875
 0.9296875
 0.9375
 0.9453125
 0.953125
 0.9609375
 0.96875
 0.9765625
 0.984375
 0.9921875
 1


# name: h
# type: scalar
0.03125


# name: u
# type: matrix
# rows: 129
# columns: 1
 -2.0031737113344108
 -2.0024190358754148
 -2.0005122546342116
 -1.9973409387179986
 -1.9929158998233987
 -1.9872370261589667
 -1.9803088726314937
 -1.9721355774111353
 -1.9627220257360325
 -1.952073847153533
 -1.9401974120646825
 -1.9270998274245874
 -1.9127889327839382
 -1.8972732958769756
 -1.8805622072638517
 -1.8626656741493879
 -1.8435944148005015
 -1.8233598525233956
 -1.8019741084553795
 -1.7794499935615278
 -1.7558010014817655
 -1.7310413009552716
 -1.7051857268311583
 -1.6782497703200925
 -1.6502495703399103
 -1.6212019044601724
 -1.5911241782182559
 -1.5600344137198019
 -1.5279512395661852
 -1.4948938804064129
 -1.4608821446614992
 -1.4259364115834965
 -1.3900776198618032
 -1.3533272558830094
 -1.3157073399817398
 -1.2772404120828802
 -1.2379495190964243
 -1.1978582019983022
 -1.156990480740083
 -1.1153708386126309
 -1.0730242085508623
 -1.0299759591599473
 -0.98625187842916995
 -0.94187815696756583
 -0.89688137335045226
 -0.85128847922554962
 -0.8051267819878043
 -0.75842392704842387
 -0.71120788236426868
 -0.6635069227672955
 -0.61534961176715586
 -0.5667647830243473
 -0.51778152421142098
 -0.46842916071662727
 -0.4187372367494987
 -0.36873549619649654
 -0.31845386596942127
 -0.2679224392401649
 -0.21717145603119462
 -0.16623128363801906
 -0.11513239962512388
 -0.063905374753245758
 -0.012580853241633013
 0.038810467054178142
 0.090237851835189384
 0.1416705475747698
 0.19307780139458725
 0.24442888094067766
 0.29569309159950385
 0.3468397936911401
 0.39783842229203581
 0.44865850697357229
 0.49926968887560619
 0.54964173771148173
 0.59974457134678283
 0.64954827521034797
 0.69902311906092551
 0.74813957364030126
 0.79686832981955191
 0.84518031749564482
 0.89304672188979151
 0.94043899968837119
 0.98732889757236797
 1.0336884704176394
 1.0794900969680707
 1.1247064953089125
 1.1693107406010212
 1.2132762824096006
 1.2565769596012775
 1.2991870150009042
 1.3410811121598933
 1.3822343516466225
 1.422622285024038
 1.462220928548839
 1.5010067788125023
 1.5389568278365482
 1.5760485759961345
 1.6122600446297686
 1.6475697904024749
 1.6819569190606394
 1.7154010971772107
 1.7478825635505777
 1.7793821421516538
 1.8098812544059226
 1.8393619296472175
 1.8678068151960727
 1.8951991877661327
 1.9215229641552178
 1.9467627103070932
 1.9709036499723238
 1.9939316744642577
 2.0158333516562612
 2.036595933564298
 2.0562073635069722
 2.0746562841172387
 2.09193204455927
 2.1080247065589193
 2.1229250499940919
 2.1366245790851472
 2.1491155277620058
 2.1603908640845222
 2.1704442942094553
 2.1792702667000547
 2.1868639759918511
 2.1932213651604746
 2.1983431236413495
 2.202220764114005
 2.2048721221522221
 2.2061413082682892


# name: p
# type: matrix
# rows: 129
# columns: 1
 0
 0.059725027033463961
 0.1258377648250926
 0.19121951153822012
 0.2565761013102163
 0.32164162901597687
 0.38651043600540336
 0.45114348012196559
 0.51550186093283812
 0.57954684146647939
 0.64323987322813392
 0.70654262101200438
 0.76941698431738348
 0.83182511863996
 0.89372945993108699
 0.95509274875450356
 1.0158780510993506
 1.0760487790201154
 1.1355687143040551
 1.1944020317397834
 1.2525133191266837
 1.309867597064678
 1.3664303416018251
 1.4221675063906345
 1.4770455417011328
 1.5310314131698244
 1.5840926232093118
 1.6361972318389044
 1.6873138745181897
 1.7374117796745812
 1.7864607886687238
 1.8344313750987378
 1.8812946612825021
 1.9270224343949471
 1.9715871647969145
 2.0149620236270729
 2.0571208977741398
 2.0980384044684586
 2.1376899077977507
 2.1760515344172271
 2.2131001868675089
 2.248813556479925
 2.2831701379200422
 2.3161492428646273
 2.3477310115369621
 2.3778964238015217
 2.4066273115951753
 2.4339063704392214
 2.4597171690809625
 2.4840441586708728
 2.506872682961681
 2.5281889875445738
 2.5479802275041168
 2.5662344745894861
 2.5829407250831555
 2.5980889066722521
 2.6116698840430632
 2.6236754639772149
 2.6340984008141324
 2.6429324008913087
 2.6501721260244682
 2.6558131964795626
 2.6598521939763362
 2.6622866636546907
 2.6631151154069364
 2.6623370246969311
 2.6599528330757618
 2.6559639476552106
 2.6503727402792068
 2.6431825461821634
 2.6343976620117564
 2.6240233428144863
 2.6120657990542631
 2.598532193122808
 2.5834306348884981
 2.5667701762230002
 2.5485608058956353
 2.5288134439694012
 2.5075399349186811
 2.484753039749596
 2.4604664288192599
 2.4346946741713285
 2.4074532402887883
 2.378758473883841
 2.3486275947111457
 2.3170786859166466
 2.2841306825144274
 2.2498033589443827
 2.214117317967859
 2.1770939791226449
 2.1387555650347942
 2.0991250868638343
 2.0582263313876807
 2.0160838476749139
 1.9727229313633108
 1.9281696081326929
 1.8824506191034323
 1.8355934058542842
 1.7876260928189776
 1.7385774689457694
 1.6884769715500949
 1.6373546698221886
 1.5852412455111577
 1.5321679729478117
 1.478166701506886
 1.423269837763206
 1.3675103246491871
 1.3109216200332445
 1.2535376779604113
 1.1953929296288122
 1.1365222612212418
 1.0769609912453535
 1.0167448507332635
 0.95590996322146926
 0.89449282146989817
 0.83253026378201833
 0.77005945335403569
 0.7071178574509781
 0.64374322323733102
 0.57997355330502254
 0.51584708437101101
 0.45140226584999638
 0.38667773502930913
 0.32171229204034946
 0.25654487810963078
 0.1910674701144775
 0.12556889559469145
 0.059267514213759226
 1.2246467991473532e-16


# name: x
# type: range
# base, limit, increment
0 1 0.0078125


