# Created by Octave 6.2.0, Sat Jul 31 20:40:59 2021 -03 <kuroneko@kuroneko-VirtualBox>
# name: xl
# type: matrix
# rows: 65
# columns: 1
 0
 0.015625
 0.03125
 0.046875
 0.0625
 0.078125
 0.09375
 0.109375
 0.125
 0.140625
 0.15625
 0.171875
 0.1875
 0.203125
 0.21875
 0.234375
 0.25
 0.265625
 0.28125
 0.296875
 0.3125
 0.328125
 0.34375
 0.359375
 0.375
 0.390625
 0.40625
 0.421875
 0.4375
 0.453125
 0.46875
 0.484375
 0.5
 0.515625
 0.53125
 0.546875
 0.5625
 0.578125
 0.59375
 0.609375
 0.625
 0.640625
 0.65625
 0.671875
 0.6875
 0.703125
 0.71875
 0.734375
 0.75
 0.765625
 0.78125
 0.796875
 0.8125
 0.828125
 0.84375
 0.859375
 0.875
 0.890625
 0.90625
 0.921875
 0.9375
 0.953125
 0.96875
 0.984375
 1


# name: h
# type: scalar
0.0625


# name: u
# type: matrix
# rows: 65
# columns: 1
 -1.9240768692859573
 -1.921049965902315
 -1.9134062982523878
 -1.9007061663570917
 -1.8830161893571338
 -1.8603671195808298
 -1.8328176924702739
 -1.8004334528316264
 -1.763291496475603
 -1.7214802960199138
 -1.6750994830684804
 -1.6242595795385404
 -1.5690817512017401
 -1.5096975348597199
 -1.44624850809584
 -1.3788859132594744
 -1.3077703196052235
 -1.2330712623215487
 -1.1549668125406878
 -1.0736431084239675
 -0.98929393887726491
 -0.90212030829863499
 -0.81232992336348253
 -0.72013664922312703
 -0.62576003078698561
 -0.52942479990825853
 -0.43136029865801856
 -0.33179988152540829
 -0.23098039265479492
 -0.12914163439914256
 -0.026525749235617874
 0.076623409070860404
 0.18006082219618341
 0.28354085692332548
 0.38681790084507661
 0.48964699808458112
 0.59178439899095625
 0.6929881069140359
 0.79301850711017052
 0.89163898493172189
 0.98861645737879311
 1.0837218959841441
 1.1767309247700397
 1.267424397167378
 1.3555888890116858
 1.4410171774598481
 1.5235087850375144
 1.6028704931367699
 1.6789167775281881
 1.7514702249226772
 1.8203620022229932
 1.8854322868884998
 1.9465306282462433
 2.0035162857096145
 2.0562586052243605
 2.104637349986302
 2.1485429736881416
 2.187876867419611
 2.2225516288675107
 2.2524912807043793
 2.2776314452944346
 2.2979358149805291
 2.3133395332563738
 2.3238936981958855
 2.3289570299017415


# name: p
# type: matrix
# rows: 65
# columns: 1
 0
 0.12006290700749002
 0.25215422437861296
 0.38236193078637792
 0.51180407832348895
 0.63973463698034261
 0.7661021949704131
 0.89060278602708098
 1.0129369272646189
 1.1328102878067898
 1.24993445188583
 1.3640276564330518
 1.4748154194007128
 1.5820311526026605
 1.6854168554887516
 1.7847237718870423
 1.8797129443284659
 1.970155747537323
 2.0558344862069231
 2.136542945642133
 2.2120868507731384
 2.2822842997826247
 2.3469662428972193
 2.4059769057560674
 2.4591741354622996
 2.5064297176710371
 2.5476297179831708
 2.5826747617561892
 2.6114802538825508
 2.6339765671406505
 2.6501092330570235
 2.6598390673917871
 2.6631422551851487
 2.6600104031201779
 2.6504505725036061
 2.6344852455881491
 2.6121522726053543
 2.5835047861142533
 2.5486110748173818
 2.5075543919979126
 2.4604327665600323
 2.4073587826405505
 2.3484592990924189
 2.2838751073810104
 2.2137606138784411
 2.1382834931921311
 2.0576242640779281
 1.9719758099239157
 1.8815429444917018
 1.786541952267884
 1.6872000370849558
 1.5837547236004264
 1.476453323156008
 1.3655523787984032
 1.2513170077765596
 1.1340202069957048
 1.013942239502502
 0.89137000548376588
 0.76659630388534961
 0.63991906850927704
 0.51164069868179585
 0.38175662696785428
 0.25110337070032657
 0.11825842246207192
 1.2246467991473532e-16


# name: x
# type: range
# base, limit, increment
0 1 0.015625


# name: exata
# type: matrix
# rows: 65
# columns: 1
 0
 0.049067674327418015
 0.098017140329560604
 0.14673047445536175
 0.19509032201612825
 0.24298017990326387
 0.29028467725446233
 0.33688985339222005
 0.38268343236508978
 0.42755509343028208
 0.47139673682599764
 0.51410274419322166
 0.55557023301960218
 0.59569930449243336
 0.63439328416364549
 0.67155895484701833
 0.70710678118654746
 0.74095112535495911
 0.77301045336273699
 0.80320753148064483
 0.83146961230254524
 0.85772861000027212
 0.88192126434835494
 0.90398929312344334
 0.92387953251128674
 0.94154406518302081
 0.95694033573220894
 0.97003125319454397
 0.98078528040323043
 0.98917650996478101
 0.99518472667219682
 0.99879545620517241
 1
 0.99879545620517241
 0.99518472667219693
 0.98917650996478101
 0.98078528040323043
 0.97003125319454397
 0.95694033573220894
 0.94154406518302081
 0.92387953251128674
 0.90398929312344345
 0.88192126434835505
 0.85772861000027212
 0.83146961230254546
 0.80320753148064494
 0.7730104533627371
 0.74095112535495899
 0.70710678118654757
 0.67155895484701855
 0.63439328416364549
 0.59569930449243347
 0.55557023301960218
 0.51410274419322177
 0.47139673682599786
 0.42755509343028203
 0.38268343236508989
 0.33688985339222033
 0.29028467725446239
 0.24298017990326407
 0.19509032201612861
 0.1467304744553618
 0.098017140329560826
 0.049067674327417966
 1.2246467991473532e-16


