# Created by Octave 6.2.0, Sat Jul 31 20:41:06 2021 -03 <kuroneko@kuroneko-VirtualBox>
# name: xl
# type: matrix
# rows: 257
# columns: 1
 0
 0.00390625
 0.0078125
 0.01171875
 0.015625
 0.01953125
 0.0234375
 0.02734375
 0.03125
 0.03515625
 0.0390625
 0.04296875
 0.046875
 0.05078125
 0.0546875
 0.05859375
 0.0625
 0.06640625
 0.0703125
 0.07421875
 0.078125
 0.08203125
 0.0859375
 0.08984375
 0.09375
 0.09765625
 0.1015625
 0.10546875
 0.109375
 0.11328125
 0.1171875
 0.12109375
 0.125
 0.12890625
 0.1328125
 0.13671875
 0.140625
 0.14453125
 0.1484375
 0.15234375
 0.15625
 0.16015625
 0.1640625
 0.16796875
 0.171875
 0.17578125
 0.1796875
 0.18359375
 0.1875
 0.19140625
 0.1953125
 0.19921875
 0.203125
 0.20703125
 0.2109375
 0.21484375
 0.21875
 0.22265625
 0.2265625
 0.23046875
 0.234375
 0.23828125
 0.2421875
 0.24609375
 0.25
 0.25390625
 0.2578125
 0.26171875
 0.265625
 0.26953125
 0.2734375
 0.27734375
 0.28125
 0.28515625
 0.2890625
 0.29296875
 0.296875
 0.30078125
 0.3046875
 0.30859375
 0.3125
 0.31640625
 0.3203125
 0.32421875
 0.328125
 0.33203125
 0.3359375
 0.33984375
 0.34375
 0.34765625
 0.3515625
 0.35546875
 0.359375
 0.36328125
 0.3671875
 0.37109375
 0.375
 0.37890625
 0.3828125
 0.38671875
 0.390625
 0.39453125
 0.3984375
 0.40234375
 0.40625
 0.41015625
 0.4140625
 0.41796875
 0.421875
 0.42578125
 0.4296875
 0.43359375
 0.4375
 0.44140625
 0.4453125
 0.44921875
 0.453125
 0.45703125
 0.4609375
 0.46484375
 0.46875
 0.47265625
 0.4765625
 0.48046875
 0.484375
 0.48828125
 0.4921875
 0.49609375
 0.5
 0.50390625
 0.5078125
 0.51171875
 0.515625
 0.51953125
 0.5234375
 0.52734375
 0.53125
 0.53515625
 0.5390625
 0.54296875
 0.546875
 0.55078125
 0.5546875
 0.55859375
 0.5625
 0.56640625
 0.5703125
 0.57421875
 0.578125
 0.58203125
 0.5859375
 0.58984375
 0.59375
 0.59765625
 0.6015625
 0.60546875
 0.609375
 0.61328125
 0.6171875
 0.62109375
 0.625
 0.62890625
 0.6328125
 0.63671875
 0.640625
 0.64453125
 0.6484375
 0.65234375
 0.65625
 0.66015625
 0.6640625
 0.66796875
 0.671875
 0.67578125
 0.6796875
 0.68359375
 0.6875
 0.69140625
 0.6953125
 0.69921875
 0.703125
 0.70703125
 0.7109375
 0.71484375
 0.71875
 0.72265625
 0.7265625
 0.73046875
 0.734375
 0.73828125
 0.7421875
 0.74609375
 0.75
 0.75390625
 0.7578125
 0.76171875
 0.765625
 0.76953125
 0.7734375
 0.77734375
 0.78125
 0.78515625
 0.7890625
 0.79296875
 0.796875
 0.80078125
 0.8046875
 0.80859375
 0.8125
 0.81640625
 0.8203125
 0.82421875
 0.828125
 0.83203125
 0.8359375
 0.83984375
 0.84375
 0.84765625
 0.8515625
 0.85546875
 0.859375
 0.86328125
 0.8671875
 0.87109375
 0.875
 0.87890625
 0.8828125
 0.88671875
 0.890625
 0.89453125
 0.8984375
 0.90234375
 0.90625
 0.91015625
 0.9140625
 0.91796875
 0.921875
 0.92578125
 0.9296875
 0.93359375
 0.9375
 0.94140625
 0.9453125
 0.94921875
 0.953125
 0.95703125
 0.9609375
 0.96484375
 0.96875
 0.97265625
 0.9765625
 0.98046875
 0.984375
 0.98828125
 0.9921875
 0.99609375
 1


# name: h
# type: scalar
0.015625


# name: u
# type: matrix
# rows: 257
# columns: 1
 -2.0429462158273499
 -2.0427578038087058
 -2.0422817101445201
 -2.0414897197670911
 -2.0403841564690639
 -2.0389645058034391
 -2.0372312646529118
 -2.0351846923471868
 -2.0328250953107512
 -2.0301528270196236
 -2.0271682879471564
 -2.0238719254964583
 -2.0202642339381227
 -2.0163457543406964
 -2.0121170744861923
 -2.007578828772286
 -2.0027316981238874
 -1.9975764098974989
 -1.9921137377666338
 -1.986344501594034
 -1.9802695673172896
 -1.9738898468273218
 -1.9672062978239786
 -1.9602199236585833
 -1.9529317731938809
 -1.9453429406569303
 -1.9374545654652369
 -1.9292678320400014
 -1.9207839696407303
 -1.9120042521928999
 -1.9029299980850354
 -1.8935625699531151
 -1.8839033744902443
 -1.8739538622495022
 -1.8637155274124595
 -1.8531899075452556
 -1.8423785833837953
 -1.8312831786122539
 -1.8199053596035875
 -1.8082468351478755
 -1.7963093562135548
 -1.7840947157021154
 -1.7716047481612345
 -1.7588413294860323
 -1.7458063766569203
 -1.7325018474710825
 -1.7189297402289154
 -1.7050920934089255
 -1.6909909853828196
 -1.6766285341244165
 -1.6620068968701529
 -1.6471282697684011
 -1.6319948875724912
 -1.6166090233277515
 -1.6009729880069028
 -1.5850891301346355
 -1.5689598354593057
 -1.5525875266188587
 -1.5359746627519859
 -1.5191237390988717
 -1.5020372866523495
 -1.4847178718035179
 -1.4671680959295921
 -1.4493905949717847
 -1.431388039066763
 -1.4131631321728062
 -1.3947186116353509
 -1.3760572477430186
 -1.3571818433402625
 -1.3380952334349685
 -1.3188002847427385
 -1.2992998952221353
 -1.2795969936694513
 -1.2596945393087005
 -1.2395955213157337
 -1.2193029583338237
 -1.1988198980515314
 -1.1781494167760713
 -1.1572946189384172
 -1.1362586365903826
 -1.1150446289666047
 -1.0936557820423169
 -1.0720953080206232
 -1.0503664448122982
 -1.028472455582941
 -1.0064166282962159
 -0.98420227518453729
 -0.96183273221283605
 -0.93931135861197668
 -0.91664153640856616
 -0.89382666988032511
 -0.87087018500511226
 -0.84777552898172659
 -0.82454616974742012
 -0.80118559541926437
 -0.77769731372976147
 -0.75408485153618654
 -0.73035175432696431
 -0.70650158565037835
 -0.68253792653812817
 -0.65846437500439314
 -0.63428454554226255
 -0.61000206854116212
 -0.58562058969974728
 -0.56114376951589451
 -0.53657528277439803
 -0.51191881795451921
 -0.48717807663362628
 -0.46235677296934397
 -0.4374586331797502
 -0.41248739494247449
 -0.38744680679052279
 -0.36234062758783114
 -0.33717262600321563
 -0.3119465799024656
 -0.28666627573781039
 -0.26133550801814004
 -0.23595807877797481
 -0.21053779696401895
 -0.18507847781973857
 -0.15958394235152601
 -0.1340580167939682
 -0.10850453199233856
 -0.082927322783768354
 -0.057330227460640613
 -0.031717087233445504
 -0.0060917456106973607
 0.019541952221809416
 0.045180159939084488
 0.070819030615205544
 0.096454717344482147
 0.1220833738626204
 0.14770115508498896
 0.1733042176447056
 0.19888872051338607
 0.22445082562123286
 0.24998669839418661
 0.27549250829053928
 0.30096442941977269
 0.32639864116007783
 0.35179132869309793
 0.37713868353777552
 0.40243690416578992
 0.42768219661502022
 0.45287077502059125
 0.47799886214466913
 0.50306268998701553
 0.52805850039291591
 0.5529825455792502
 0.57783108865896071
 0.60260040424525108
 0.62728677905251706
 0.65188651241617401
 0.67639591681053424
 0.70081131844519495
 0.72512905785752502
 0.74934549042499665
 0.77345698687522313
 0.79745993387310432
 0.82135073460343633
 0.84512580927451619
 0.86878159561911272
 0.89231454947095135
 0.91572114533604787
 0.93899787688637104
 0.96214125745053991
 0.98514782057825923
 1.0080141205990025
 1.0307367331045427
 1.053312255428194
 1.0757373071958389
 1.098008530870614
 1.1201225922231461
 1.142076180798185
 1.1638660104508978
 1.1854888198762406
 1.2069413730657714
 1.2282204597605491
 1.2493228959713993
 1.2702455244917028
 1.2909852153396824
 1.3115388661964773
 1.3319034029091275
 1.3520757799855441
 1.3720529810212052
 1.3918320191213489
 1.4114099373854687
 1.4307838093832701
 1.4499507395647475
 1.468907863665482
 1.4876523491714793
 1.5061813957749659
 1.5244922357668609
 1.5425821344242014
 1.5604483904542004
 1.5780883364287908
 1.5954993391585433
 1.6126788000612866
 1.6296241555843194
 1.6463328776166504
 1.662802473843465
 1.6790304880950504
 1.6950145007461492
 1.7107521291048977
 1.7262410277469902
 1.7414788888440722
 1.7564634425392618
 1.7711924573118634
 1.7856637402904185
 1.7998751375597757
 1.8138245345118817
 1.8275098561853851
 1.8409290675568226
 1.8540801738256254
 1.8669612207393369
 1.8795702949072872
 1.8919055240692149
 1.9039650773575225
 1.9157471655961378
 1.9272500415875051
 1.9384720003579956
 1.9494113793967809
 1.9600665589276152
 1.9704359621684553
 1.9805180555530668
 1.9903113489459414
 1.9998143958863488
 2.0090257938199563
 2.0179441842960983
 2.0265682531582199
 2.0348967307596135
 2.0429283921664774
 2.0506620573303755
 2.0580965912537499
 2.0652309041768158
 2.0720639517515784
 2.078594735189065
