# Created by Octave 6.3.0, Mon Sep 13 17:56:56 2021 -03 <kuroneko@kuroneko-VirtualBox>
# name: alfa
# type: scalar
1


# name: beta
# type: scalar
10240


# name: Lambda
# type: matrix
# rows: 257
# columns: 1
 0
 0.012271540600080313
 0.024541233151516382
 0.036807229883739613
 0.04906768358275819
 0.061320747869340712
 0.073564577477074095
 0.085797328530253944
 0.098017158821565406
 0.11022222808951287
 0.12241069829555655
 0.13458073390091427
 0.14673050214298697
 0.1588581733113659
 0.17096192102338037
 0.18303992249914422
 0.19509035883605974
 0.20711141528273774
 0.2191012815122925
 0.23105815189497017
 0.24298022577007014
 0.25486570771711781
 0.26671280782624834
 0.27851974196776064
 0.29028473206080035
 0.30200600634113284
 0.31368179962796372
 0.32531035358976923
 0.33688991700909399
 0.34841874604627826
 0.35989510450207357
 0.37131726407910798
 0.38268350464216144
 0.39399211447721166
 0.40524139054921193
 0.41642963875856209
 0.42755517419623362
 0.43861632139751067
 0.44961141459430898
 0.46053879796603442
 0.47139682588894338
 0.482183863183968
 0.49289828536296759
 0.50353847887337089
 0.51410284134117124
 0.52458978181223781
 0.53499772099190779
 0.54532509148282238
 0.55557033802097078
 0.56573191770990761
 0.57580830025310714
 0.58579796818442043
 0.5956994170965999
 0.6055111558678582
 0.61523170688642481
 0.62485960627306947
 0.63439340410155687
 0.64383166461700037
 0.65317296645208123
 0.66241590284110108
 0.67155908183183621
 0.68060112649516014
 0.6895406751324038
 0.69837638148042291
 0.70710691491434008
 0.71573096064793151
 0.72424721993162966
 0.73265441024811007
 0.740951265505433
 0.74913653622771359
 0.75720898974328676
 0.76516741037034408
 0.77301059960001051
 0.78073737627683593
 0.78834657677667241
 0.7958370551819115
 0.8032076834540558
 0.81045735160359678
 0.81758496785717583
 0.82458945882200085
 0.83146976964749519
 0.83822486418415454
 0.8448537251395869
 0.85135535423171349
 0.85772877233910594
 0.86397301964843887
 0.87008715579903384
 0.87607026002447441
 0.88192143129126987
 0.88763978843454772
 0.89322447029075425
 0.89867463582734219
 0.90398946426942728
 0.90916815522339378
 0.91420992879743079
 0.9191140257189816
 0.92387970744908643
 0.9285062562936045
 0.93299297551129579
 0.93733918941874772
 0.94154424349213062
 0.94560750446576658
 0.94952836042749711
 0.95330622091083461
 0.95694051698388449
 0.96043070133502428
 0.96377624835532683
 0.96697665421771484
 0.97003143695283545
 0.97294013652164357
 0.97570231488468118
 0.97831755606804527
 0.98078546622603147
 0.98310567370044555
 0.98527782907657468
 0.98730160523580723
 0.98917669740489556
 0.99090282320185463
 0.99247972267848639
 0.99390715835952836
 0.99518491527841579
 0.99631280100965469
 0.99729064569780101
 0.99811830208303931
 0.99879564552336064
 0.99932257401333269
 0.99969900819946089
 0.99992489139214003
 1.0000001895741901
 0.99992489140598029
 0.99969900822713564
 0.99932257405483027
 0.99879564557866407
 0.99811830215212549
 0.99729064578064142
 0.99631280110621501
 0.99518491538865583
 0.99390715848340205
 0.99247972281594221
 0.99090282335283519
 0.98917669756933824
 0.98730160541364309
 0.98527782926772967
 0.98310567390483949
 0.98078546644357867
 0.97831755629865491
 0.97570231512825634
 0.97294013677808178
 0.97003143722202889
 0.96697665449954995
 0.96377624864968459
 0.96043070164178013
 0.95694051730290841
 0.95330622124199094
 0.94952836077064462
 0.9456075048207585
 0.94154424385881474
 0.93733918979696673
 0.93299297590088681
 0.92850625669439912
 0.92387970786091111
 0.91911402614165749
 0.91420992923077371
 0.90916815566721432
 0.90398946472353081
 0.89867463629152866
 0.89322447076481859
 0.88763978891827966
 0.88192143178445415
 0.87607026052689085
 0.87008715631045697
 0.86397302016863808
 0.85772877286784588
 0.85135535476875368
 0.8448537256846822
 0.83822486473705482
 0.83146977020794577
 0.82458945938974182
 0.81758496843194284
 0.81045735218512049
 0.80320768404206233
 0.79583705577612252
 0.7883465773768048
 0.78073737688260225
 0.77301060021111845
 0.76516741098649699
 0.75720899036418376
 0.74913653685304937
 0.74095126613489803
 0.73265441088139005
 0.72424722056840674
 0.71573096128788327
 0.70710691555714023
 0.69837638212574105
 0.6895406757799053
 0.68060112714450649
 0.67155908248268503
 0.66241590349310597
 0.65317296710489214
 0.64383166527026359
 0.63439340475491468
 0.62485960692616049
 0.61523170753888423
 0.60551115651931764
 0.59569941774668722
 0.58579796883276014
 0.57580830089932056
 0.56573191835361258
 0.55557033866178185
 0.54532509212035096
 0.53499772162576209
 0.52458978244202303
 0.51410284196648948
 0.50353847949382136
 0.49289828597814639
 0.48218386379346845
 0.47139682649235592
 0.46053879856294688
 0.44961141518430664
 0.43861632198017608
 0.42755517477114685
 0.41642963932530064
 0.4052413911073508
 0.39399211502632359
 0.38268350518181676
 0.37131726460887493
 0.35989510502151817
 0.34841874655496441
 0.3368899175065837
 0.32531035407562242
 0.31368180010173852
 0.30200600680238537
 0.29028473250908521
 0.27851974240263044
 0.2667128082472543
 0.25486570812380938
 0.24298022616199549
 0.23105815227167598
 0.21910128187332403
 0.20711141562763896
 0.19509035916437337
 0.18303992281041187
 0.17096192131714258
 0.1588581735871622
 0.14673050240035593
 0.13458073413939362
 0.12241069851468317
 0.1102222282888229
 0.098017159000594295
 0.085797328688536553
 0.073564577614144797
 0.061320747984733401
 0.049067683676006391
 0.036807229954376519
 0.02454123319907495
 0.012271540624093321
 1.2246467991473532e-16


# name: nen
# type: scalar
3


# name: nel
# type: scalar
256


# name: h
# type: scalar
0.00390625


