# Created by Octave 6.3.0, Mon Sep 13 17:56:54 2021 -03 <kuroneko@kuroneko-VirtualBox>
# name: alfa
# type: scalar
1


# name: beta
# type: scalar
160


# name: Lambda
# type: matrix
# rows: 5
# columns: 1
 0
 0.70757635451594592
 1.0007849963298667
 0.7077473603132598
 1.2246467991473532e-16


# name: nen
# type: scalar
3


# name: nel
# type: scalar
4


# name: h
# type: scalar
0.25


# name: xl
# type: matrix
# rows: 9
# columns: 1
 0
 0.125
 0.25
 0.375
 0.5
 0.625
 0.75
 0.875
 1


# name: U
# type: matrix
# rows: 4
# columns: 3
 0.0010956366408266416 0.38515952755015909 0.70833399357059545
 0.70809366473543323 0.92529218298950011 1.0010413840062071
 1.0004209468173935 0.92346168647085125 0.70735230818771611
 0.70671520633585716 0.38061939867005684 -0.00081507575012839241


# name: x
# type: range
# base, limit, increment
0 1 0.125


# name: exata
# type: matrix
# rows: 9
# columns: 1
 0
 0.38268343236508978
 0.70710678118654746
 0.92387953251128674
 1
 0.92387953251128674
 0.70710678118654757
 0.38268343236508989
 1.2246467991473532e-16


