# Created by Octave 6.3.0, Tue Sep 14 03:23:35 2021 -03 <kuroneko@kuroneko-VirtualBox>
# name: alfa
# type: scalar
1


# name: beta
# type: scalar
160


# name: Lambda
# type: matrix
# rows: 5
# columns: 1
 0
 0.7075756384557107
 1.0007843853574667
 0.70774721232804072
 1.2246467991473532e-16


# name: nen
# type: scalar
3


# name: nel
# type: scalar
4


# name: h
# type: scalar
0.25


# name: xl
# type: matrix
# rows: 9
# columns: 1
 0
 0.125
 0.25
 0.375
 0.5
 0.625
 0.75
 0.875
 1


# name: U
# type: matrix
# rows: 4
# columns: 3
 0.0010957274798285626 0.3851601504380423 0.70833317131439499
 0.70809319718903518 0.92529395111673807 1.0010405382433922
 1.0004205964576303 0.92346376493733584 0.70735193435467358
 0.70671517839872666 0.38062036909346281 -0.00081516035676878638


# name: x
# type: range
# base, limit, increment
0 1 0.125


# name: exata
# type: matrix
# rows: 9
# columns: 1
 0
 0.38268343236508978
 0.70710678118654746
 0.92387953251128674
 1
 0.92387953251128674
 0.70710678118654757
 0.38268343236508989
 1.2246467991473532e-16


