# Created by Octave 6.3.0, Mon Sep 13 17:56:55 2021 -03 <kuroneko@kuroneko-VirtualBox>
# name: alfa
# type: scalar
1


# name: beta
# type: scalar
2560


# name: Lambda
# type: matrix
# rows: 65
# columns: 1
 0
 0.049067820255964331
 0.098017432066884541
 0.14673091152295153
 0.19509090357788181
 0.24298090476750306
 0.29028554387680378
 0.33689085987929573
 0.38268457647910831
 0.42755637259441981
 0.47139814813060643
 0.5141042844028384
 0.55557189858074318
 0.59570109154215534
 0.63439518853885157
 0.67156097209448717
 0.70710890657366166
 0.74095335388110628
 0.77301277977135707
 0.80320995027189335
 0.83147211774654251
 0.85773119615090765
 0.88192392505761219
 0.90399202205621021
 0.92388232316061791
 0.94154691088581333
 0.95694322968525436
 0.97003418847091794
 0.98078824996897962
 0.98917950669586929
 0.99518774337166771
 0.99879848562048612
 1.0000030348405069
 0.99879848915967606
 0.99518775042656715
 0.98917951721957464
 0.9807882638912766
 0.97003420569845078
 0.95694325010175074
 0.94154693435236436
 0.923882349516013
 0.90399205111732539
 0.88192395661985146
 0.85773122998869522
 0.83147215361386706
 0.80320998790290032
 0.77301281888098894
 0.74095339416578943
 0.70710894771203758
 0.67156101374818711
 0.63439523035331125
 0.59570113314746942
 0.55557193959255602
 0.51410432442327025
 0.47139818674921197
 0.42755640938917694
 0.38268461101743456
 0.33689089171909092
 0.29028557256751486
 0.24298092985120925
 0.19509092459039815
 0.14673092799494689
 0.098017443525012377
 0.049067826224003033
 1.2246467991473532e-16


# name: nen
# type: scalar
3


# name: nel
# type: scalar
64


# name: h
# type: scalar
0.015625


# name: xl
# type: matrix
# rows: 129
# columns: 1
 0
 0.0078125
 0.015625
 0.0234375
 0.03125
 0.0390625
 0.046875
 0.0546875
 0.0625
 0.0703125
 0.078125
 0.0859375
 0.09375
 0.1015625
 0.109375
 0.1171875
 0.125
 0.1328125
 0.140625
 0.1484375
 0.15625
 0.1640625
 0.171875
 0.1796875
 0.1875
 0.1953125
 0.203125
 0.2109375
 0.21875
 0.2265625
 0.234375
 0.2421875
 0.25
 0.2578125
 0.265625
 0.2734375
 0.28125
 0.2890625
 0.296875
 0.3046875
 0.3125
 0.3203125
 0.328125
 0.3359375
 0.34375
 0.3515625
 0.359375
 0.3671875
 0.375
 0.3828125
 0.390625
 0.3984375
 0.40625
 0.4140625
 0.421875
 0.4296875
 0.4375
 0.4453125
 0.453125
 0.4609375
 0.46875
 0.4765625
 0.484375
 0.4921875
 0.5
 0.5078125
 0.515625
 0.5234375
 0.53125
 0.5390625
 0.546875
 0.5546875
 0.5625
 0.5703125
 0.578125
 0.5859375
 0.59375
 0.6015625
 0.609375
 0.6171875
 0.625
 0.6328125
 0.640625
 0.6484375
 0.65625
 0.6640625
 0.671875
 0.6796875
 0.6875
 0.6953125
 0.703125
 0.7109375
 0.71875
 0.7265625
 0.734375
 0.7421875
 0.75
 0.7578125
 0.765625
 0.7734375
 0.78125
 0.7890625
 0.796875
 0.8046875
 0.8125
 0.8203125
 0.828125
 0.8359375
 0.84375
 0.8515625
 0.859375
 0.8671875
 0.875
 0.8828125
 0.890625
 0.8984375
 0.90625
 0.9140625
 0.921875
 0.9296875
 0.9375
 0.9453125
 0.953125
 0.9609375
 0.96875
 0.9765625
 0.984375
 0.9921875
 1


# name: U
# type: matrix
# rows: 64
# columns: 3
 2.8544772227033612e-07 0.024541921886972677 0.049068031187439819
 0.049068105078824573 0.073565401196849484 0.098017642433382707
 0.098017715578719508 0.12241165523972225 0.146731120817681
 0.14673119304075644 0.17096300910369844 0.19509111129663323
 0.19509118242345555 0.2191024983172464 0.24298111040986384
 0.24298118026908225 0.26671415062685239 0.29028574694736342
 0.29028581537068093 0.31368326538433738 0.33689105988883949
 0.33689112671141835 0.3598966898707649 0.38268477294579561
 0.38268483800665454 0.40524309189125268 0.42755656504494527
 0.42755662818734674 0.44961322798398029 0.4713983361013398
 0.47139839717316828 0.49290020659725864 0.51410446744094174
 0.51410452629506997 0.53499974560064001 0.55557207624526173
 0.55557213273990491 0.57581042350970413 0.59570126340507978
 0.59570131740413712 0.61523392381929753 0.6343953541861489
 0.63439540555953222 0.65317527185660662 0.67156113112709848
 0.67156117975104479 0.68954306358346384 0.70710905860846374
 0.70710910436583363 0.72424968579667881 0.74095349855183379
 0.74095354133239366 0.75721152719592277 0.7730129167294858
 0.77301295643017343 0.78834917981067076 0.803210079187479
 0.80321011571265211 0.8175876303009606 0.83147223830901584
 0.83147227157068249 0.84485644067109933 0.85773130806982345
 0.85773133798785284 0.87008991796096202 0.88192402806334769
 0.88192405456566492 0.89322727250608902 0.9039921159006159
 0.90399213892337449 0.91421276438531152 0.92388240761761442
 0.92388242710535029 0.93299583770310235 0.94154698575193596
 0.94154700165770189 0.94953124238316122 0.95694329478014462
 0.95694330706562192 0.96377914317980429 0.97003424363775603
 0.97003425227334816 0.97570521564456802 0.98078829507486398
 0.9807883000397668 0.98528072881680695 0.98917954163213595
 0.9891795429143887 0.99248261443909602 0.9951877680541521
 0.99518776565066558 0.99729352253068371 0.99879849998972581
 0.9987984939062905 0.99970186318511489 1.0000030388618857
 1.0000030291131565 0.99970183449132966 0.99879848282350558
 0.99879846943296879 0.99729343651097768 0.99518773374811165
 0.99518771674802609 0.99248247127826716 0.98917949023901441
 0.98917946967033443 0.98528052882235717 0.9807882266736101
 0.98078820258588795 0.97570495924596334 0.97003415833333839
 0.97003413078460299 0.96377883092743788 0.95694319270329942
 0.95694316175991823 0.94953087494703026 0.94154686705885193
 0.94154683279537021 0.93299541587119228 0.92388227248955546
 0.9238822349885174 0.91421228906169671 0.90399196454348607
 0.90399192389523442 0.89322674470875807 0.88192386070719442
 0.88192381700965494 0.87008933881936246 0.85773112496828241
 0.85773107832672568 0.84485581142341737 0.83147203973870176
 0.83147199026549168 0.81758695229113942 0.80320986544731809
 0.80320981326163987 0.78834845448517044 0.7730126881399958
 0.77301263336756931 0.75721075610023869 0.74095325545435198
 0.74095319822712868 0.7242488705716158 0.70710880136432364
 0.70710874182016936 0.68954220596118432 0.67156086011676119
 0.67156079839912286 0.65317437365645847 0.63439506980828497
 0.63439500606584542 0.61523298694342898 0.59570096607560996
 0.59570090046193047 0.57580944993848371 0.55557176639635397
 0.55557169906950377 0.53499873738788439 0.5141041455199703
 0.51410407664214552 0.49289916586528509 0.47139800256980796
 0.4713979323069416 0.44961215691849366 0.42755622037737323
 0.42755614889873433 0.4052419927360798 0.38268441762857713
 0.38268434510636429 0.35989556492244973 0.33689069441907044
 0.33689062102799594 0.31368211698660742 0.29028537183164438
 0.29028529774851364 0.26671298116497327 0.24298072616307903
 0.24298065156636492 0.21910131021227483 0.19509071844071077
 0.19509064351012323 0.17096180480665038 0.14673071988033501
 0.14673064479638839 0.12241043722566759 0.098017233946842308
 0.098017158890420411 0.07356417195894964 0.049067615687166936
 0.049067540839087286 0.024540683930474653 -2.1098830031506204e-07


# name: x
# type: range
# base, limit, increment
0 1 0.0078125


