# Created by Octave 6.3.0, Tue Sep 14 03:23:36 2021 -03 <kuroneko@kuroneko-VirtualBox>
# name: alfa
# type: scalar
1


# name: beta
# type: scalar
640


# name: Lambda
# type: matrix
# rows: 17
# columns: 1
 0
 0.1950991276879048
 0.38270091927456235
 0.55559591255145879
 0.70713981932145697
 0.83150886166805238
 0.92392357647469259
 0.98083248751199203
 1.000048586677537
 0.98083337949077287
 0.92392526502173944
 0.83151115962890787
 0.70714245498996187
 0.55559854011126775
 0.38270313208867157
 0.19510047392548469
 1.2246467991473532e-16


# name: nen
# type: scalar
3


# name: nel
# type: scalar
16


# name: h
# type: scalar
0.0625


# name: xl
# type: matrix
# rows: 33
# columns: 1
 0
 0.03125
 0.0625
 0.09375
 0.125
 0.15625
 0.1875
 0.21875
 0.25
 0.28125
 0.3125
 0.34375
 0.375
 0.40625
 0.4375
 0.46875
 0.5
 0.53125
 0.5625
 0.59375
 0.625
 0.65625
 0.6875
 0.71875
 0.75
 0.78125
 0.8125
 0.84375
 0.875
 0.90625
 0.9375
 0.96875
 1


# name: U
# type: matrix
# rows: 16
# columns: 3
 1.8199829742846174e-05 0.098060966281663914 0.19511252697616802
 0.19511669229728151 0.2903355877320033 0.38271374556003479
 0.38271717366548491 0.47145297404775494 0.55560767292718272
 0.55561023207679971 0.63445285507847005 0.70715006184278872
 0.70715165368988775 0.77307120624138881 0.83151719272064128
 0.83151775609143097 0.88198097147325194 0.92392967590085973
 0.92392918914531674 0.95699677900736357 0.98083612091421024
 0.98083460273807721 0.9952357828634022 1.000049614426197
 1.0000471231721311 0.99522844900172469 0.98083176209006961
 0.98082839349556794 0.95697502869238804 0.92392106462747536
 0.92391694814573488 0.88194554885897847 0.83150453765987842
 0.83149983148498419 0.77302331976834227 0.7071336659247236
 0.70712855091233739 0.63439413103400655 0.55558792170866855
 0.55558259442584801 0.47138539406875268 0.38269109240796872
 0.38268575757920492 0.29026141265166655 0.19508747564485548
 0.19508233828462615 0.097982649246972614 -1.345736392030736e-05


# name: x
# type: range
# base, limit, increment
0 1 0.03125


# name: exata
# type: matrix
# rows: 33
# columns: 1
 0
 0.098017140329560604
 0.19509032201612825
 0.29028467725446233
 0.38268343236508978
 0.47139673682599764
 0.55557023301960218
 0.63439328416364549
 0.70710678118654746
 0.77301045336273699
 0.83146961230254524
 0.88192126434835494
 0.92387953251128674
 0.95694033573220894
 0.98078528040323043
 0.99518472667219682
 1
 0.99518472667219693
 0.98078528040323043
 0.95694033573220894
 0.92387953251128674
 0.88192126434835505
 0.83146961230254546
 0.7730104533627371
 0.70710678118654757
 0.63439328416364549
 0.55557023301960218
 0.47139673682599786
 0.38268343236508989
 0.29028467725446239
 0.19509032201612861
 0.098017140329560826
 1.2246467991473532e-16


