# Created by Octave 6.3.0, Tue Sep 14 03:23:36 2021 -03 <kuroneko@kuroneko-VirtualBox>
# name: alfa
# type: scalar
1


# name: beta
# type: scalar
2560


# name: Lambda
# type: matrix
# rows: 65
# columns: 1
 0
 0.049067820255924093
 0.098017432066807159
 0.1467309115228401
 0.19509090357773939
 0.24298090476733272
 0.29028554387660854
 0.33689085987907852
 0.38268457647887205
 0.4275563725941674
 0.47139814813034064
 0.51410428440256217
 0.55557189858045908
 0.5957010915418659
 0.63439518853855936
 0.67156097209419474
 0.70710890657337133
 0.74095335388082029
 0.77301277977107741
 0.80320995027162212
 0.83147211774628171
 0.85773119615065896
 0.88192392505737738
 0.90399202205599083
 0.9238823231604153
 0.94154691088562881
 0.95694322968508894
 0.97003418847077261
 0.98078824996885527
 0.98917950669576649
 0.99518774337158689
 0.99879848562042783
 1.0000030348404714
 0.99879848915966329
 0.99518775042657726
 0.98917951721960751
 0.98078826389133167
 0.9700342056985275
 0.95694325010184855
 0.94154693435248238
 0.92388234951615023
 0.90399205111748071
 0.88192395662002365
 0.85773122998888296
 0.83147215361406879
 0.80320998790311438
 0.77301281888121354
 0.74095339416602268
 0.70710894771227761
 0.6715610137484318
 0.63439523035355827
 0.59570113314771644
 0.55557193959280071
 0.51410432442350995
 0.47139818674944417
 0.42755640938939893
 0.38268461101764362
 0.33689089171928427
 0.29028557256768955
 0.24298092985136241
 0.19509092459052674
 0.14673092799504792
 0.098017443525082806
 0.049067826224039789
 1.2246467991473532e-16


# name: nen
# type: scalar
3


# name: nel
# type: scalar
64


# name: h
# type: scalar
0.015625


# name: xl
# type: matrix
# rows: 129
# columns: 1
 0
 0.0078125
 0.015625
 0.0234375
 0.03125
 0.0390625
 0.046875
 0.0546875
 0.0625
 0.0703125
 0.078125
 0.0859375
 0.09375
 0.1015625
 0.109375
 0.1171875
 0.125
 0.1328125
 0.140625
 0.1484375
 0.15625
 0.1640625
 0.171875
 0.1796875
 0.1875
 0.1953125
 0.203125
 0.2109375
 0.21875
 0.2265625
 0.234375
 0.2421875
 0.25
 0.2578125
 0.265625
 0.2734375
 0.28125
 0.2890625
 0.296875
 0.3046875
 0.3125
 0.3203125
 0.328125
 0.3359375
 0.34375
 0.3515625
 0.359375
 0.3671875
 0.375
 0.3828125
 0.390625
 0.3984375
 0.40625
 0.4140625
 0.421875
 0.4296875
 0.4375
 0.4453125
 0.453125
 0.4609375
 0.46875
 0.4765625
 0.484375
 0.4921875
 0.5
 0.5078125
 0.515625
 0.5234375
 0.53125
 0.5390625
 0.546875
 0.5546875
 0.5625
 0.5703125
 0.578125
 0.5859375
 0.59375
 0.6015625
 0.609375
 0.6171875
 0.625
 0.6328125
 0.640625
 0.6484375
 0.65625
 0.6640625
 0.671875
 0.6796875
 0.6875
 0.6953125
 0.703125
 0.7109375
 0.71875
 0.7265625
 0.734375
 0.7421875
 0.75
 0.7578125
 0.765625
 0.7734375
 0.78125
 0.7890625
 0.796875
 0.8046875
 0.8125
 0.8203125
 0.828125
 0.8359375
 0.84375
 0.8515625
 0.859375
 0.8671875
 0.875
 0.8828125
 0.890625
 0.8984375
 0.90625
 0.9140625
 0.921875
 0.9296875
 0.9375
 0.9453125
 0.953125
 0.9609375
 0.96875
 0.9765625
 0.984375
 0.9921875
 1


# name: U
# type: matrix
# rows: 64
# columns: 3
 2.8544772261740364e-07 0.024541921886956326 0.049068031187399178
 0.049068105078785479 0.073565401196802063 0.098017642433304131
 0.098017715578644082 0.12241165523964707 0.14673112081756767
 0.14673119304064774 0.17096300910359846 0.19509111129648826
 0.19509118242331669 0.2191024983171245 0.24298111040969017
 0.24298118026891619 0.26671415062671155 0.29028574694716408
 0.29028581537049086 0.31368326538418057 0.33689105988861756
 0.33689112671120708 0.35989668987059503 0.38268477294555392
 0.38268483800642483 0.40524309189107233 0.42755656504468681
 0.42755662818710166 0.44961322798379227 0.47139833610106735
 0.4713983971729106 0.49290020659706574 0.5141044674406583
 0.51410452629480252 0.53499974560044461 0.55557207624496974
 0.55557213273963013 0.57581042350950817 0.59570126340478169
 0.59570131740385779 0.61523392381910391 0.63439535418584747
 0.63439540555925078 0.65317527185641788 0.6715611311267965
 0.67156117975076379 0.68954306358328143 0.70710905860816309
 0.70710910436555519 0.72424968579650495 0.74095349855153703
 0.74095354133212032 0.75721152719575902 0.77301291672919448
 0.77301295642990686 0.78834917981051944 0.80321007918719567
 0.80321011571239442 0.81758763030082382 0.83147223830874284
 0.83147227157043546 0.84485644067097843 0.85773130806956221
 0.85773133798761858 0.87008991796085744 0.88192402806309989
 0.88192405456544487 0.89322727250600287 0.9039921159003832
 0.90399213892317021 0.91421276438524446 0.92388240761739771
 0.92388242710516311 0.93299583770305672 0.94154698575173768
 0.94154700165753313 0.94953124238313613 0.95694329477996498
 0.95694330706547226 0.96377914317980129 0.97003424363759616
 0.97003425227321871 0.97570521564458734 0.9807882950747252
 0.98078830003965889 0.98528072881684925 0.98917954163201838
 0.98917954291430232 0.99248261443916108 0.9951877680540564
 0.99518776565060107 0.99729352253077164 0.99879849998965275
 0.99879849390624875 0.99970186318522591 1.0000030388618351
 1.0000030291131377 0.99970183449146366 0.99879848282347772
 0.99879846943297246 0.99729343651113411 0.99518773374810698
 0.99518771674805273 0.99248247127844536 0.9891794902390324
 0.98917946967038362 0.98528052882255701 0.9807882266736504
 0.98078820258595878 0.97570495924618361 0.97003415833340056
 0.9700341307846958 0.96377883092767824 0.95694319270338302
 0.9569431617600318 0.94953087494728827 0.94154686705895574
 0.94154683279550389 0.93299541587146773 0.92388227248967869
 0.92388223498866962 0.91421228906198804 0.90399196454362785
 0.90399192389540473 0.89322674470906338 0.88192386070735318
 0.88192381700984135 0.8700893388196802 0.85773112496845727
 0.85773107832692752 0.84485581142374611 0.83147203973889106
 0.83147199026570706 0.81758695229147671 0.80320986544751993
 0.80320981326186702 0.78834845448551472 0.77301268814020851
 0.77301263336780646 0.75721075610058697 0.74095325545457369
 0.74095319822737393 0.72424887057196685 0.70710880136455279
 0.70710874182042061 0.68954220596153559 0.67156086011699567
 0.67156079839937821 0.65317437365680742 0.63439506980852234
 0.63439500606610277 0.61523298694377349 0.59570096607584777
 0.59570090046218704 0.57580944993882066 0.55557176639659001
 0.55557169906975723 0.53499873738821135 0.51410414552020212
 0.51410407664239366 0.49289916586559934 0.47139800257003295
 0.4713979323071813 0.44961215691879203 0.42755622037758861
 0.42755614889896337 0.4052419927363598 0.38268441762878019
 0.38268434510657934 0.35989556492270802 0.33689069441925851
 0.3368906210281945 0.31368211698684123 0.29028537183181446
 0.29028529774869283 0.26671298116517939 0.24298072616322822
 0.24298065156652182 0.21910131021245061 0.19509071844083617
 0.19509064351025471 0.17096180480679241 0.14673071988043351
 0.14673064479649153 0.12241043722577281 0.098017233946910948
 0.098017158890492104 0.073564171959015004 0.049067615687202651
 0.049067540839124506 0.024540683930497055 -2.1098830063863821e-07


# name: x
# type: range
# base, limit, increment
0 1 0.0078125


