# Created by Octave 6.3.0, Mon Sep 13 17:56:54 2021 -03 <kuroneko@kuroneko-VirtualBox>
# name: alfa
# type: scalar
1


# name: beta
# type: scalar
640


# name: Lambda
# type: matrix
# rows: 17
# columns: 1
 0
 0.19509912785522662
 0.38270091955857977
 0.55559591290337484
 0.70713981969617901
 0.83150886202592522
 0.92392357678302206
 0.98083248774630183
 1.0000485868225091
 0.98083337954083594
 0.92392526498128336
 0.83151115951211474
 0.70714245482026117
 0.55559853992043584
 0.38270313191561084
 0.19510047381472811
 1.2246467991473532e-16


# name: nen
# type: scalar
3


# name: nel
# type: scalar
16


# name: h
# type: scalar
0.0625


# name: xl
# type: matrix
# rows: 33
# columns: 1
 0
 0.03125
 0.0625
 0.09375
 0.125
 0.15625
 0.1875
 0.21875
 0.25
 0.28125
 0.3125
 0.34375
 0.375
 0.40625
 0.4375
 0.46875
 0.5
 0.53125
 0.5625
 0.59375
 0.625
 0.65625
 0.6875
 0.71875
 0.75
 0.78125
 0.8125
 0.84375
 0.875
 0.90625
 0.9375
 0.96875
 1


# name: U
# type: matrix
# rows: 16
# columns: 3
 1.8199824078445074e-05 0.098060966303956235 0.19511252715020114
 0.1951166924458978 0.29033558777172996 0.38271374586250173
 0.38271717391847443 0.47145297406234998 0.55560767330857752
 0.55561023238655782 0.63445285503264703 0.70715006225688581
 0.70715165401294211 0.773071206108497 0.83151719312627237
 0.83151775639011216 0.88198097123630026 0.92392967626349509
 0.92392918938920465 0.95699677865967325 0.98083612120728714
 0.98083460290517233 0.99523578240886457 1.0000496146321385
 1.0000471232496984 0.99522844845465008 0.98083176220096158
 0.98082839348062623 0.95697502807695745 0.92392106464537016
 0.92391694804517233 0.88194554820831306 0.83150453759671561
 0.83149983131529315 0.77302331912323119 0.70713366580187176
 0.70712855069897984 0.63439413044133941 0.5555879215561037
 0.55558259420227796 0.47138539357971654 0.38269109226312242
 0.38268575738558275 0.29026141231978053 0.19508747555117673
 0.19508233816627515 0.097982649126030052 -1.3457358635538517e-05


# name: x
# type: range
# base, limit, increment
0 1 0.03125


# name: exata
# type: matrix
# rows: 33
# columns: 1
 0
 0.098017140329560604
 0.19509032201612825
 0.29028467725446233
 0.38268343236508978
 0.47139673682599764
 0.55557023301960218
 0.63439328416364549
 0.70710678118654746
 0.77301045336273699
 0.83146961230254524
 0.88192126434835494
 0.92387953251128674
 0.95694033573220894
 0.98078528040323043
 0.99518472667219682
 1
 0.99518472667219693
 0.98078528040323043
 0.95694033573220894
 0.92387953251128674
 0.88192126434835505
 0.83146961230254546
 0.7730104533627371
 0.70710678118654757
 0.63439328416364549
 0.55557023301960218
 0.47139673682599786
 0.38268343236508989
 0.29028467725446239
 0.19509032201612861
 0.098017140329560826
 1.2246467991473532e-16


