# Created by Octave 6.3.0, Tue Sep 14 03:23:37 2021 -03 <kuroneko@kuroneko-VirtualBox>
# name: alfa
# type: scalar
1


# name: beta
# type: scalar
10240


# name: Lambda
# type: matrix
# rows: 257
# columns: 1
 0
 0.012271540600080308
 0.024541233151516371
 0.036807229883739599
 0.049067683582758169
 0.061320747869340685
 0.073564577477074067
 0.085797328530253902
 0.098017158821565351
 0.11022222808951281
 0.12241069829555647
 0.13458073390091418
 0.14673050214298688
 0.15885817331136581
 0.17096192102338029
 0.18303992249914414
 0.19509035883605966
 0.20711141528273766
 0.21910128151229238
 0.23105815189497006
 0.24298022577007003
 0.2548657077171177
 0.26671280782624823
 0.27851974196776053
 0.29028473206080024
 0.30200600634113273
 0.31368179962796361
 0.32531035358976912
 0.33688991700909393
 0.3484187460462782
 0.35989510450207357
 0.37131726407910798
 0.38268350464216144
 0.39399211447721166
 0.40524139054921193
 0.41642963875856209
 0.42755517419623362
 0.43861632139751067
 0.44961141459430898
 0.46053879796603442
 0.47139682588894338
 0.482183863183968
 0.49289828536296759
 0.50353847887337089
 0.51410284134117124
 0.52458978181223781
 0.53499772099190779
 0.54532509148282238
 0.55557033802097078
 0.56573191770990761
 0.57580830025310714
 0.58579796818442043
 0.5956994170965999
 0.60551115586785809
 0.6152317068864247
 0.62485960627306936
 0.63439340410155676
 0.64383166461700025
 0.65317296645208112
 0.66241590284110097
 0.6715590818318361
 0.68060112649516002
 0.68954067513240369
 0.6983763814804228
 0.70710691491433997
 0.7157309606479314
 0.72424721993162955
 0.73265441024810996
 0.74095126550543289
 0.74913653622771337
 0.75720898974328654
 0.76516741037034386
 0.77301059960001028
 0.78073737627683581
 0.7883465767766723
 0.79583705518191139
 0.80320768345405569
 0.81045735160359667
 0.81758496785717572
 0.82458945882200074
 0.83146976964749508
 0.83822486418415443
 0.84485372513958679
 0.85135535423171338
 0.85772877233910583
 0.86397301964843876
 0.87008715579903373
 0.8760702600244743
 0.88192143129126976
 0.88763978843454761
 0.89322447029075414
 0.89867463582734208
 0.90398946426942717
 0.90916815522339367
 0.91420992879743068
 0.91911402571898149
 0.92387970744908632
 0.92850625629360439
 0.93299297551129567
 0.93733918941874761
 0.94154424349213051
 0.94560750446576647
 0.949528360427497
 0.9533062209108345
 0.95694051698388438
 0.96043070133502417
 0.96377624835532671
 0.96697665421771473
 0.97003143695283534
 0.97294013652164346
 0.97570231488468107
 0.97831755606804516
 0.98078546622603135
 0.98310567370044544
 0.98527782907657457
 0.98730160523580712
 0.98917669740489556
 0.99090282320185463
 0.99247972267848639
 0.99390715835952836
 0.99518491527841579
 0.99631280100965469
 0.99729064569780101
 0.99811830208303931
 0.99879564552336064
 0.99932257401333269
 0.99969900819946089
 0.99992489139214003
 1.0000001895741901
 0.99992489140598029
 0.99969900822713564
 0.99932257405483027
 0.99879564557866407
 0.99811830215212549
 0.99729064578064142
 0.99631280110621501
 0.99518491538865583
 0.99390715848340205
 0.9924797228159421
 0.99090282335283508
 0.98917669756933813
 0.98730160541364298
 0.98527782926772955
 0.98310567390483938
 0.98078546644357856
 0.9783175562986548
 0.97570231512825623
 0.97294013677808178
 0.97003143722202889
 0.96697665449955006
 0.9637762486496847
 0.96043070164178024
 0.95694051730290852
 0.95330622124199105
 0.94952836077064473
 0.94560750482075862
 0.94154424385881486
 0.93733918979696684
 0.93299297590088692
 0.92850625669439923
 0.92387970786091123
 0.9191140261416576
 0.91420992923077382
 0.90916815566721443
 0.90398946472353092
 0.89867463629152877
 0.8932244707648187
 0.88763978891827977
 0.88192143178445426
 0.87607026052689096
 0.87008715631045708
 0.86397302016863819
 0.85772877286784599
 0.85135535476875379
 0.84485372568468231
 0.83822486473705493
 0.83146977020794588
 0.82458945938974193
 0.81758496843194295
 0.81045735218512061
 0.80320768404206244
 0.79583705577612263
 0.78834657737680491
 0.78073737688260236
 0.77301060021111856
 0.7651674109864971
 0.75720899036418388
 0.74913653685304948
 0.74095126613489815
 0.73265441088139027
 0.72424722056840696
 0.71573096128788349
 0.70710691555714045
 0.69837638212574127
 0.68954067577990552
 0.68060112714450671
 0.67155908248268525
 0.6624159034931062
 0.65317296710489237
 0.64383166527026381
 0.6343934047549149
 0.62485960692616072
 0.61523170753888445
 0.60551115651931786
 0.59569941774668744
 0.58579796883276036
 0.57580830089932078
 0.56573191835361281
 0.55557033866178207
 0.54532509212035118
 0.53499772162576231
 0.52458978244202326
 0.5141028419664897
 0.50353847949382158
 0.49289828597814661
 0.48218386379346867
 0.47139682649235615
 0.4605387985629471
 0.44961141518430686
 0.4386163219801763
 0.42755517477114707
 0.41642963932530086
 0.40524139110735102
 0.39399211502632381
 0.38268350518181699
 0.37131726460887515
 0.35989510502151839
 0.34841874655496463
 0.33688991750658392
 0.32531035407562264
 0.31368180010173874
 0.3020060068023856
 0.29028473250908543
 0.27851974240263067
 0.26671280824725452
 0.2548657081238096
 0.24298022616199569
 0.23105815227167617
 0.21910128187332423
 0.20711141562763916
 0.19509035916437356
 0.18303992281041204
 0.17096192131714275
 0.15885817358716237
 0.14673050240035607
 0.13458073413939373
 0.12241069851468328
 0.110222228288823
 0.098017159000594378
 0.085797328688536623
 0.073564577614144852
 0.061320747984733442
 0.049067683676006425
 0.036807229954376547
 0.024541233199074967
 0.01227154062409333
 1.2246467991473532e-16


# name: nen
# type: scalar
3


# name: nel
# type: scalar
256


# name: h
# type: scalar
0.00390625


