# Created by Octave 6.2.0, Tue Jul 06 18:15:11 2021 -03 <kuroneko@kuroneko-VirtualBox>
# name: Gamma
# type: scalar
0.19


# name: xl
# type: matrix
# rows: 11
# columns: 1
 0
 0.20000000000000001
 0.40000000000000002
 0.60000000000000009
 0.80000000000000004
 1
 1.2
 1.3999999999999999
 1.5999999999999999
 1.7999999999999998
 1.9999999999999998


# name: h
# type: scalar
0.20000000000000001


# name: deltaT
# type: scalar
0.040000000000000008


# name: U
# type: matrix
# rows: 11
# columns: 32
 0 1.12332718893748e-11 7.4436160781634811e-12 4.3146969877460411e-12 2.2766325176964056e-12 1.1217674942553966e-12 5.2506845684702247e-13 2.3626525672562774e-13 1.0307538391995259e-13 4.3873125859559464e-14 1.8305004978569142e-14 7.513251299296763e-15 3.042177761510972e-15 1.2178546378285334e-15 4.8286285214060582e-16 1.8988310841439806e-16 7.4145799918071839e-17 2.8776592978041216e-17 1.1109375092914497e-17 4.2690000732567307e-18 1.6337764460465181e-18 6.230113180658747e-19 2.3681697682685172e-19 8.9762546587076876e-20 3.3937047981538072e-20 1.2801572265929117e-20 4.8190574206185142e-21 1.8107448339913663e-21 6.7924285715700817e-22 2.5440924487758496e-22 9.5156896002755636e-23 3.5546769254327428e-23
 0 0.040510183803756483 0.054447992546123695 0.056619073814281537 0.053791770423810219 0.049089495427861972 0.043936455712617069 0.038957886299609952 0.034402618041189534 0.030343917726520047 0.026775773401672847 0.023659153019312967 0.020944032618144343 0.018579591576843336 0.016518618283638761 0.014719106318973314 0.01314452175737346 0.011763478259399144 0.010549183596865902 0.0094788329657472716 0.0085330293175099881 0.0076952632529699609 0.0069514616280699553 0.0062896030696781239 0.0056993939738421073 0.0051719970848374628 0.0046998047844190637 0.0042762499093396134 0.0038956478332616731 0.003553064488512241 0.0032442058701072965 0.0029653253240467586
 0 0.27276976016655563 0.2158583577589453 0.17822063885733405 0.15107400852052696 0.13017079870156317 0.11333865963450915 0.099385025420469578 0.087599537889037765 0.077522341510514403 0.068832656614867177 0.061292927244949683 0.05471932641521926 0.048965176990008241 0.043910965705237781 0.039457895995910625 0.035523455061534953 0.032038203077185877 0.028943352737101805 0.026188890359457224 0.023732086475955986 0.021536297317470476 0.019569989774256516 0.017805941601490852 0.016220581119034662 0.014793439178608326 0.01350669224419041 0.012344779905232845 0.011294083524291485 0.010342655327149581 0.0094799892812796153 0.0086968267195238636
 0 0.31550574409586846 0.27289968236374051 0.23866069077533181 0.21080520456656257 0.18767873431191487 0.16808291863816144 0.15119039809374457 0.13643359504585686 0.12341628289280331 0.11185295761892339 0.10152986381959328 0.092280657139542963 0.08397133985996566 0.076490883775577792 0.069745288903795943 0.063653710546217046 0.058145838658150088 0.05316004646583472 0.048642022707948519 0.044543717798535838 0.040822501976086736 0.037440473115382178 0.034363875116698153 0.031562601523978807 0.029009767246840575 0.026681336277069929 0.024555796430580278 0.022613874179987736 0.020838284018669561 0.019213507779191053 0.01772560007175375
 0 0.096249153952455077 0.1429265239542532 0.16382925322975986 0.17099638194710556 0.17070987024719514 0.1663396365494797 0.15974860818261238 0.15199961998951622 0.1437180018911296 0.13528167875910307 0.12692344800056651 0.11878771490747433 0.11096309092272946 0.10350185938273146 0.096432070006787218 0.089765345428301155 0.08350209431073094 0.077635092072140935 0.072151994073191936 0.067037126336446609 0.062272773033918122 0.057840105341737016 0.053719850279616815 0.049892768724159077 0.046339992255539829 0.043043255109038107 0.039985048074951783 0.037148714425043507 0.034518503028800988 0.03207959017207445 0.029818078716283402
 0 0.011957725956646926 0.040125196115269435 0.067880765614563035 0.090314471251771847 0.10676255368559952 0.11793357495038509 0.12484066473185432 0.1284370091495754 0.12951724591127622 0.12871289601369243 0.12651598130269298 0.12330696857087724 0.11937943830705376 0.11495987207229554 0.11022294114599436 0.10530316943196369 0.10030382257306873 0.095303715962770957 0.090362467037749555 0.085524579310090512 0.08082264154551555 0.076279849906159145 0.07191200673075071 0.067729110876202855 0.063736626647088804 0.059936498099751968 0.056327960694367893 0.052908191121167659 0.049672827079846972 0.046616380839492218 0.043732563950425823
 0 0.0014832172476554513 0.0077580976309411026 0.019529771742191268 0.034166442441369752 0.049270655013704798 0.063318923901043073 0.075528731285713663 0.085607089575184175 0.093546934609344212 0.099491821663074076 0.10365390635041226 0.10626713158528966 0.10756197087328095 0.107752803169298 0.10703245878069349 0.10557071337382849 0.10351486877732294 0.10099136219076822 0.09810781082737334 0.094955166340353753 0.091609806132493449 0.088135475556112217 0.084585044173436624 0.081002066869213143 0.077422155903117726 0.073874177489576809 0.070381287534074147 0.066961816877648128 0.063630012248456005 0.06039664590388559 0.057269532810575952
 0 0.00018397598552649341 0.0013072574674692927 0.0044472936203235995 0.010083728950756918 0.017854552071941709 0.02701368201498211 0.036779010316138998 0.046497085573324055 0.055689670632135556 0.06404328287017122 0.071378124839189538 0.0776141606359491 0.082741481511574483 0.086796901715203226 0.089846507962619726 0.09197313546114172 0.093267640680019068 0.093822982779199371 0.093730329600133833 0.093076597042962672 0.091942989257306262 0.090404229246511994 0.088528260129315542 0.086376260729526991 0.084002856550749933 0.081456423392049004 0.078779399468819816 0.076008587948676223 0.073175574635488849 0.070307553989714736 0.067428899043509571
 0 2.2818726887006933e-05 0.00020492557399460064 0.00088297824623713374 0.0024980328449358252 0.0053669545996754085 0.0095584803152400158 0.014923628203732105 0.021181811862187788 0.028002248431190004 0.035060781326099841 0.042072151448438892 0.048804085884416926 0.055079887595127726 0.060774640182110803 0.065808415690025546 0.070138525172384447 0.07375193765129015 0.076658422786069741 0.078884638286694037 0.080469198779811471 0.081458667378126265 0.081904359517644465 0.081859806427336215 0.081378689861081807 0.080513106115243718 0.079312301259772455 0.077822614360894549 0.076089976002096785 0.074166192015215127 0.072118684986401616 0.070040548047864068
 0 2.852340860875867e-06 3.096383586346733e-05 0.00016174429913096516 0.00055130964354838357 0.0014057554841983885 0.0029119938732282778 0.0051789622454904392 0.0082163947930381405 0.011945185903014433 0.016223690172519942 0.020877072371082928 0.025722454631297513 0.030587158513391072 0.03532003653032479 0.039797112319758798 0.043923075770334219 0.047630058741929999 0.050874826049057159 0.053635196544501662 0.055906211837470729 0.057696310463790278 0.059023629294716565 0.059912858950767631 0.060394345655315339 0.060509429830524063 0.060327803733360885 0.059980549574576089 0.059703576081238864 0.059872247123291235 0.060997622746105061 0.063658821024759782
 0 1.4535033522001284e-80 3.9622403281429166e-67 1.0758042141813852e-56 2.2010432769344063e-48 1.2500788026109838e-41 4.7426265711290953e-36 2.218613982414948e-31 1.9888057853983341e-27 4.7291625223286955e-24 3.8116786852254326e-21 1.2570546516311827e-18 1.9648829840834523e-16 1.635434178352792e-14 7.9582936058320875e-13 2.4424921606231163e-11 5.031357148891784e-10 7.3238429662420093e-09 7.8644357811319706e-08 6.4592800190722582e-07 4.1841418479136506e-06 2.1943014463880156e-05 9.5280939201895681e-05 0.00034926373167220936 0.0010991141423155552 0.0030133015037492107 0.0072900601384936065 0.01574037635784566 0.030635707246983449 0.054226398992859685 0.087979354788221734 0.13176128659718059


# name: x
# type: range
# base, limit, increment
0 2 0.20000000000000001


# name: t
# type: range
# base, limit, increment
0 1.2400000000000002 0.040000000000000008


