# Created by Octave 6.2.0, Mon May 31 23:45:48 2021 -03 <kuroneko@kuroneko-VirtualBox>
# name: xl
# type: matrix
# rows: 17
# columns: 1
 0
 0.0625
 0.125
 0.1875
 0.25
 0.3125
 0.375
 0.4375
 0.5
 0.5625
 0.625
 0.6875
 0.75
 0.8125
 0.875
 0.9375
 1


# name: h
# type: scalar
0.25


# name: u
# type: matrix
# rows: 17
# columns: 1
 0
 0.46562550317286516
 0.71343905930089213
 0.84595033604881897
 0.91740811320190674
 0.95519669738113555
 0.9747339435601281
 0.98410499649814431
 0.98713984212495876
 0.98493214936265128
 0.97671232352043369
 0.95912233657737289
 0.92488218865966465
 0.86001970985884502
 0.73967917145568118
 0.51459447347498177
 0.09165783155700577


# name: x
# type: range
# base, limit, increment
0 1 0.0625


# name: exata
# type: matrix
# rows: 17
# columns: 1
 0
 0.46467805682438379
 0.71334975571565107
 0.84635596385346412
 0.91736566859879498
 0.95503181029059925
 0.97455295530180519
 0.98380602982665877
 0.98652471777869544
 0.98380602982665877
 0.97455295530180519
 0.95503181029059925
 0.91736566859879498
 0.84635596385346412
 0.71334975571565096
 0.46467805682438379
 0


