# Created by Octave 6.2.0, Mon May 31 20:05:23 2021 -03 <kuroneko@kuroneko-VirtualBox>
# name: xl
# type: matrix
# rows: 1
# columns: 49
 0 0.0625 0.125 0.1875 0.25 0.3125 0.375 0.4375 0.5 0.5625 0.625 0.6875 0.75 0.8125 0.875 0.9375 1 0.35416666666666657 0.37499999999999989 0.3958333333333332 0.41666666666666652 0.43749999999999983 0.45833333333333315 0.47916666666666646 0.49999999999999978 0.52083333333333315 0.54166666666666652 0.56249999999999989 0.58333333333333326 0.60416666666666663 0.625 0.64583333333333337 0.66666666666666674 0.68750000000000011 0.70833333333333348 0.72916666666666685 0.75000000000000022 0.77083333333333359 0.79166666666666696 0.81250000000000033 0.8333333333333337 0.85416666666666707 0.87500000000000044 0.89583333333333381 0.91666666666666718 0.93750000000000056 0.95833333333333393 0.9791666666666673 1.0000000000000007


# name: h
# type: scalar
0.25


# name: u
# type: matrix
# rows: 17
# columns: 1
 -0.1185429102861425
 1.3143968331263114
 1.6274460349165014
 1.3055908715320257
 -0.041436188204596942
 0.44354016045818945
 0.7017016365381078
 0.8398380974900076
 0.91450176601452371
 0.95431144765751463
 0.97549840576686597
 0.98682676396851865
 0.99293423323332919
 0.99616129046254986
 0.9978246781490947
 0.99861279104353984
 0.99884766913892753


# name: x
# type: range
# base, limit, increment
0 1 0.0625


# name: exata
# type: matrix
# rows: 17
# columns: 1
 0
 0.46467805682438379
 0.71334975571565107
 0.84635596385346412
 0.91736566859879498
 0.95503181029059925
 0.97455295530180519
 0.98380602982665877
 0.98652471777869544
 0.98380602982665877
 0.97455295530180519
 0.95503181029059925
 0.91736566859879498
 0.84635596385346412
 0.71334975571565096
 0.46467805682438379
 0


