# Created by Octave 6.2.0, Wed Jun 02 15:14:00 2021 -03 <kuroneko@kuroneko-VirtualBox>
# name: xl
# type: matrix
# rows: 17
# columns: 1
 0
 0.0625
 0.125
 0.1875
 0.25
 0.3125
 0.375
 0.4375
 0.5
 0.5625
 0.625
 0.6875
 0.75
 0.8125
 0.875
 0.9375
 1


# name: h
# type: scalar
0.25


# name: u
# type: matrix
# rows: 17
# columns: 1
 0
 0.46562111005427242
 0.71342855186247289
 0.84592948645827615
 0.91736841739564656
 0.95512197307040014
 0.97459457884348455
 0.98384491580069078
 0.98665303522231518
 0.98402016582364904
 0.97501374094560833
 0.95595370368367472
 0.91895196011401437
 0.84891038417261933
 0.7189880807656418
 0.47599623361117999
 0


# name: x
# type: range
# base, limit, increment
0 1 0.0625


# name: exata
# type: matrix
# rows: 17
# columns: 1
 0
 0.46467805682438379
 0.71334975571565107
 0.84635596385346412
 0.91736566859879498
 0.95503181029059925
 0.97455295530180519
 0.98380602982665877
 0.98652471777869544
 0.98380602982665877
 0.97455295530180519
 0.95503181029059925
 0.91736566859879498
 0.84635596385346412
 0.71334975571565096
 0.46467805682438379
 0


