# Created by Octave 6.2.0, Sat Jun 19 19:45:49 2021 -03 <kuroneko@kuroneko-VirtualBox>
# name: xl
# type: matrix
# rows: 17
# columns: 1
 0
 0.0625
 0.125
 0.1875
 0.25
 0.3125
 0.375
 0.4375
 0.5
 0.5625
 0.625
 0.6875
 0.75
 0.8125
 0.875
 0.9375
 1


# name: h
# type: scalar
0.25


# name: u
# type: matrix
# rows: 17
# columns: 1
 0
 0.88233355063880792
 0.9738138510260268
 0.98937312162586422
 0.99566154486986169
 0.99948932268939428
 0.99988591139426941
 0.9999517250606812
 0.99996272297718669
 0.99995257845176777
 0.99988811080329565
 0.99949924482331232
 0.99574590057508483
 0.98957975500216011
 0.9743230260629776
 0.88462150934457495
 0


# name: x
# type: range
# base, limit, increment
0 1 0.0625


# name: exata
# type: matrix
# rows: 17
# columns: 1
 0
 0.86143607917265852
 0.98080003984402897
 0.99733957823425423
 0.99963136147995013
 0.99994891964669919
 0.99999291954689973
 0.99999900043614343
 0.99999972821135696
 0.99999900043614343
 0.99999291954689973
 0.99994891964669919
 0.99963136147995013
 0.99733957823425423
 0.98080003984402897
 0.86143607917265874
 0


