# Created by Octave 6.2.0, Wed Jun 02 15:14:00 2021 -03 <kuroneko@kuroneko-VirtualBox>
# name: xl
# type: matrix
# rows: 49
# columns: 1
 0
 0.020833333333333332
 0.041666666666666664
 0.0625
 0.083333333333333329
 0.10416666666666666
 0.12499999999999999
 0.14583333333333331
 0.16666666666666666
 0.1875
 0.20833333333333334
 0.22916666666666669
 0.25
 0.27083333333333331
 0.29166666666666663
 0.31249999999999994
 0.33333333333333326
 0.35416666666666657
 0.37499999999999989
 0.3958333333333332
 0.41666666666666652
 0.43749999999999983
 0.45833333333333315
 0.47916666666666646
 0.49999999999999978
 0.52083333333333315
 0.54166666666666652
 0.56249999999999989
 0.58333333333333326
 0.60416666666666663
 0.625
 0.64583333333333337
 0.66666666666666674
 0.68750000000000011
 0.70833333333333348
 0.72916666666666685
 0.75000000000000022
 0.77083333333333359
 0.79166666666666696
 0.81250000000000033
 0.8333333333333337
 0.85416666666666707
 0.87500000000000044
 0.89583333333333381
 0.91666666666666718
 0.93750000000000056
 0.95833333333333393
 0.9791666666666673
 1.0000000000000007


# name: h
# type: scalar
0.083333333333333329


# name: u
# type: matrix
# rows: 49
# columns: 1
 0
 0.48360384559647474
 0.73228012974031731
 0.86091747194659796
 0.92828660799437102
 0.96296748014869737
 0.98080089999548681
 0.99002592014277069
 0.99485718940350798
 0.99734427238005874
 0.99862316740194967
 0.99928472487569919
 0.99963119155809899
 0.9998095486679659
 0.9999012624790623
 0.99994870483757148
 0.99997355080420902
 0.99998634074800952
 0.99999291661624701
 0.99999631647110154
 0.99999809359700631
 0.99999900174987366
 0.99999945603315232
 0.99999966641520477
 0.9999997288412239
 0.99999966766815873
 0.99999945908445087
 0.99999900796764296
 0.99999810581170345
 0.99999634025040696
 0.99999296243487701
 0.99998642914989955
 0.9999737220067485
 0.9999490368779812
 0.99990190162672621
 0.9998107815008257
 0.99963357893707394
 0.99928935501139804
 0.99863207994746295
 0.99736146349948185
 0.99489047996794966
 0.99009048459490068
 0.98092518006856178
 0.96320719994142312
 0.92875082483774574
 0.86181778429183975
 0.7340131404040946
 0.48694659352716491
 0


# name: x
# type: range
# base, limit, increment
0 1 0.020833333333333332


# name: exata
# type: matrix
# rows: 49
# columns: 1
 0
 0.48253213162575592
 0.73222700520017903
 0.86143607917265852
 0.92829762325571308
 0.9628963239484043
 0.98080003984402897
 0.99006463754385876
 0.99485876916566518
 0.99733957823425423
 0.9986233172100808
 0.99928761087229157
 0.99963136147995013
 0.99980924133994253
 0.99990128838581871
 0.99994891964669919
 0.9999735670468809
 0.99998632080747152
 0.99999291954689973
 0.99999633240100749
 0.99999809500058701
 0.99999900043614343
 0.99999945611293817
 0.99999966706502663
 0.99999972821135696
 0.99999966706502663
 0.99999945611293817
 0.99999900043614343
 0.99999809500058701
 0.99999633240100749
 0.99999291954689973
 0.99998632080747152
 0.9999735670468809
 0.99994891964669919
 0.99990128838581871
 0.99980924133994253
 0.99963136147995013
 0.99928761087229157
 0.9986233172100808
 0.99733957823425423
 0.99485876916566518
 0.99006463754385865
 0.98080003984402875
 0.96289632394840374
 0.92829762325571197
 0.8614360791726563
 0.7322270052001747
 0.48253213162574526
 -2.1316282072803006e-14


