# Created by Octave 6.2.0, Sat Jun 19 19:45:49 2021 -03 <kuroneko@kuroneko-VirtualBox>
# name: xl
# type: matrix
# rows: 65
# columns: 1
 0
 0.015625
 0.03125
 0.046875
 0.0625
 0.078125
 0.09375
 0.109375
 0.125
 0.140625
 0.15625
 0.171875
 0.1875
 0.203125
 0.21875
 0.234375
 0.25
 0.265625
 0.28125
 0.296875
 0.3125
 0.328125
 0.34375
 0.359375
 0.375
 0.390625
 0.40625
 0.421875
 0.4375
 0.453125
 0.46875
 0.484375
 0.5
 0.515625
 0.53125
 0.546875
 0.5625
 0.578125
 0.59375
 0.609375
 0.625
 0.640625
 0.65625
 0.671875
 0.6875
 0.703125
 0.71875
 0.734375
 0.75
 0.765625
 0.78125
 0.796875
 0.8125
 0.828125
 0.84375
 0.859375
 0.875
 0.890625
 0.90625
 0.921875
 0.9375
 0.953125
 0.96875
 0.984375
 1


# name: h
# type: scalar
0.0625


# name: u
# type: matrix
# rows: 65
# columns: 1
 0
 0.80203931670763051
 0.95266432782570099
 0.98518087403269838
 0.99660511278610397
 0.99932794580743645
 0.99983930073177385
 0.99994969073873219
 0.99998847474080543
 0.99999771845181451
 0.99999945444410876
 0.99999982920573183
 0.9999999608730451
 0.99999999225440095
 0.99999999814789897
 0.99999999942017259
 0.99999999986716881
 0.9999999999737047
 0.99999999999371225
 0.99999999999803124
 0.99999999999954947
 0.99999999999991074
 0.99999999999997835
 0.99999999999999267
 0.99999999999999867
 0.99999999999999956
 0.99999999999999967
 0.99999999999999956
 1.0000000000000002
 1
 0.99999999999999978
 0.99999999999999956
 1.0000000000000002
 1
 0.99999999999999978
 0.99999999999999956
 1.0000000000000004
 1.0000000000000002
 1
 0.99999999999999944
 0.99999999999999889
 0.99999999999999345
 0.99999999999997868
 0.99999999999991074
 0.99999999999955158
 0.99999999999804134
 0.99999999999374278
 0.99999999997383193
 0.99999999986781452
 0.99999999942299134
 0.99999999815690233
 0.99999999229205305
 0.99999996106324573
 0.99999983003598214
 0.99999945709611671
 0.99999772954267341
 0.99998853076637062
 0.99994993529764142
 0.99984008190877227
 0.99933121273753867
 0.99662161571006036
 0.98525291145059513
 0.95289443178765953
 0.80300162558474597
 0


# name: x
# type: range
# base, limit, increment
0 1 0.015625


# name: exata
# type: matrix
# rows: 65
# columns: 1
 0
 0.79038861284890216
 0.95606306637659255
 0.99079031839603182
 0.99806954586377228
 0.99959535483067374
 0.99991518176475358
 0.99998222113205426
 0.99999627334682795
 0.99999921885105914
 0.99999983626228695
 0.99999996567871086
 0.99999999280586693
 0.99999999849202781
 0.99999999968391184
 0.99999999993374433
 0.99999999998611211
 0.99999999999708888
 0.99999999999938982
 0.9999999999998721
 0.99999999999997324
 0.99999999999999434
 0.99999999999999878
 0.99999999999999978
 1
 1
 1
 1
 1
 1
 1
 1
 1
 1
 1
 1
 1
 1
 1
 1
 1
 0.99999999999999978
 0.99999999999999878
 0.99999999999999434
 0.99999999999997324
 0.9999999999998721
 0.99999999999938982
 0.99999999999708888
 0.99999999998611211
 0.99999999993374433
 0.99999999968391184
 0.99999999849202781
 0.99999999280586693
 0.99999996567871086
 0.99999983626228695
 0.99999921885105914
 0.99999627334682795
 0.99998222113205426
 0.99991518176475358
 0.99959535483067374
 0.99806954586377228
 0.99079031839603182
 0.95606306637659255
 0.79038861284890216
 0


