# Created by Octave 6.2.0, Mon May 31 20:05:24 2021 -03 <kuroneko@kuroneko-VirtualBox>
# name: xl
# type: matrix
# rows: 1
# columns: 49
 0 0.020833333333333332 0.041666666666666664 0.0625 0.083333333333333329 0.10416666666666666 0.12499999999999999 0.14583333333333331 0.16666666666666666 0.1875 0.20833333333333334 0.22916666666666669 0.25 0.27083333333333331 0.29166666666666663 0.31249999999999994 0.33333333333333326 0.35416666666666657 0.37499999999999989 0.3958333333333332 0.41666666666666652 0.43749999999999983 0.45833333333333315 0.47916666666666646 0.49999999999999978 0.52083333333333315 0.54166666666666652 0.56249999999999989 0.58333333333333326 0.60416666666666663 0.625 0.64583333333333337 0.66666666666666674 0.68750000000000011 0.70833333333333348 0.72916666666666685 0.75000000000000022 0.77083333333333359 0.79166666666666696 0.81250000000000033 0.8333333333333337 0.85416666666666707 0.87500000000000044 0.89583333333333381 0.91666666666666718 0.93750000000000056 0.95833333333333393 0.9791666666666673 1.0000000000000007


# name: h
# type: scalar
0.083333333333333329


# name: u
# type: matrix
# rows: 49
# columns: 1
 -0.031348469166420423
 1.2043498297993356
 1.3034998713353729
 1.1163040931383423
 1.0677357807113812
 1.0412812912922902
 1.0334833104277594
 1.0406984145180986
 1.0663017569555275
 1.113578907521338
 1.2961536403961491
 1.1993892483704969
 -0.0061998553359859836
 0.48040226414313991
 0.73062030527420263
 0.86005518039303452
 0.92784199533854006
 0.96273788388339177
 0.98068186835384008
 0.9899640822924034
 0.99482530472538599
 0.99732780725997883
 0.99861463125244665
 0.99928029029930066
 0.99962890504926227
 0.99980836799451989
 0.99990065050793364
 0.99994838717610257
 0.99997338752232512
 0.9999862574188686
 0.99999287531092829
 0.99999629866932571
 0.9999980915289538
 0.99999901447288853
 0.99999948906437386
 0.99999973456501179
 0.99999986313704781
 0.99999992932447124
 0.99999996335900365
 0.99999998096462284
 0.99999999018483443
 0.99999999493111646
 0.99999999737138501
 0.999999998633048
 0.99999999929251893
 0.99999999962950792
 0.99999999979804832
 0.99999999987603871
 0.99999999989904664


# name: x
# type: range
# base, limit, increment
0 1 0.020833333333333332


# name: exata
# type: matrix
# rows: 49
# columns: 1
 0
 0.48253213162575592
 0.73222700520017903
 0.86143607917265852
 0.92829762325571308
 0.9628963239484043
 0.98080003984402897
 0.99006463754385876
 0.99485876916566518
 0.99733957823425423
 0.9986233172100808
 0.99928761087229157
 0.99963136147995013
 0.99980924133994253
 0.99990128838581871
 0.99994891964669919
 0.9999735670468809
 0.99998632080747152
 0.99999291954689973
 0.99999633240100749
 0.99999809500058701
 0.99999900043614343
 0.99999945611293817
 0.99999966706502663
 0.99999972821135696
 0.99999966706502663
 0.99999945611293817
 0.99999900043614343
 0.99999809500058701
 0.99999633240100749
 0.99999291954689973
 0.99998632080747152
 0.9999735670468809
 0.99994891964669919
 0.99990128838581871
 0.99980924133994253
 0.99963136147995013
 0.99928761087229157
 0.9986233172100808
 0.99733957823425423
 0.99485876916566518
 0.99006463754385865
 0.98080003984402875
 0.96289632394840374
 0.92829762325571197
 0.8614360791726563
 0.7322270052001747
 0.48253213162574526
 -2.1316282072803006e-14


