# Created by Octave 6.2.0, Mon May 31 20:05:23 2021 -03 <kuroneko@kuroneko-VirtualBox>
# name: xl
# type: matrix
# rows: 1
# columns: 49
 0 0.03125 0.0625 0.09375 0.125 0.15625 0.1875 0.21875 0.25 0.28125 0.3125 0.34375 0.375 0.40625 0.4375 0.46875 0.5 0.53125 0.5625 0.59375 0.625 0.65625 0.6875 0.71875 0.75 0.78125 0.8125 0.84375 0.875 0.90625 0.9375 0.96875 1 0.68750000000000011 0.70833333333333348 0.72916666666666685 0.75000000000000022 0.77083333333333359 0.79166666666666696 0.81250000000000033 0.8333333333333337 0.85416666666666707 0.87500000000000044 0.89583333333333381 0.91666666666666718 0.93750000000000056 0.95833333333333393 0.9791666666666673 1.0000000000000007


# name: h
# type: scalar
0.125


# name: u
# type: matrix
# rows: 33
# columns: 1
 -0.29894736780109687
 1.4898693704335051
 1.7732027693431505
 1.5896915017897095
 1.5656378679719252
 1.5913695418237639
 1.7775383859329248
 1.4929130499612215
 -0.3094170784069073
 0.042398449840112221
 0.29924840644278533
 0.48712273949943147
 0.62484456628133545
 0.72564089840249302
 0.79922897611964283
 0.85305497738995484
 0.89251172492124831
 0.92138870371996551
 0.94246979088925031
 0.95788812668896262
 0.9691884698755423
 0.97745612077289534
 0.98348812204907765
 0.98789484399938898
 0.99111778418733743
 0.99346647284355361
 0.99516734251742678
 0.99639252927269018
 0.99726474390035325
 0.99786773495979586
 0.99825966128771171
 0.99848028447630655
 0.9985515670670988


# name: x
# type: range
# base, limit, increment
0 1 0.03125


# name: exata
# type: matrix
# rows: 33
# columns: 1
 0
 0.2683555333142309
 0.46467805682438379
 0.60829622386508686
 0.71334975571565107
 0.79018154764052528
 0.84635596385346412
 0.88740357618006294
 0.91736566859879498
 0.93919211607656294
 0.95503181029059925
 0.96644422568589206
 0.97455295530180519
 0.98015633251816658
 0.98380602982665877
 0.98586137295716147
 0.98652471777869544
 0.98586137295716147
 0.98380602982665877
 0.98015633251816658
 0.97455295530180519
 0.96644422568589206
 0.95503181029059925
 0.93919211607656294
 0.91736566859879498
 0.88740357618006294
 0.84635596385346412
 0.79018154764052528
 0.71334975571565096
 0.60829622386508686
 0.46467805682438379
 0.2683555333142309
 0


