# Created by Octave 6.2.0, Mon May 31 23:45:48 2021 -03 <kuroneko@kuroneko-VirtualBox>
# name: xl
# type: matrix
# rows: 33
# columns: 1
 0
 0.03125
 0.0625
 0.09375
 0.125
 0.15625
 0.1875
 0.21875
 0.25
 0.28125
 0.3125
 0.34375
 0.375
 0.40625
 0.4375
 0.46875
 0.5
 0.53125
 0.5625
 0.59375
 0.625
 0.65625
 0.6875
 0.71875
 0.75
 0.78125
 0.8125
 0.84375
 0.875
 0.90625
 0.9375
 0.96875
 1


# name: h
# type: scalar
0.125


# name: u
# type: matrix
# rows: 33
# columns: 1
 0
 0.26865620983077421
 0.46478495729730729
 0.60823199609410872
 0.71336924909974486
 0.79029424310366181
 0.84642292731652324
 0.88743487908366581
 0.91743898949162384
 0.93931685174026858
 0.95517765846196223
 0.96662656090144983
 0.97481029659164309
 0.98051468059154812
 0.98428986537455165
 0.98651868716424362
 0.98742330916089638
 0.98709004283529944
 0.98548753826963209
 0.98245655875472138
 0.97768944357628029
 0.97072636305105975
 0.96089876080585246
 0.94722238764148536
 0.92831309235498138
 0.90234785628347325
 0.86683299300207162
 0.8182103788030981
 0.75155994457672104
 0.66045625413834108
 0.53614958725427253
 0.3661856978317497
 0.13336637991011172


# name: x
# type: range
# base, limit, increment
0 1 0.03125


# name: exata
# type: matrix
# rows: 33
# columns: 1
 0
 0.2683555333142309
 0.46467805682438379
 0.60829622386508686
 0.71334975571565107
 0.79018154764052528
 0.84635596385346412
 0.88740357618006294
 0.91736566859879498
 0.93919211607656294
 0.95503181029059925
 0.96644422568589206
 0.97455295530180519
 0.98015633251816658
 0.98380602982665877
 0.98586137295716147
 0.98652471777869544
 0.98586137295716147
 0.98380602982665877
 0.98015633251816658
 0.97455295530180519
 0.96644422568589206
 0.95503181029059925
 0.93919211607656294
 0.91736566859879498
 0.88740357618006294
 0.84635596385346412
 0.79018154764052528
 0.71334975571565096
 0.60829622386508686
 0.46467805682438379
 0.2683555333142309
 0


