# Created by Octave 6.2.0, Wed Jun 02 15:14:01 2021 -03 <kuroneko@kuroneko-VirtualBox>
# name: xl
# type: matrix
# rows: 65
# columns: 1
 0
 0.015625
 0.03125
 0.046875
 0.0625
 0.078125
 0.09375
 0.109375
 0.125
 0.140625
 0.15625
 0.171875
 0.1875
 0.203125
 0.21875
 0.234375
 0.25
 0.265625
 0.28125
 0.296875
 0.3125
 0.328125
 0.34375
 0.359375
 0.375
 0.390625
 0.40625
 0.421875
 0.4375
 0.453125
 0.46875
 0.484375
 0.5
 0.515625
 0.53125
 0.546875
 0.5625
 0.578125
 0.59375
 0.609375
 0.625
 0.640625
 0.65625
 0.671875
 0.6875
 0.703125
 0.71875
 0.734375
 0.75
 0.765625
 0.78125
 0.796875
 0.8125
 0.828125
 0.84375
 0.859375
 0.875
 0.890625
 0.90625
 0.921875
 0.9375
 0.953125
 0.96875
 0.984375
 1


# name: h
# type: scalar
0.0625


# name: u
# type: matrix
# rows: 65
# columns: 1
 0
 0.39045668942724543
 0.6278797042222557
 0.77269281859932626
 0.8614345631582131
 0.91553836489636309
 0.94843698865756154
 0.96850308111139882
 0.98079961971192497
 0.98829653663396477
 0.99285514880594372
 0.99563561567090619
 0.99733949091108254
 0.99837830447501075
 0.99900997055493124
 0.99939524714908812
 0.99963134534697251
 0.99977528897093682
 0.9998628160061328
 0.99991620194191677
 0.99994891685404541
 0.9999688622391617
 0.99998099009220154
 0.99998838693301695
 0.99999291909464416
 0.99999568120451454
 0.99999735904400944
 0.99999837962649829
 0.99999900045060486
 0.99999937141200645
 0.99999958469316474
 0.99999969461655058
 0.9999997288473822
 0.99999969529674437
 0.99999958621957763
 0.99999937416451823
 0.99999900512092488
 0.99999838738209124
 0.99999737179775561
 0.99999570213044953
 0.99999295344658279
 0.99998844329809677
 0.99998108237433803
 0.99996901340469013
 0.99994916485502394
 0.99991660877247557
 0.99986348202186059
 0.99977637992374524
 0.99963313513457186
 0.99939818317424978
 0.99901477706645236
 0.99838617767357851
 0.99735240746428855
 0.99565680439858906
 0.99288983647207463
 0.98835335598806728
 0.98089283598240318
 0.96865599606758512
 0.94868732284575152
 0.9159484192028633
 0.86210728698175076
 0.77379637630949416
 0.62968631771763783
 0.393415972173701
 0


# name: x
# type: range
# base, limit, increment
0 1 0.015625


# name: exata
# type: matrix
# rows: 65
# columns: 1
 0
 0.38988382211580697
 0.62775824948396419
 0.77288928592619099
 0.86143607917265852
 0.91545991023203999
 0.94842072355256246
 0.96853064899548991
 0.98080003984402897
 0.98828579369312086
 0.99285297321947819
 0.99563948333477359
 0.99733957823425423
 0.9983768336335811
 0.99900967992874412
 0.9993957896840564
 0.99963136147995013
 0.99977508762358192
 0.99986277723605799
 0.99991627803327465
 0.99994891964669919
 0.99996883467808884
 0.99998098492320886
 0.99998839759470137
 0.99999291954689973
 0.99999567741640483
 0.99999735832165304
 0.99999838105729177
 0.99999900043614343
 0.99999937077538203
 0.99999958434439096
 0.99999969435352087
 0.99999972821135696
 0.99999969435352087
 0.99999958434439096
 0.99999937077538203
 0.99999900043614343
 0.99999838105729177
 0.99999735832165304
 0.99999567741640483
 0.99999291954689973
 0.99998839759470137
 0.99998098492320886
 0.99996883467808884
 0.99994891964669919
 0.99991627803327465
 0.99986277723605799
 0.99977508762358192
 0.99963136147995013
 0.9993957896840564
 0.99900967992874412
 0.9983768336335811
 0.99733957823425423
 0.99563948333477359
 0.99285297321947819
 0.98828579369312086
 0.98080003984402897
 0.96853064899548991
 0.94842072355256257
 0.91545991023203999
 0.86143607917265874
 0.77288928592619111
 0.62775824948396397
 0.38988382211580785
 0


