# Created by Octave 6.2.0, Sat Jun 19 19:45:49 2021 -03 <kuroneko@kuroneko-VirtualBox>
# name: xl
# type: matrix
# rows: 49
# columns: 1
 0
 0.020833333333333332
 0.041666666666666664
 0.0625
 0.083333333333333329
 0.10416666666666666
 0.12499999999999999
 0.14583333333333331
 0.16666666666666666
 0.1875
 0.20833333333333334
 0.22916666666666669
 0.25
 0.27083333333333331
 0.29166666666666663
 0.31249999999999994
 0.33333333333333326
 0.35416666666666657
 0.37499999999999989
 0.3958333333333332
 0.41666666666666652
 0.43749999999999983
 0.45833333333333315
 0.47916666666666646
 0.49999999999999978
 0.52083333333333315
 0.54166666666666652
 0.56249999999999989
 0.58333333333333326
 0.60416666666666663
 0.625
 0.64583333333333337
 0.66666666666666674
 0.68750000000000011
 0.70833333333333348
 0.72916666666666685
 0.75000000000000022
 0.77083333333333359
 0.79166666666666696
 0.81250000000000033
 0.8333333333333337
 0.85416666666666707
 0.87500000000000044
 0.89583333333333381
 0.91666666666666718
 0.93750000000000056
 0.95833333333333393
 0.9791666666666673
 1.0000000000000007


# name: h
# type: scalar
0.083333333333333329


# name: u
# type: matrix
# rows: 49
# columns: 1
 0
 0.89902804866714314
 0.97641710223551448
 0.98963473525578749
 0.99490667558985024
 0.9994857170955358
 0.99987988465115385
 0.99994720634406042
 0.99997405804645356
 0.99999738059032883
 0.99999938821356149
 0.99999973110478335
 0.99999986786921535
 0.99999998665849654
 0.99999999688397312
 0.99999999863042921
 0.99999999932701578
 0.99999999993204713
 0.9999999999841287
 0.99999999999302391
 0.99999999999657274
 0.9999999999996535
 0.99999999999991851
 0.99999999999996247
 0.99999999999996558
 0.99999999999996292
 0.99999999999991895
 0.99999999999965561
 0.99999999999659495
 0.99999999999306932
 0.99999999998423184
 0.99999999993248767
 0.99999999933137751
 0.99999999863930611
 0.99999999690416952
 0.99999998674496926
 0.9999998687256183
 0.99999973284762245
 0.99999939217884382
 0.999997397567984
 0.99997422618874487
 0.99994754852516377
 0.99988066317656299
 0.99948905041065716
 0.99493968787769405
 0.98970191752727765
 0.97656995435065463
 0.89968249649985599
 0


# name: x
# type: range
# base, limit, increment
0 1 0.020833333333333332


# name: exata
# type: matrix
# rows: 49
# columns: 1
 0
 0.87548552855587702
 0.9844961464009907
 0.99806954586377228
 0.99975963052358052
 0.99997007052169229
 0.99999627334682795
 0.99999953597775004
 0.99999994222251476
 0.99999999280586693
 0.99999999910422632
 0.99999999988846322
 0.99999999998611211
 0.99999999999827072
 0.99999999999978473
 0.99999999999997324
 0.99999999999999667
 0.99999999999999956
 1
 1
 1
 1
 1
 1
 1
 1
 1
 1
 1
 1
 1
 0.99999999999999956
 0.99999999999999667
 0.99999999999997324
 0.99999999999978473
 0.99999999999827072
 0.99999999998611211
 0.99999999988846322
 0.99999999910422632
 0.99999999280586693
 0.99999994222251476
 0.99999953597775004
 0.99999627334682795
 0.99997007052169229
 0.99975963052358052
 0.99806954586377217
 0.98449614640098992
 0.87548552855586936
 -7.0832228971084987e-14


