# Created by Octave 6.2.0, Wed Jun 02 15:14:00 2021 -03 <kuroneko@kuroneko-VirtualBox>
# name: xl
# type: matrix
# rows: 33
# columns: 1
 0
 0.03125
 0.0625
 0.09375
 0.125
 0.15625
 0.1875
 0.21875
 0.25
 0.28125
 0.3125
 0.34375
 0.375
 0.40625
 0.4375
 0.46875
 0.5
 0.53125
 0.5625
 0.59375
 0.625
 0.65625
 0.6875
 0.71875
 0.75
 0.78125
 0.8125
 0.84375
 0.875
 0.90625
 0.9375
 0.96875
 1


# name: h
# type: scalar
0.125


# name: u
# type: matrix
# rows: 33
# columns: 1
 0
 0.26865264051816884
 0.46477747532210689
 0.60821986499861624
 0.71335126279778749
 0.79026863125410285
 0.8463871870521894
 0.88738549245748322
 0.91737105794847562
 0.93922368896933961
 0.95505015486233691
 0.96645216617660423
 0.9745717157256848
 0.98018843074056694
 0.98384404382034063
 0.98590941128138354
 0.98659015684430917
 0.98595100924471724
 0.98393124126266829
 0.98032981058629631
 0.9747813341066105
 0.96675065524065829
 0.955466683860974
 0.93979925723480506
 0.91816275488107513
 0.8884712425605833
 0.8478731566627814
 0.79230108572699043
 0.71613176403479861
 0.61202208991964524
 0.46997322887924886
 0.2757533455104445
 0


# name: x
# type: range
# base, limit, increment
0 1 0.03125


# name: exata
# type: matrix
# rows: 33
# columns: 1
 0
 0.2683555333142309
 0.46467805682438379
 0.60829622386508686
 0.71334975571565107
 0.79018154764052528
 0.84635596385346412
 0.88740357618006294
 0.91736566859879498
 0.93919211607656294
 0.95503181029059925
 0.96644422568589206
 0.97455295530180519
 0.98015633251816658
 0.98380602982665877
 0.98586137295716147
 0.98652471777869544
 0.98586137295716147
 0.98380602982665877
 0.98015633251816658
 0.97455295530180519
 0.96644422568589206
 0.95503181029059925
 0.93919211607656294
 0.91736566859879498
 0.88740357618006294
 0.84635596385346412
 0.79018154764052528
 0.71334975571565096
 0.60829622386508686
 0.46467805682438379
 0.2683555333142309
 0


