# Created by Octave 6.2.0, Sat Jun 19 19:45:49 2021 -03 <kuroneko@kuroneko-VirtualBox>
# name: xl
# type: matrix
# rows: 33
# columns: 1
 0
 0.03125
 0.0625
 0.09375
 0.125
 0.15625
 0.1875
 0.21875
 0.25
 0.28125
 0.3125
 0.34375
 0.375
 0.40625
 0.4375
 0.46875
 0.5
 0.53125
 0.5625
 0.59375
 0.625
 0.65625
 0.6875
 0.71875
 0.75
 0.78125
 0.8125
 0.84375
 0.875
 0.90625
 0.9375
 0.96875
 1


# name: h
# type: scalar
0.125


# name: u
# type: matrix
# rows: 33
# columns: 1
 0
 0.63068976871573645
 0.8608298977184452
 0.94652133261423266
 0.980666645049593
 0.99285999420936955
 0.99730937500705197
 0.99896607792211933
 0.99962622133468848
 0.99986195959071789
 0.99994798081986191
 0.99998000983001312
 0.9999927709305807
 0.99999732381964723
 0.9999989750474404
 0.99999956244718069
 0.99999972193739373
 0.99999956570277804
 0.99999898463602654
 0.9999973496934943
 0.99999284116093501
 0.99998020415958599
 0.99994848655461743
 0.99986330164745763
 0.99962985529292425
 0.99897612994194784
 0.99733553386100937
 0.99292941093227971
 0.98085460822270243
 0.94704126410269807
 0.86218294037951293
 0.6342802848532213
 0


# name: x
# type: range
# base, limit, increment
0 1 0.03125


# name: exata
# type: matrix
# rows: 33
# columns: 1
 0
 0.62775824948396419
 0.86143607917265852
 0.94842072355256246
 0.98080003984402897
 0.99285297321947819
 0.99733957823425423
 0.99900967992874412
 0.99963136147995013
 0.99986277723605799
 0.99994891964669919
 0.99998098492320886
 0.99999291954689973
 0.99999735832165304
 0.99999900043614343
 0.99999958434439096
 0.99999972821135696
 0.99999958434439096
 0.99999900043614343
 0.99999735832165304
 0.99999291954689973
 0.99998098492320886
 0.99994891964669919
 0.99986277723605799
 0.99963136147995013
 0.99900967992874412
 0.99733957823425423
 0.99285297321947819
 0.98080003984402897
 0.94842072355256257
 0.86143607917265874
 0.62775824948396397
 0


