# Created by Octave 6.2.0, Mon May 31 20:05:24 2021 -03 <kuroneko@kuroneko-VirtualBox>
# name: xl
# type: matrix
# rows: 1
# columns: 65
 0 0.015625 0.03125 0.046875 0.0625 0.078125 0.09375 0.109375 0.125 0.140625 0.15625 0.171875 0.1875 0.203125 0.21875 0.234375 0.25 0.265625 0.28125 0.296875 0.3125 0.328125 0.34375 0.359375 0.375 0.390625 0.40625 0.421875 0.4375 0.453125 0.46875 0.484375 0.5 0.515625 0.53125 0.546875 0.5625 0.578125 0.59375 0.609375 0.625 0.640625 0.65625 0.671875 0.6875 0.703125 0.71875 0.734375 0.75 0.765625 0.78125 0.796875 0.8125 0.828125 0.84375 0.859375 0.875 0.890625 0.90625 0.921875 0.9375 0.953125 0.96875 0.984375 1


# name: h
# type: scalar
0.0625


# name: u
# type: matrix
# rows: 65
# columns: 1
 -0.04658419777007785
 1.267319311981925
 1.3982761096276133
 1.1943821624607498
 1.1231586253965609
 1.0774038875319516
 1.0510661033024138
 1.0374371844457904
 1.0330868169349319
 1.0370073378882783
 1.0501014918827956
 1.0756644475704811
 1.1202072324335293
 1.1896133091670076
 1.3884065060505133
 1.2606866748504404
 -0.020552904316289165
 0.37792880408842883
 0.62023155138902997
 0.76802099584967132
 0.85858664099339199
 0.91380243299190123
 0.9473772190195433
 0.96785572795181807
 0.98040499613400389
 0.98805599647283504
 0.99270830136562094
 0.99554591490168765
 0.99728480972939515
 0.99834497393362098
 0.99898962259341084
 0.99938281775262394
 0.99962376847404655
 0.9997706705901287
 0.9998599966132824
 0.99991447987228299
 0.999947867314254
 0.99996822287014164
 0.99998060036956171
 0.99998814986614593
 0.99999277621162685
 0.99999559678811967
 0.99999731188173369
 0.99999835798102543
 0.99999899903260692
 0.99999938986701897
 0.99999962751971228
 0.99999977247291327
 0.99999986130049789
 0.99999991545662681
 0.9999999483870573
 0.9999999684725297
 0.99999998078091079
 0.99999998828499292
 0.999999992847873
 0.99999999563079667
 0.9999999973359367
 0.9999999983751261
 0.99999999900637793
 0.99999999939034567
 0.99999999962390551
 0.99999999976345011
 0.99999999984365728
 0.99999999988495503
 0.99999999989773658


# name: x
# type: range
# base, limit, increment
0 1 0.015625


# name: exata
# type: matrix
# rows: 65
# columns: 1
 0
 0.38988382211580697
 0.62775824948396419
 0.77288928592619099
 0.86143607917265852
 0.91545991023203999
 0.94842072355256246
 0.96853064899548991
 0.98080003984402897
 0.98828579369312086
 0.99285297321947819
 0.99563948333477359
 0.99733957823425423
 0.9983768336335811
 0.99900967992874412
 0.9993957896840564
 0.99963136147995013
 0.99977508762358192
 0.99986277723605799
 0.99991627803327465
 0.99994891964669919
 0.99996883467808884
 0.99998098492320886
 0.99998839759470137
 0.99999291954689973
 0.99999567741640483
 0.99999735832165304
 0.99999838105729177
 0.99999900043614343
 0.99999937077538203
 0.99999958434439096
 0.99999969435352087
 0.99999972821135696
 0.99999969435352087
 0.99999958434439096
 0.99999937077538203
 0.99999900043614343
 0.99999838105729177
 0.99999735832165304
 0.99999567741640483
 0.99999291954689973
 0.99998839759470137
 0.99998098492320886
 0.99996883467808884
 0.99994891964669919
 0.99991627803327465
 0.99986277723605799
 0.99977508762358192
 0.99963136147995013
 0.9993957896840564
 0.99900967992874412
 0.9983768336335811
 0.99733957823425423
 0.99563948333477359
 0.99285297321947819
 0.98828579369312086
 0.98080003984402897
 0.96853064899548991
 0.94842072355256257
 0.91545991023203999
 0.86143607917265874
 0.77288928592619111
 0.62775824948396397
 0.38988382211580785
 0


