# Created by Octave 6.2.0, Mon May 31 23:45:49 2021 -03 <kuroneko@kuroneko-VirtualBox>
# name: xl
# type: matrix
# rows: 65
# columns: 1
 0
 0.015625
 0.03125
 0.046875
 0.0625
 0.078125
 0.09375
 0.109375
 0.125
 0.140625
 0.15625
 0.171875
 0.1875
 0.203125
 0.21875
 0.234375
 0.25
 0.265625
 0.28125
 0.296875
 0.3125
 0.328125
 0.34375
 0.359375
 0.375
 0.390625
 0.40625
 0.421875
 0.4375
 0.453125
 0.46875
 0.484375
 0.5
 0.515625
 0.53125
 0.546875
 0.5625
 0.578125
 0.59375
 0.609375
 0.625
 0.640625
 0.65625
 0.671875
 0.6875
 0.703125
 0.71875
 0.734375
 0.75
 0.765625
 0.78125
 0.796875
 0.8125
 0.828125
 0.84375
 0.859375
 0.875
 0.890625
 0.90625
 0.921875
 0.9375
 0.953125
 0.96875
 0.984375
 1


# name: h
# type: scalar
0.0625


# name: u
# type: matrix
# rows: 65
# columns: 1
 0
 0.39045668942724598
 0.62787970422225681
 0.77269281859932826
 0.86143456315821632
 0.91553836489636831
 0.94843698865756998
 0.96850308111141248
 0.98079961971194751
 0.98829653663400185
 0.99285514880600434
 0.99563561567100545
 0.99733949091124552
 0.99837830447527831
 0.99900997055536911
 0.99939524714980521
 0.99963134534814857
 0.99977528897286583
 0.9998628160092905
 0.99991620194708908
 0.99994891686253096
 0.99996886225308168
 0.99998099011499031
 0.99998838697034553
 0.9999929191558844
 0.99999568130497507
 0.99999735920847155
 0.9999983798958918
 0.99999900089256422
 0.99999937213701084
 0.99999958588005589
 0.99999969656071108
 0.99999973203691861
 0.99999970052896203
 0.99999959478514255
 0.99999938819515011
 0.99999902813919417
 0.99999842514199755
 0.99999743361378579
 0.9999958033868126
 0.99999311956498871
 0.99998871580405146
 0.99998152848869259
 0.99996974415231044
 0.99995036369948276
 0.99991857539532969
 0.99986670154301094
 0.99978165358821003
 0.99964178696352857
 0.99941237591162313
 0.99903801172888906
 0.99842423669165015
 0.99741484604315855
 0.99575923064352501
 0.9930575165441522
 0.98862802057210375
 0.98134344314890387
 0.96939518649826373
 0.94989743754606748
 0.91793062046673612
 0.86535923188786479
 0.77913097090629468
 0.63841948183055286
 0.40772113592198861
 0.028323576348530669


# name: x
# type: range
# base, limit, increment
0 1 0.015625


# name: exata
# type: matrix
# rows: 65
# columns: 1
 0
 0.38988382211580697
 0.62775824948396419
 0.77288928592619099
 0.86143607917265852
 0.91545991023203999
 0.94842072355256246
 0.96853064899548991
 0.98080003984402897
 0.98828579369312086
 0.99285297321947819
 0.99563948333477359
 0.99733957823425423
 0.9983768336335811
 0.99900967992874412
 0.9993957896840564
 0.99963136147995013
 0.99977508762358192
 0.99986277723605799
 0.99991627803327465
 0.99994891964669919
 0.99996883467808884
 0.99998098492320886
 0.99998839759470137
 0.99999291954689973
 0.99999567741640483
 0.99999735832165304
 0.99999838105729177
 0.99999900043614343
 0.99999937077538203
 0.99999958434439096
 0.99999969435352087
 0.99999972821135696
 0.99999969435352087
 0.99999958434439096
 0.99999937077538203
 0.99999900043614343
 0.99999838105729177
 0.99999735832165304
 0.99999567741640483
 0.99999291954689973
 0.99998839759470137
 0.99998098492320886
 0.99996883467808884
 0.99994891964669919
 0.99991627803327465
 0.99986277723605799
 0.99977508762358192
 0.99963136147995013
 0.9993957896840564
 0.99900967992874412
 0.9983768336335811
 0.99733957823425423
 0.99563948333477359
 0.99285297321947819
 0.98828579369312086
 0.98080003984402897
 0.96853064899548991
 0.94842072355256257
 0.91545991023203999
 0.86143607917265874
 0.77288928592619111
 0.62775824948396397
 0.38988382211580785
 0


