# Created by Octave 6.2.0, Mon May 31 18:32:01 2021 -03 <kuroneko@kuroneko-VirtualBox>
# name: xl
# type: matrix
# rows: 1
# columns: 33
 0 0.03125 0.0625 0.09375 0.125 0.15625 0.1875 0.21875 0.25 0.28125 0.3125 0.34375 0.375 0.40625 0.4375 0.46875 0.5 0.53125 0.5625 0.59375 0.625 0.65625 0.6875 0.71875 0.75 0.78125 0.8125 0.84375 0.875 0.90625 0.9375 0.96875 1


# name: h
# type: scalar
0.0625


# name: u
# type: matrix
# rows: 33
# columns: 1
 -0.061777696957288727
 1.0944106508351179
 1.1981131585918541
 1.1475647535182782
 1.111539610007217
 1.0864959284396696
 1.0699651401130292
 1.0603226627951339
 1.0566171168177751
 1.0584857226026969
 1.0661104688397252
 1.0802440203127079
 1.1022751548334264
 1.1343756335135657
 1.179701306060237
 1.0856364987649301
 0.040107638833177639
 0.29767553072867475
 0.48612094096246311
 0.62397317331061886
 0.72481700203713473
 0.79856810899928699
 0.85249437317014942
 0.89189819614383248
 0.92066268461960465
 0.94161613888525231
 0.95682347786400024
 0.96777993830140252
 0.97556531369002253
 0.98094500935825124
 0.98444932078625191
 0.98642261384355423
 0.98705962621198029


# name: x
# type: range
# base, limit, increment
0 1 0.03125


# name: exata
# type: matrix
# rows: 33
# columns: 1
 0
 0.62775824948396419
 0.86143607917265852
 0.94842072355256246
 0.98080003984402897
 0.99285297321947819
 0.99733957823425423
 0.99900967992874412
 0.99963136147995013
 0.99986277723605799
 0.99994891964669919
 0.99998098492320886
 0.99999291954689973
 0.99999735832165304
 0.99999900043614343
 0.99999958434439096
 0.99999972821135696
 0.99999958434439096
 0.99999900043614343
 0.99999735832165304
 0.99999291954689973
 0.99998098492320886
 0.99994891964669919
 0.99986277723605799
 0.99963136147995013
 0.99900967992874412
 0.99733957823425423
 0.99285297321947819
 0.98080003984402897
 0.94842072355256257
 0.86143607917265874
 0.62775824948396397
 0


