# Created by Octave 6.2.0, Mon May 31 18:32:01 2021 -03 <kuroneko@kuroneko-VirtualBox>
# name: xl
# type: matrix
# rows: 1
# columns: 49
 0 0.020833333333333332 0.041666666666666664 0.0625 0.083333333333333329 0.10416666666666666 0.12499999999999999 0.14583333333333331 0.16666666666666666 0.1875 0.20833333333333334 0.22916666666666669 0.25 0.27083333333333331 0.29166666666666663 0.31249999999999994 0.33333333333333326 0.35416666666666657 0.37499999999999989 0.3958333333333332 0.41666666666666652 0.43749999999999983 0.45833333333333315 0.47916666666666646 0.49999999999999978 0.52083333333333315 0.54166666666666652 0.56249999999999989 0.58333333333333326 0.60416666666666663 0.625 0.64583333333333337 0.66666666666666674 0.68750000000000011 0.70833333333333348 0.72916666666666685 0.75000000000000022 0.77083333333333359 0.79166666666666696 0.81250000000000033 0.8333333333333337 0.85416666666666707 0.87500000000000044 0.89583333333333381 0.91666666666666718 0.93750000000000056 0.95833333333333393 0.9791666666666673 1.0000000000000007


# name: h
# type: scalar
0.0625


# name: u
# type: matrix
# rows: 49
# columns: 1
 -0.10269275607027487
 2.2441739969215106
 2.250701942486073
 0.49837676816249527
 1.002862647354865
 1.053529549409119
 0.99468669755206285
 0.99995291913195228
 1.0005636752916949
 1.0006693871230874
 0.99269842937804498
 0.99961542159745109
 1.0684250970799665
 0.31163344144847455
 0.96317713727467125
 7.4506508215471161
 -0.54080130901670154
 -1.0649574687089096
 1.6636684669282407
 0.9962115116896878
 0.92917812588909454
 1.0070399061804107
 0.99995981336525896
 0.99924875239052913
 1.000074676260059
 0.99999957371767378
 0.9999920310924022
 1.000000792133259
 0.99999999547818386
 0.99999991546929834
 1.0000000084026037
 0.99999999995203559
 0.99999999910333637
 1.0000000000891318
 0.99999999999949263
 0.99999999999048994
 1.0000000000009444
 0.999999999999996
 0.99999999999990041
 1.000000000000008
 1.0000000000000013
 1.0000000000000002
 0.99999999999999833
 1.0000000000000013
 1.0000000000000013
 0.99999999999999833
 1.0000000000000013
 1.0000000000000013
 0.99999999999999867


# name: x
# type: range
# base, limit, increment
0 1 0.020833333333333332


# name: exata
# type: matrix
# rows: 49
# columns: 1
 0
 0.48253213162575592
 0.73222700520017903
 0.86143607917265852
 0.92829762325571308
 0.9628963239484043
 0.98080003984402897
 0.99006463754385876
 0.99485876916566518
 0.99733957823425423
 0.9986233172100808
 0.99928761087229157
 0.99963136147995013
 0.99980924133994253
 0.99990128838581871
 0.99994891964669919
 0.9999735670468809
 0.99998632080747152
 0.99999291954689973
 0.99999633240100749
 0.99999809500058701
 0.99999900043614343
 0.99999945611293817
 0.99999966706502663
 0.99999972821135696
 0.99999966706502663
 0.99999945611293817
 0.99999900043614343
 0.99999809500058701
 0.99999633240100749
 0.99999291954689973
 0.99998632080747152
 0.9999735670468809
 0.99994891964669919
 0.99990128838581871
 0.99980924133994253
 0.99963136147995013
 0.99928761087229157
 0.9986233172100808
 0.99733957823425423
 0.99485876916566518
 0.99006463754385865
 0.98080003984402875
 0.96289632394840374
 0.92829762325571197
 0.8614360791726563
 0.7322270052001747
 0.48253213162574526
 -2.1316282072803006e-14


