# Created by Octave 6.2.0, Mon May 31 18:32:00 2021 -03 <kuroneko@kuroneko-VirtualBox>
# name: xl
# type: matrix
# rows: 1
# columns: 13
 0 0.083333333333333329 0.16666666666666666 0.25 0.33333333333333331 0.41666666666666663 0.49999999999999994 0.58333333333333326 0.66666666666666663 0.75 0.83333333333333337 0.91666666666666674 1


# name: h
# type: scalar
0.083333333333333329


# name: u
# type: matrix
# rows: 13
# columns: 1
 0
 0.99999999999999978
 0.99999999999999978
 1
 1
 1
 1
 1
 1
 1
 0.99999999999999978
 1
 0


# name: x
# type: range
# base, limit, increment
0 1 0.083333333333333329


# name: exata
# type: matrix
# rows: 13
# columns: 1
 0
 0.92829762325571308
 0.99485876916566518
 0.99963136147995013
 0.9999735670468809
 0.99999809500058701
 0.99999972821135696
 0.99999809500058701
 0.9999735670468809
 0.99963136147995013
 0.99485876916566518
 0.92829762325571297
 0


