# Created by Octave 6.2.0, Mon May 31 18:32:02 2021 -03 <kuroneko@kuroneko-VirtualBox>
# name: xl
# type: matrix
# rows: 1
# columns: 65
 0 0.015625 0.03125 0.046875 0.0625 0.078125 0.09375 0.109375 0.125 0.140625 0.15625 0.171875 0.1875 0.203125 0.21875 0.234375 0.25 0.265625 0.28125 0.296875 0.3125 0.328125 0.34375 0.359375 0.375 0.390625 0.40625 0.421875 0.4375 0.453125 0.46875 0.484375 0.5 0.515625 0.53125 0.546875 0.5625 0.578125 0.59375 0.609375 0.625 0.640625 0.65625 0.671875 0.6875 0.703125 0.71875 0.734375 0.75 0.765625 0.78125 0.796875 0.8125 0.828125 0.84375 0.859375 0.875 0.890625 0.90625 0.921875 0.9375 0.953125 0.96875 0.984375 1


# name: h
# type: scalar
0.0625


# name: u
# type: matrix
# rows: 65
# columns: 1
 -1.0821087384570383
 2.3805656536230897
 3.3834906354076466
 3.5712987002154741
 3.9826118845215648
 4.4651784911637185
 5.0316033793594936
 5.6966492548926322
 6.477964645672154
 7.3931711689788377
 8.4630489765926686
 9.7154877132866755
 11.183719075080539
 12.882352967012556
 16.664995312727978
 11.016430141607348
 -22.396091867355015
 -19.008355569712318
 -16.116050664268695
 -13.642438188856389
 -11.523030852183121
 -9.7097085109279995
 -8.1615716643883136
 -6.8375449690926038
 -5.7031109355356042
 -4.7325127739978043
 -3.9038586352095535
 -3.1951625713756031
 -2.5879488172303624
 -2.0684308701341836
 -1.6248909994920873
 -1.2455611509340563
 -0.92055216734508694
 -0.6424848712981267
 -0.40508745473969227
 -0.20206125455417945
 -0.028113369374672747
 0.12070560893964649
 0.24775228960585075
 0.35639750441825768
 0.44947362618053521
 0.5290939108857059
 0.59705418704105506
 0.65515761216762636
 0.70491891513093596
 0.74746791513210908
 0.78376429084619803
 0.81477111371302058
 0.84129667362891547
 0.86394324390575794
 0.88322159125326594
 0.89964330790410219
 0.91363639609359815
 0.92551860524606255
 0.93555788847639643
 0.94402079028560748
 0.95112772750445929
 0.95704014005277116
 0.96189128863258422
 0.96581022280845896
 0.96889871392532867
 0.97122703467145999
 0.97284752507374328
 0.97380381227102231
 0.97412008765771674


# name: x
# type: range
# base, limit, increment
0 1 0.015625


# name: exata
# type: matrix
# rows: 65
# columns: 1
 0
 0.38988382211580697
 0.62775824948396419
 0.77288928592619099
 0.86143607917265852
 0.91545991023203999
 0.94842072355256246
 0.96853064899548991
 0.98080003984402897
 0.98828579369312086
 0.99285297321947819
 0.99563948333477359
 0.99733957823425423
 0.9983768336335811
 0.99900967992874412
 0.9993957896840564
 0.99963136147995013
 0.99977508762358192
 0.99986277723605799
 0.99991627803327465
 0.99994891964669919
 0.99996883467808884
 0.99998098492320886
 0.99998839759470137
 0.99999291954689973
 0.99999567741640483
 0.99999735832165304
 0.99999838105729177
 0.99999900043614343
 0.99999937077538203
 0.99999958434439096
 0.99999969435352087
 0.99999972821135696
 0.99999969435352087
 0.99999958434439096
 0.99999937077538203
 0.99999900043614343
 0.99999838105729177
 0.99999735832165304
 0.99999567741640483
 0.99999291954689973
 0.99998839759470137
 0.99998098492320886
 0.99996883467808884
 0.99994891964669919
 0.99991627803327465
 0.99986277723605799
 0.99977508762358192
 0.99963136147995013
 0.9993957896840564
 0.99900967992874412
 0.9983768336335811
 0.99733957823425423
 0.99563948333477359
 0.99285297321947819
 0.98828579369312086
 0.98080003984402897
 0.96853064899548991
 0.94842072355256257
 0.91545991023203999
 0.86143607917265874
 0.77288928592619111
 0.62775824948396397
 0.38988382211580785
 0


