# Created by Octave 6.2.0, Mon May 31 18:32:00 2021 -03 <kuroneko@kuroneko-VirtualBox>
# name: xl
# type: matrix
# rows: 1
# columns: 9
 0 0.125 0.25 0.375 0.5 0.625 0.75 0.875 1


# name: h
# type: scalar
0.125


# name: u
# type: matrix
# rows: 9
# columns: 1
 0
 0.99999999999999989
 0.99999999999999989
 0.99999999999999989
 1
 0.99999999999999956
 0.99999999999999967
 0.99999999999999978
 0


# name: x
# type: range
# base, limit, increment
0 1 0.125


# name: exata
# type: matrix
# rows: 9
# columns: 1
 0
 0.71334975571565107
 0.91736566859879498
 0.97455295530180519
 0.98652471777869544
 0.97455295530180519
 0.91736566859879498
 0.71334975571565096
 0


