# Created by Octave 6.2.0, Mon May 31 18:32:01 2021 -03 <kuroneko@kuroneko-VirtualBox>
# name: xl
# type: matrix
# rows: 1
# columns: 49
 0 0.020833333333333332 0.041666666666666664 0.0625 0.083333333333333329 0.10416666666666666 0.12499999999999999 0.14583333333333331 0.16666666666666666 0.1875 0.20833333333333334 0.22916666666666669 0.25 0.27083333333333331 0.29166666666666663 0.31249999999999994 0.33333333333333326 0.35416666666666657 0.37499999999999989 0.3958333333333332 0.41666666666666652 0.43749999999999983 0.45833333333333315 0.47916666666666646 0.49999999999999978 0.52083333333333315 0.54166666666666652 0.56249999999999989 0.58333333333333326 0.60416666666666663 0.625 0.64583333333333337 0.66666666666666674 0.68750000000000011 0.70833333333333348 0.72916666666666685 0.75000000000000022 0.77083333333333359 0.79166666666666696 0.81250000000000033 0.8333333333333337 0.85416666666666707 0.87500000000000044 0.89583333333333381 0.91666666666666718 0.93750000000000056 0.95833333333333393 0.9791666666666673 1.0000000000000007


# name: h
# type: scalar
0.083333333333333329


# name: u
# type: matrix
# rows: 49
# columns: 1
 -0.52041458591129941
 1.6569877291311157
 2.0431817845708165
 1.8375881732166999
 1.7856432655932251
 1.7661076670715694
 1.7799640883677268
 1.8277924497985265
 1.9118191702084799
 2.0330667700945222
 2.3610181308445086
 1.8682930564204419
 -1.0995730871317444
 -0.70431442815665168
 -0.38399918123744453
 -0.12396509089018766
 0.087528486145871304
 0.25930684051482328
 0.39851487231684002
 0.51152475339079795
 0.60343892483806683
 0.67809281893745443
 0.73859156847822638
 0.78770447126170196
 0.8276489937881929
 0.86009195765266055
 0.88638278604729304
 0.90772492866493759
 0.92508199008469616
 0.93917825333115579
 0.95060003381729041
 0.95987016050443419
 0.96740717938397425
 0.97352559931717919
 0.97847990683395414
 0.98249689002050289
 0.9857579082026019
 0.98839904089962904
 0.99053013965998693
 0.99224877131659883
 0.99363251189596624
 0.99473910825324785
 0.99561458099611388
 0.99629904341672559
 0.99682335121956789
 0.99720939573228595
 0.99747321822529955
 0.99762698478052769
 0.9976775274619093


# name: x
# type: range
# base, limit, increment
0 1 0.020833333333333332


# name: exata
# type: matrix
# rows: 49
# columns: 1
 0
 0.48253213162575592
 0.73222700520017903
 0.86143607917265852
 0.92829762325571308
 0.9628963239484043
 0.98080003984402897
 0.99006463754385876
 0.99485876916566518
 0.99733957823425423
 0.9986233172100808
 0.99928761087229157
 0.99963136147995013
 0.99980924133994253
 0.99990128838581871
 0.99994891964669919
 0.9999735670468809
 0.99998632080747152
 0.99999291954689973
 0.99999633240100749
 0.99999809500058701
 0.99999900043614343
 0.99999945611293817
 0.99999966706502663
 0.99999972821135696
 0.99999966706502663
 0.99999945611293817
 0.99999900043614343
 0.99999809500058701
 0.99999633240100749
 0.99999291954689973
 0.99998632080747152
 0.9999735670468809
 0.99994891964669919
 0.99990128838581871
 0.99980924133994253
 0.99963136147995013
 0.99928761087229157
 0.9986233172100808
 0.99733957823425423
 0.99485876916566518
 0.99006463754385865
 0.98080003984402875
 0.96289632394840374
 0.92829762325571197
 0.8614360791726563
 0.7322270052001747
 0.48253213162574526
 -2.1316282072803006e-14


