# Created by Octave 6.2.0, Mon May 31 18:32:00 2021 -03 <kuroneko@kuroneko-VirtualBox>
# name: xl
# type: matrix
# rows: 1
# columns: 17
 0 0.125 0.25 0.375 0.5 0.625 0.75 0.875 1 0.5625 0.625 0.6875 0.75 0.8125 0.875 0.9375 1


# name: h
# type: scalar
0.25


# name: u
# type: matrix
# rows: 9
# columns: 1
 -0.0053187678651974496
 1.0124325504340694
 1.0478354181230367
 1.0124325504340694
 0.056107476022314647
 0.7325487674460045
 0.91484851530164402
 0.97393883668789805
 0.98487868464673511


# name: x
# type: range
# base, limit, increment
0 1 0.125


# name: exata
# type: matrix
# rows: 9
# columns: 1
 0
 0.71334975571565107
 0.91736566859879498
 0.97455295530180519
 0.98652471777869544
 0.97455295530180519
 0.91736566859879498
 0.71334975571565096
 0


