# Created by Octave 6.2.0, Mon May 31 18:32:00 2021 -03 <kuroneko@kuroneko-VirtualBox>
# name: xl
# type: matrix
# rows: 1
# columns: 25
 0 0.041666666666666664 0.083333333333333329 0.125 0.16666666666666666 0.20833333333333331 0.24999999999999997 0.29166666666666663 0.33333333333333331 0.375 0.41666666666666669 0.45833333333333337 0.5 0.54166666666666663 0.58333333333333326 0.62499999999999989 0.66666666666666652 0.70833333333333315 0.74999999999999978 0.79166666666666641 0.83333333333333304 0.87499999999999967 0.9166666666666663 0.95833333333333293 0.99999999999999956


# name: h
# type: scalar
0.083333333333333329


# name: u
# type: matrix
# rows: 25
# columns: 1
 -0.043542425946035794
 1.0746616464253453
 1.1624875183162084
 1.1114828495206488
 1.0801346634962758
 1.0628691212199166
 1.0566885646917021
 1.0604702994655113
 1.0749140634637542
 1.1025230174240812
 1.1482086704848673
 1.0681006360831833
 0.053378050783029041
 0.37591497125176598
 0.58841418934662493
 0.72858245738466554
 0.82089480612071608
 0.88173170429924153
 0.92171572038141469
 0.94794227405171094
 0.96499009038608974
 0.97588536220063327
 0.98252877855512377
 0.98610185085728919
 0.98722442310182534


# name: x
# type: range
# base, limit, increment
0 1 0.041666666666666664


# name: exata
# type: matrix
# rows: 25
# columns: 1
 0
 0.73222700520017903
 0.92829762325571308
 0.98080003984402897
 0.99485876916566518
 0.9986233172100808
 0.99963136147995013
 0.99990128838581871
 0.9999735670468809
 0.99999291954689973
 0.99999809500058701
 0.99999945611293817
 0.99999972821135696
 0.99999945611293817
 0.99999809500058701
 0.99999291954689973
 0.9999735670468809
 0.99990128838581871
 0.99963136147995013
 0.9986233172100808
 0.99485876916566529
 0.98080003984402919
 0.92829762325571408
 0.73222700520018313
 1.4321877017664519e-14


