# Created by Octave 6.2.0, Wed Jun 02 15:22:28 2021 -03 <kuroneko@kuroneko-VirtualBox>
# name: erro
# type: matrix
# rows: 4
# columns: 1
 2.3138988477748526
 3.2320371107438053
 3.9009903328701423
 4.2923985996013974


# name: hh
# type: matrix
# rows: 4
# columns: 1
 0.25
 0.125
 0.083333333333333329
 0.0625


