# Created by Octave 6.2.0, Sat Jun 19 19:54:24 2021 -03 <kuroneko@kuroneko-VirtualBox>
# name: erro
# type: matrix
# rows: 4
# columns: 1
 2.6323845028983612
 3.2317527854165711
 4.4901062048162395
 5.1841776026017747


# name: hh
# type: matrix
# rows: 4
# columns: 1
 0.25
 0.125
 0.083333333333333329
 0.0625


