# Created by Octave 6.2.0, Tue Jun 01 00:37:54 2021 -03 <kuroneko@kuroneko-VirtualBox>
# name: erro
# type: matrix
# rows: 4
# columns: 1
 2.4546781591277891
 3.5157252292848646
 3.9642286911678233
 4.3611838616522407


# name: hh
# type: matrix
# rows: 4
# columns: 1
 0.25
 0.125
 0.083333333333333329
 0.0625


