# Created by Octave 6.2.0, Tue Jun 01 00:37:54 2021 -03 <kuroneko@kuroneko-VirtualBox>
# name: xl
# type: matrix
# rows: 13
# columns: 1
 0
 0.083333333333333329
 0.16666666666666666
 0.25
 0.33333333333333331
 0.41666666666666663
 0.49999999999999994
 0.58333333333333326
 0.66666666666666663
 0.75
 0.83333333333333337
 0.91666666666666674
 1


# name: h
# type: scalar
0.083333333333333329


# name: u
# type: matrix
# rows: 13
# columns: 1
 0
 1.2680653413596052
 0.9281392930335105
 1.0192700813457336
 0.99480918322313505
 1.0014854274118132
 0.99925132729382249
 1.001508144424291
 0.99471834912674928
 1.0196105649554417
 0.92686870158804502
 1.272805324467805
 -0.017682256466895422


# name: x
# type: range
# base, limit, increment
0 1 0.083333333333333329


# name: exata
# type: matrix
# rows: 13
# columns: 1
 0
 0.92829762325571308
 0.99485876916566518
 0.99963136147995013
 0.9999735670468809
 0.99999809500058701
 0.99999972821135696
 0.99999809500058701
 0.9999735670468809
 0.99963136147995013
 0.99485876916566518
 0.92829762325571297
 0


