# Created by Octave 6.2.0, Tue Jun 01 00:37:54 2021 -03 <kuroneko@kuroneko-VirtualBox>
# name: xl
# type: matrix
# rows: 17
# columns: 1
 0
 0.0625
 0.125
 0.1875
 0.25
 0.3125
 0.375
 0.4375
 0.5
 0.5625
 0.625
 0.6875
 0.75
 0.8125
 0.875
 0.9375
 1


# name: h
# type: scalar
0.0625


# name: u
# type: matrix
# rows: 17
# columns: 1
 0
 1.2683524738768606
 0.92798694100055423
 1.0193249175427832
 0.99481397948040362
 1.0013921701029129
 0.99962458667436038
 1.0001075290867154
 0.99994585669246916
 1.0001087623150064
 0.99961966018043513
 1.0014106172067865
 0.99474521358026491
 1.019581176097097
 0.92703200656830664
 1.2719109823976111
 -0.013260576793319776


# name: x
# type: range
# base, limit, increment
0 1 0.0625


# name: exata
# type: matrix
# rows: 17
# columns: 1
 0
 0.86143607917265852
 0.98080003984402897
 0.99733957823425423
 0.99963136147995013
 0.99994891964669919
 0.99999291954689973
 0.99999900043614343
 0.99999972821135696
 0.99999900043614343
 0.99999291954689973
 0.99994891964669919
 0.99963136147995013
 0.99733957823425423
 0.98080003984402897
 0.86143607917265874
 0


