# Created by Octave 6.2.0, Sat Jun 19 19:54:24 2021 -03 <kuroneko@kuroneko-VirtualBox>
# name: xl
# type: matrix
# rows: 9
# columns: 1
 0
 0.125
 0.25
 0.375
 0.5
 0.625
 0.75
 0.875
 1


# name: h
# type: scalar
0.125


# name: u
# type: matrix
# rows: 9
# columns: 1
 0
 1.1314268132148875
 0.9827223269414479
 1.0023068642207242
 0.99942194477057056
 1.0021674334078114
 0.98380155765124655
 1.1232127179983591
 0


# name: x
# type: range
# base, limit, increment
0 1 0.125


# name: exata
# type: matrix
# rows: 9
# columns: 1
 0
 0.98080003984402897
 0.99963136147995013
 0.99999291954689973
 0.99999972821135696
 0.99999291954689973
 0.99963136147995013
 0.98080003984402897
 0


