# Created by Octave 6.2.0, Wed Jun 02 15:34:23 2021 -03 <kuroneko@kuroneko-VirtualBox>
# name: xl
# type: matrix
# rows: 9
# columns: 1
 0
 0.125
 0.25
 0.375
 0.5
 0.625
 0.75
 0.875
 1


# name: h
# type: scalar
0.125


# name: u
# type: matrix
# rows: 9
# columns: 1
 0
 1.2914113945195387
 0.91460010415657222
 1.0266716996790335
 0.98605765803793433
 1.0252583785472817
 0.91986420376985567
 1.2732178873685887
 0


# name: x
# type: range
# base, limit, increment
0 1 0.125


# name: exata
# type: matrix
# rows: 9
# columns: 1
 0
 0.71334975571565107
 0.91736566859879498
 0.97455295530180519
 0.98652471777869544
 0.97455295530180519
 0.91736566859879498
 0.71334975571565096
 0


