# Created by Octave 6.2.0, Tue Jun 01 00:37:54 2021 -03 <kuroneko@kuroneko-VirtualBox>
# name: xl
# type: matrix
# rows: 9
# columns: 1
 0
 0.125
 0.25
 0.375
 0.5
 0.625
 0.75
 0.875
 1


# name: h
# type: scalar
0.125


# name: u
# type: matrix
# rows: 9
# columns: 1
 0
 1.2914261828700953
 0.91454502300856033
 1.0268620682764871
 0.98540368641816189
 1.0275038128776988
 0.91215476121230565
 1.2996872813062013
 -0.028379281024420284


# name: x
# type: range
# base, limit, increment
0 1 0.125


# name: exata
# type: matrix
# rows: 9
# columns: 1
 0
 0.71334975571565107
 0.91736566859879498
 0.97455295530180519
 0.98652471777869544
 0.97455295530180519
 0.91736566859879498
 0.71334975571565096
 0


