# Created by Octave 6.2.0, Sat Jun 19 19:54:24 2021 -03 <kuroneko@kuroneko-VirtualBox>
# name: xl
# type: matrix
# rows: 17
# columns: 1
 0
 0.0625
 0.125
 0.1875
 0.25
 0.3125
 0.375
 0.4375
 0.5
 0.5625
 0.625
 0.6875
 0.75
 0.8125
 0.875
 0.9375
 1


# name: h
# type: scalar
0.0625


# name: u
# type: matrix
# rows: 17
# columns: 1
 0
 1.2047459746177478
 0.95807908567551303
 1.0085831394897879
 0.99824263170295724
 1.0003598386873305
 0.9999262043153706
 1.0000156962522253
 0.9999939198604475
 1.0000152446469719
 0.99992850246535891
 1.0003485953591844
 0.99829754912833457
 1.008314916449093
 0.95938911423418016
 1.1983476629136887
 0


# name: x
# type: range
# base, limit, increment
0 1 0.0625


# name: exata
# type: matrix
# rows: 17
# columns: 1
 0
 0.99806954586377228
 0.99999627334682795
 0.99999999280586693
 0.99999999998611211
 0.99999999999997324
 1
 1
 1
 1
 1
 0.99999999999997324
 0.99999999998611211
 0.99999999280586693
 0.99999627334682795
 0.99806954586377228
 0


