# Created by Octave 6.2.0, Wed Jun 02 15:34:23 2021 -03 <kuroneko@kuroneko-VirtualBox>
# name: xl
# type: matrix
# rows: 13
# columns: 1
 0
 0.083333333333333329
 0.16666666666666666
 0.25
 0.33333333333333331
 0.41666666666666663
 0.49999999999999994
 0.58333333333333326
 0.66666666666666663
 0.75
 0.83333333333333337
 0.91666666666666674
 1


# name: h
# type: scalar
0.083333333333333329


# name: u
# type: matrix
# rows: 13
# columns: 1
 0
 1.2680653130674782
 0.92813940615973256
 1.0192696573020541
 0.99481076563784243
 1.0014795241617873
 0.99927334905604437
 1.0014259935398135
 0.99502480811726968
 1.0184673379206048
 0.9311334420355738
 1.2568959639210775
 0


# name: x
# type: range
# base, limit, increment
0 1 0.083333333333333329


# name: exata
# type: matrix
# rows: 13
# columns: 1
 0
 0.92829762325571308
 0.99485876916566518
 0.99963136147995013
 0.9999735670468809
 0.99999809500058701
 0.99999972821135696
 0.99999809500058701
 0.9999735670468809
 0.99963136147995013
 0.99485876916566518
 0.92829762325571297
 0


