# Created by Octave 6.2.0, Sat Jun 19 19:54:24 2021 -03 <kuroneko@kuroneko-VirtualBox>
# name: xl
# type: matrix
# rows: 13
# columns: 1
 0
 0.083333333333333329
 0.16666666666666666
 0.25
 0.33333333333333331
 0.41666666666666663
 0.49999999999999994
 0.58333333333333326
 0.66666666666666663
 0.75
 0.83333333333333337
 0.91666666666666674
 1


# name: h
# type: scalar
0.083333333333333329


# name: u
# type: matrix
# rows: 13
# columns: 1
 0
 1.2305825604025025
 0.94683131781115437
 1.0122614381063129
 0.99716547626718399
 1.0006850380673926
 0.99970566334794653
 1.0006593226831424
 0.99728292937073049
 1.0117506951822455
 0.94904664499826985
 1.2209749612880452
 0


# name: x
# type: range
# base, limit, increment
0 1 0.083333333333333329


# name: exata
# type: matrix
# rows: 13
# columns: 1
 0
 0.99975963052358052
 0.99999994222251476
 0.99999999998611211
 0.99999999999999667
 1
 1
 1
 0.99999999999999667
 0.99999999998611211
 0.99999994222251476
 0.99975963052358052
 0


