# Created by Octave 6.2.0, Tue Jun 01 00:37:54 2021 -03 <kuroneko@kuroneko-VirtualBox>
# name: xl
# type: matrix
# rows: 5
# columns: 1
 0
 0.25
 0.5
 0.75
 1


# name: h
# type: scalar
0.25


# name: u
# type: matrix
# rows: 5
# columns: 1
 0
 1.2884622016675507
 0.85164454917418297
 1.3021343812840394
 -0.054428351085523949


# name: x
# type: range
# base, limit, increment
0 1 0.25


# name: exata
# type: matrix
# rows: 5
# columns: 1
 0
 0.91736566859879498
 0.98652471777869544
 0.91736566859879498
 0


