# Created by Octave 6.2.0, Wed Jun 02 15:34:24 2021 -03 <kuroneko@kuroneko-VirtualBox>
# name: xl
# type: matrix
# rows: 17
# columns: 1
 0
 0.0625
 0.125
 0.1875
 0.25
 0.3125
 0.375
 0.4375
 0.5
 0.5625
 0.625
 0.6875
 0.75
 0.8125
 0.875
 0.9375
 1


# name: h
# type: scalar
0.0625


# name: u
# type: matrix
# rows: 17
# columns: 1
 0
 1.2683524737655365
 0.92798694144527094
 1.019324915877555
 0.99481398568793233
 1.0013921469703384
 0.99962467287671997
 1.0001072078585551
 0.99994705373068438
 1.0001043016211655
 0.99963628269864269
 1.0013486743518374
 0.99497604005501006
 1.0187210145580947
 0.93023734891040921
 1.2599664591142381
 0


# name: x
# type: range
# base, limit, increment
0 1 0.0625


# name: exata
# type: matrix
# rows: 17
# columns: 1
 0
 0.86143607917265852
 0.98080003984402897
 0.99733957823425423
 0.99963136147995013
 0.99994891964669919
 0.99999291954689973
 0.99999900043614343
 0.99999972821135696
 0.99999900043614343
 0.99999291954689973
 0.99994891964669919
 0.99963136147995013
 0.99733957823425423
 0.98080003984402897
 0.86143607917265874
 0


