# Created by Octave 6.2.0, Mon Aug 30 22:19:11 2021 -03 <kuroneko@kuroneko-VirtualBox>
# name: alfa
# type: scalar
0


# name: beta
# type: scalar
10


# name: h
# type: scalar
0.0625


# name: xl
# type: matrix
# rows: 17
# columns: 1
 0
 0.0625
 0.125
 0.1875
 0.25
 0.3125
 0.375
 0.4375
 0.5
 0.5625
 0.625
 0.6875
 0.75
 0.8125
 0.875
 0.9375
 1


# name: u
# type: matrix
# rows: 17
# columns: 1
 0.22580635152009099
 0.46465629082953519
 0.66581516286026143
 0.83146982585249463
 0.96517154488881918
 1.0716995187686271
 1.1568772180784641
 1.2273485924832277
 1.2903227474665153
 1.3532969024498029
 1.4237682768545665
 1.5089459761644033
 1.615473950044211
 1.7491756690805349
 1.9148303320727678
 2.1159892041034936
 2.3548391434129372


# name: x
# type: range
# base, limit, increment
0 1 0.0625


# name: exata
# type: matrix
# rows: 17
# columns: 1
 1
 0.98078528040323043
 0.92387953251128674
 0.83146961230254524
 0.70710678118654757
 0.55557023301960229
 0.38268343236508984
 0.19509032201612833
 6.123233995736766e-17
 -0.19509032201612819
 -0.38268343236508973
 -0.55557023301960196
 -0.70710678118654746
 -0.83146961230254535
 -0.92387953251128674
 -0.98078528040323043
 -1


