# Created by Octave 6.2.0, Mon Aug 30 22:19:11 2021 -03 <kuroneko@kuroneko-VirtualBox>
# name: alfa
# type: scalar
0


# name: beta
# type: scalar
10


# name: h
# type: scalar
0.015625


# name: xl
# type: matrix
# rows: 65
# columns: 1
 0
 0.015625
 0.03125
 0.046875
 0.0625
 0.078125
 0.09375
 0.109375
 0.125
 0.140625
 0.15625
 0.171875
 0.1875
 0.203125
 0.21875
 0.234375
 0.25
 0.265625
 0.28125
 0.296875
 0.3125
 0.328125
 0.34375
 0.359375
 0.375
 0.390625
 0.40625
 0.421875
 0.4375
 0.453125
 0.46875
 0.484375
 0.5
 0.515625
 0.53125
 0.546875
 0.5625
 0.578125
 0.59375
 0.609375
 0.625
 0.640625
 0.65625
 0.671875
 0.6875
 0.703125
 0.71875
 0.734375
 0.75
 0.765625
 0.78125
 0.796875
 0.8125
 0.828125
 0.84375
 0.859375
 0.875
 0.890625
 0.90625
 0.921875
 0.9375
 0.953125
 0.96875
 0.984375
 1


# name: u
# type: matrix
# rows: 65
# columns: 1
 0.10651499471677663
 0.13840248827581875
 0.16788379608701007
 0.19496761671409318
 0.21966842447743221
 0.24200643458410734
 0.26200755442771034
 0.27970332117516405
 0.29513082579092509
 0.30833262368160158
 0.31935663217625132
 0.32825601508933888
 0.3350890546444501
 0.33991901106731037
 0.34281397018636017
 0.3438466794080306
 0.3430943724618693
 0.34063858333772118
 0.33656494986320534
 0.33096300739468737
 0.32392597311876353
 0.31555052148389312
 0.30593655130318492
 0.29518694508940585
 0.28340732120199641
 0.27070577940319202
 0.25719264043622692
 0.24298018025300103
 0.22818235953147747
 0.21291454913442784
 0.19729325217091812
 0.18143582333011474
 0.16546018616355926
 0.14948454899700378
 0.1336271201562004
 0.11800582319269064
 0.10273801279564095
 0.087940192074117393
 0.073727731890891435
 0.060214592923926294
 0.047513051125121858
 0.035733427237712431
 0.024983821023933296
 0.015369850843225071
 0.0069943992083547303
 -4.2635067569086191e-05
 -0.0056445775360869565
 -0.009718211010602695
 -0.012174000134750729
 -0.012926307080911944
 -0.011893597859241415
 -0.0089986387401914773
 -0.0041686823173310746
 0.00266435723778022
 0.01156374015086788
 0.022587748645517713
 0.035789546536194317
 0.051217051151955455
 0.068912817899409243
 0.088913937743012289
 0.11125194784968746
 0.13595275561302653
 0.16303657624010967
 0.19251788405130102
 0.22440537761034318


# name: x
# type: range
# base, limit, increment
0 1 0.015625


# name: exata
# type: matrix
# rows: 65
# columns: 1
 1
 0.99879545620517241
 0.99518472667219693
 0.98917650996478101
 0.98078528040323043
 0.97003125319454397
 0.95694033573220882
 0.94154406518302081
 0.92387953251128674
 0.90398929312344334
 0.88192126434835505
 0.85772861000027212
 0.83146961230254524
 0.80320753148064494
 0.77301045336273699
 0.74095112535495911
 0.70710678118654757
 0.67155895484701833
 0.63439328416364549
 0.59569930449243347
 0.55557023301960229
 0.51410274419322166
 0.47139673682599781
 0.4275550934302822
 0.38268343236508984
 0.33688985339222005
 0.29028467725446233
 0.24298017990326398
 0.19509032201612833
 0.14673047445536175
 0.09801714032956077
 0.049067674327418126
 6.123233995736766e-17
 -0.049067674327418008
 -0.098017140329560645
 -0.14673047445536164
 -0.19509032201612819
 -0.24298017990326387
 -0.29028467725446216
 -0.33688985339221994
 -0.38268343236508973
 -0.42755509343028186
 -0.4713967368259977
 -0.51410274419322166
 -0.55557023301960196
 -0.59569930449243336
 -0.63439328416364538
 -0.67155895484701844
 -0.70710678118654746
 -0.74095112535495888
 -0.77301045336273699
 -0.80320753148064483
 -0.83146961230254535
 -0.85772861000027201
 -0.88192126434835494
 -0.90398929312344334
 -0.92387953251128674
 -0.9415440651830207
 -0.95694033573220882
 -0.97003125319454397
 -0.98078528040323043
 -0.98917650996478101
 -0.99518472667219682
 -0.99879545620517241
 -1


