# Created by Octave 6.2.0, Mon Aug 30 22:19:11 2021 -03 <kuroneko@kuroneko-VirtualBox>
# name: alfa
# type: scalar
0


# name: beta
# type: scalar
10


# name: h
# type: scalar
0.00390625


# name: xl
# type: matrix
# rows: 257
# columns: 1
 0
 0.00390625
 0.0078125
 0.01171875
 0.015625
 0.01953125
 0.0234375
 0.02734375
 0.03125
 0.03515625
 0.0390625
 0.04296875
 0.046875
 0.05078125
 0.0546875
 0.05859375
 0.0625
 0.06640625
 0.0703125
 0.07421875
 0.078125
 0.08203125
 0.0859375
 0.08984375
 0.09375
 0.09765625
 0.1015625
 0.10546875
 0.109375
 0.11328125
 0.1171875
 0.12109375
 0.125
 0.12890625
 0.1328125
 0.13671875
 0.140625
 0.14453125
 0.1484375
 0.15234375
 0.15625
 0.16015625
 0.1640625
 0.16796875
 0.171875
 0.17578125
 0.1796875
 0.18359375
 0.1875
 0.19140625
 0.1953125
 0.19921875
 0.203125
 0.20703125
 0.2109375
 0.21484375
 0.21875
 0.22265625
 0.2265625
 0.23046875
 0.234375
 0.23828125
 0.2421875
 0.24609375
 0.25
 0.25390625
 0.2578125
 0.26171875
 0.265625
 0.26953125
 0.2734375
 0.27734375
 0.28125
 0.28515625
 0.2890625
 0.29296875
 0.296875
 0.30078125
 0.3046875
 0.30859375
 0.3125
 0.31640625
 0.3203125
 0.32421875
 0.328125
 0.33203125
 0.3359375
 0.33984375
 0.34375
 0.34765625
 0.3515625
 0.35546875
 0.359375
 0.36328125
 0.3671875
 0.37109375
 0.375
 0.37890625
 0.3828125
 0.38671875
 0.390625
 0.39453125
 0.3984375
 0.40234375
 0.40625
 0.41015625
 0.4140625
 0.41796875
 0.421875
 0.42578125
 0.4296875
 0.43359375
 0.4375
 0.44140625
 0.4453125
 0.44921875
 0.453125
 0.45703125
 0.4609375
 0.46484375
 0.46875
 0.47265625
 0.4765625
 0.48046875
 0.484375
 0.48828125
 0.4921875
 0.49609375
 0.5
 0.50390625
 0.5078125
 0.51171875
 0.515625
 0.51953125
 0.5234375
 0.52734375
 0.53125
 0.53515625
 0.5390625
 0.54296875
 0.546875
 0.55078125
 0.5546875
 0.55859375
 0.5625
 0.56640625
 0.5703125
 0.57421875
 0.578125
 0.58203125
 0.5859375
 0.58984375
 0.59375
 0.59765625
 0.6015625
 0.60546875
 0.609375
 0.61328125
 0.6171875
 0.62109375
 0.625
 0.62890625
 0.6328125
 0.63671875
 0.640625
 0.64453125
 0.6484375
 0.65234375
 0.65625
 0.66015625
 0.6640625
 0.66796875
 0.671875
 0.67578125
 0.6796875
 0.68359375
 0.6875
 0.69140625
 0.6953125
 0.69921875
 0.703125
 0.70703125
 0.7109375
 0.71484375
 0.71875
 0.72265625
 0.7265625
 0.73046875
 0.734375
 0.73828125
 0.7421875
 0.74609375
 0.75
 0.75390625
 0.7578125
 0.76171875
 0.765625
 0.76953125
 0.7734375
 0.77734375
 0.78125
 0.78515625
 0.7890625
 0.79296875
 0.796875
 0.80078125
 0.8046875
 0.80859375
 0.8125
 0.81640625
 0.8203125
 0.82421875
 0.828125
 0.83203125
 0.8359375
 0.83984375
 0.84375
 0.84765625
 0.8515625
 0.85546875
 0.859375
 0.86328125
 0.8671875
 0.87109375
 0.875
 0.87890625
 0.8828125
 0.88671875
 0.890625
 0.89453125
 0.8984375
 0.90234375
 0.90625
 0.91015625
 0.9140625
 0.91796875
 0.921875
 0.92578125
 0.9296875
 0.93359375
 0.9375
 0.94140625
 0.9453125
 0.94921875
 0.953125
 0.95703125
 0.9609375
 0.96484375
 0.96875
 0.97265625
 0.9765625
 0.98046875
 0.984375
 0.98828125
 0.9921875
 0.99609375
 1


# name: u
# type: matrix
# rows: 257
# columns: 1
 0.030004312734770701
 0.037815158372941381
 0.045475419029024827
 0.052985128720191503
 0.060344344136033429
 0.067553144630026901
 0.074611632207582199
 0.081519931510681931
 0.088278189799110396
 0.094886576928276761
 0.1013452853236356
 0.10765452995170814
 0.11381454828770926
 0.11982560027978451
 0.12568796830986287
 0.13140195715113112
 0.13696789392213607
 0.14238612803752176
 0.14765703115540887
 0.1527809971214244
 0.15775844190938984
 0.16258980355867725
 0.167275542108242
 0.17181613952734265
 0.17621209964295814
 0.18046394806391328
 0.18457223210172399
 0.18853752068817428
 0.1923604042896371
 0.19604149481815236
 0.19958142553927521
 0.20298085097670859
 0.20624044681373427
 0.20936090979145758
 0.21234295760388064
 0.21518732878982033
 0.21789478262168707
 0.22046609899114125
 0.22290207829164427
 0.22520354129792233
 0.22737132904236071
 0.22940630268834752
 0.23130934340058551
 0.23308135221239198
 0.2347232498900064
 0.23623597679392655
 0.23762049273729355
 0.23887777684134756
 0.2400088273879758
 0.24101466166937488
 0.24189631583485044
 0.24265484473477666
 0.24329132176173998
 0.24380683868888986
 0.24420250550552194
 0.24447945024991766
 0.24463881883946581
 0.24468177489809159
 0.24460949958101921
 0.24442319139689422
 0.24412406602729245
 0.2437133561436429
 0.24319231122159196
 0.24256219735283693
 0.24182429705445735
 0.24097990907577255
 0.24003034820275479
 0.23897694506002745
 0.23782104591047773
 0.23656401245251443
 0.23520722161500118
 0.23375206534989609
 0.23219995042262881
 0.23055229820024686
 0.22881054443736301
 0.22697613905993591
 0.22505054594691654
 0.22303524270979341
 0.22093172047006984
 0.21874148363470636
 0.2164660496695627
 0.21410694887087295
 0.21166572413478846
 0.20914393072502363
 0.20654313603863869
 0.20386491936999554
 0.20111087167292188
 0.19828259532111925
 0.19538170386685166
 0.19240982179795044
 0.18936858429317233
 0.18625963697594761
 0.18308463566655528
 0.17984524613276254
 0.17654314383896638
 0.17318001369387478
 0.16975754979676569
 0.16627745518236178
 0.16274144156435982
 0.15915122907765283
 0.1555085460192841
 0.151815128588172
 0.14807272062364477
 0.14428307334282484
 0.14044794507690189
 0.13656910100633468
 0.13264831289502135
 0.12868735882347832
 0.1246880229210678
 0.1206520950973146
 0.11658137077235231
 0.11247765060653958
 0.1083427402292873
 0.10417844996713754
 0.099986594571134915
 0.095768992943531833
 0.091527467863868478
 0.087263845714468893
 0.082979956205394556
 0.078677632098896777
 0.074358708933409429
 0.07002502474712359
 0.065678419801185786
 0.061320736302561442
 0.056953818126605237
 0.052579510539380293
 0.0481996599197679
 0.043816113481409624
 0.039430718994523759
 0.0350453245076379
 0.030661778069279638
 0.026281927449667248
 0.021907619862442305
 0.017540701686486092
 0.013183018187861746
 0.0088364132419239492
 0.00450272905563811
 0.00018380589015076033
 -0.0041185182163470113
 -0.0084024077254213399
 -0.012666029874820928
 -0.016907554954484292
 -0.021125156582087374
 -0.025317011978090002
 -0.02948130224023977
 -0.03361621261749205
 -0.037719932783304808
 -0.041790657108267119
 -0.045826584932020333
 -0.049825920834430881
 -0.053786874905973968
 -0.057707663017287331
 -0.061586507087854576
 -0.065421635353777569
 -0.069211282634597554
 -0.072953690599124849
 -0.076647108030237027
 -0.080289791088605802
 -0.083880003575312806
 -0.087416017193314766
 -0.090896111807718671
 -0.094318575704827767
 -0.097681705849919365
 -0.10098380814371555
 -0.10422319767750834
 -0.10739819898690077
 -0.11050714630412556
 -0.11354838380890374
 -0.11652026587780503
 -0.11942115733207267
 -0.12224943368387536
 -0.12500348138094913
 -0.12768169804959234
 -0.13028249273597736
 -0.13280428614574227
 -0.13524551088182685
 -0.13760461168051671
 -0.13988004564566042
 -0.14207028248102391
 -0.14417380472074753
 -0.14618910795787066
 -0.14811470107089003
 -0.1499491064483171
 -0.15169086021120093
 -0.15333851243358285
 -0.15489062736085013
 -0.15634578362595525
 -0.1577025744634685
 -0.15895960792143179
 -0.16011550707098152
 -0.1611689102137088
 -0.1621184710867265
 -0.1629628590654113
 -0.16370075936379089
 -0.16433087323254592
 -0.16485191815459688
 -0.16526262803824646
 -0.16556175340784826
 -0.16574806159197325
 -0.1658203369090456
 -0.16577738085041976
 -0.16561801226087161
 -0.16534106751647584
 -0.16494540069984368
 -0.16442988377269374
 -0.1637934067457304
 -0.16303487784580414
 -0.16215322368032861
 -0.16114738939892956
 -0.16001633885230138
 -0.15875905474824745
 -0.15737453880488059
 -0.15586181190096057
 -0.15421991422334624
 -0.15244790541153991
 -0.15054486469930201
 -0.14850989105331527
 -0.14634210330887695
 -0.14404064030259897
 -0.14160466100209598
 -0.13903334463264183
 -0.13632589080077509
 -0.13348151961483543
 -0.13049947180241242
 -0.12737900882468919
 -0.12411941298766356
