# Created by Octave 6.3.0, Sat Sep 25 16:18:41 2021 -03 <kuroneko@kuroneko-VirtualBox>
# name: erro
# type: matrix
# rows: 4
# columns: 1
 4.1781284686498203e-05
 1.6448827674149106e-07
 6.4284636447551367e-10
 4.0222152922557028e-12


# name: derro
# type: matrix
# rows: 4
# columns: 1
 5.458203227074196e-05
 2.314988844212613e-07
 9.0884748634652791e-10
 3.552355235979855e-12


# name: hh
# type: matrix
# rows: 4
# columns: 1
 0.25
 0.0625
 0.015625
 0.00390625


