# Created by Octave 6.3.0, Sat Sep 25 16:18:26 2021 -03 <kuroneko@kuroneko-VirtualBox>
# name: erro
# type: matrix
# rows: 4
# columns: 1
 0.018803332792294274
 0.001138377813472215
 7.1002432549781172e-05
 4.4370804703025753e-06


# name: derro
# type: matrix
# rows: 4
# columns: 1
 0.023698177111666531
 0.0015977795816680563
 0.00010036516090955692
 6.2747941800532734e-06


# name: hh
# type: matrix
# rows: 4
# columns: 1
 0.25
 0.0625
 0.015625
 0.00390625


