# Created by Octave 6.3.0, Sat Sep 25 16:18:31 2021 -03 <kuroneko@kuroneko-VirtualBox>
# name: erro
# type: matrix
# rows: 4
# columns: 1
 0.0008912876610342995
 1.4039629623773714e-05
 2.1948085999109887e-07
 3.4294971988580922e-09


# name: derro
# type: matrix
# rows: 4
# columns: 1
 0.00048490362697056863
 1.9595167709721479e-06
 7.6705281860436547e-09
 2.9968962018139175e-11


# name: hh
# type: matrix
# rows: 4
# columns: 1
 0.25
 0.0625
 0.015625
 0.00390625


