# Created by Octave 6.2.0, Mon May 31 23:22:21 2021 -03 <kuroneko@kuroneko-VirtualBox>
# name: xl
# type: matrix
# rows: 33
# columns: 1
 0
 0.03125
 0.0625
 0.09375
 0.125
 0.15625
 0.1875
 0.21875
 0.25
 0.28125
 0.3125
 0.34375
 0.375
 0.40625
 0.4375
 0.46875
 0.5
 0.53125
 0.5625
 0.59375
 0.625
 0.65625
 0.6875
 0.71875
 0.75
 0.78125
 0.8125
 0.84375
 0.875
 0.90625
 0.9375
 0.96875
 1


# name: h
# type: scalar
0.0625


# name: u
# type: matrix
# rows: 33
# columns: 1
 1
 0.96876111178856494
 0.93773454196219064
 0.90706120490917441
 0.87694506489690305
 0.84755493166337725
 0.81908507362964944
 0.79170964004690692
 0.76561935405566151
 0.74099078135771534
 0.71801281967610753
 0.69686342059929529
 0.67773036548261756
 0.66079250602851092
 0.64623686928176327
 0.6342429389800025
 0.62499719798945841
 0.6186795983730361
 0.61547621172816946
 0.61556735109916028
 0.61913876626153197
 0.62637105703284113
 0.63744971446002152
 0.65255557168802214
 0.67187390721191742
 0.69558574773231363
 0.72387619400911885
 0.75692643590106135
 0.79492142333618432
 0.83804248557566574
 0.88647444293644917
 0.94039874516421618
 1.0000000999990979


# name: x
# type: range
# base, limit, increment
0 1 0.03125


# name: exata
# type: matrix
# rows: 33
# columns: 1
 1
 0.968780517578125
 0.937744140625
 0.907073974609375
 0.876953125
 0.847564697265625
 0.819091796875
 0.791717529296875
 0.765625
 0.740997314453125
 0.718017578125
 0.696868896484375
 0.677734375
 0.660797119140625
 0.646240234375
 0.634246826171875
 0.625
 0.618682861328125
 0.615478515625
 0.615570068359375
 0.619140625
 0.626373291015625
 0.637451171875
 0.652557373046875
 0.671875
 0.695587158203125
 0.723876953125
 0.756927490234375
 0.794921875
 0.838043212890625
 0.886474609375
 0.940399169921875
 1


