# Created by Octave 6.2.0, Mon May 31 23:22:22 2021 -03 <kuroneko@kuroneko-VirtualBox>
# name: xl
# type: matrix
# rows: 129
# columns: 1
 0
 0.0078125
 0.015625
 0.0234375
 0.03125
 0.0390625
 0.046875
 0.0546875
 0.0625
 0.0703125
 0.078125
 0.0859375
 0.09375
 0.1015625
 0.109375
 0.1171875
 0.125
 0.1328125
 0.140625
 0.1484375
 0.15625
 0.1640625
 0.171875
 0.1796875
 0.1875
 0.1953125
 0.203125
 0.2109375
 0.21875
 0.2265625
 0.234375
 0.2421875
 0.25
 0.2578125
 0.265625
 0.2734375
 0.28125
 0.2890625
 0.296875
 0.3046875
 0.3125
 0.3203125
 0.328125
 0.3359375
 0.34375
 0.3515625
 0.359375
 0.3671875
 0.375
 0.3828125
 0.390625
 0.3984375
 0.40625
 0.4140625
 0.421875
 0.4296875
 0.4375
 0.4453125
 0.453125
 0.4609375
 0.46875
 0.4765625
 0.484375
 0.4921875
 0.5
 0.5078125
 0.515625
 0.5234375
 0.53125
 0.5390625
 0.546875
 0.5546875
 0.5625
 0.5703125
 0.578125
 0.5859375
 0.59375
 0.6015625
 0.609375
 0.6171875
 0.625
 0.6328125
 0.640625
 0.6484375
 0.65625
 0.6640625
 0.671875
 0.6796875
 0.6875
 0.6953125
 0.703125
 0.7109375
 0.71875
 0.7265625
 0.734375
 0.7421875
 0.75
 0.7578125
 0.765625
 0.7734375
 0.78125
 0.7890625
 0.796875
 0.8046875
 0.8125
 0.8203125
 0.828125
 0.8359375
 0.84375
 0.8515625
 0.859375
 0.8671875
 0.875
 0.8828125
 0.890625
 0.8984375
 0.90625
 0.9140625
 0.921875
 0.9296875
 0.9375
 0.9453125
 0.953125
 0.9609375
 0.96875
 0.9765625
 0.984375
 0.9921875
 1


# name: h
# type: scalar
0.015625


# name: u
# type: matrix
# rows: 129
# columns: 1
 1
 0.99218766855787943
 0.98437865797129809
 0.97657516743552519
 0.96878038337167649
 0.96099694332419305
 0.95322788267912917
 0.94547592249495871
 0.93774404280080248
 0.93003500242851145
 0.922351752894502
 0.91469707469021833
 0.90707390189215553
 0.89948502905805638
 0.89193337847971288
 0.88442175459132144
 0.87695307118253385
 0.86953014000556128
 0.86215586842429603
 0.8548330738314921
 0.84756465856272611
 0.84035344449168015
 0.83320232991136178
 0.82611414034122788
 0.81909177075318185
 0.8121380496909868
 0.80525586934942484
 0.79844806082158293
 0.7917175139454683
 0.78506706199229692
 0.77849959277486425
 0.77201794144691216
 0.7656249940621751
 0.75932358741768391
 0.7531166060250073
 0.74700688812811944
 0.74099731687551196
 0.73509073179496998
 0.72929001482149913
 0.72359800662968177
 0.71801758806727789
 0.71255160083948033
 0.70720292481431057
 0.70197440262819299
 0.69686891326171796
 0.69188930019687878
 0.68703844160667948
 0.68231918174431949
 0.67773439804474811
 0.67328693546740681
 0.66897967077010922
 0.66481544956145078
 0.66079714797578459
 0.65692761222042795
 0.65320971785380633
 0.64964631163718334
 0.64624026859535444
 0.64299443600359552
 0.6399116883908732
 0.63699487351071127
 0.63424686543016928
 0.63167051234886007
 0.62926868790249169
 0.62704424070774822
 0.6250000439966048
 0.62313894677653903
 0.62146382190084293
 0.61997751874391904
 0.61868290980316332
 0.61758284479815584
 0.61668019589118761
 0.61597781312714683
 0.61547856835224057
 0.61518531191846437
 0.61510091537338485
 0.61522822935938837
 0.61557012514144271
 0.61612945363693927
 0.61690908584302695
 0.61791187293790595
 0.61914068566455793
 0.6205983754488682
 0.62228781279228418
 0.62421184935621921
 0.62637335541230077
 0.62877518284618583
 0.63142020171056301
 0.63431126410484173
 0.63745123987289876
 0.64084298131812301
 0.64448935808502028
 0.64839322267184174
 0.65255744453253572
 0.65698487635169678
 0.66167838740095852
 0.66664083054328571
 0.67187507487571541
 0.67738397343211121
 0.68317039514215283
 0.68923719320359156
 0.69558723638554631
 0.702223378043067
 0.7091484867911042
 0.71636541613580729
 0.72387703454397601
 0.73168619566701898
 0.73979576782925605
 0.74820860482184748
 0.75692757483198647
 0.76595553178538389
 0.77529534373716225
 0.78494986474266903
 0.79492196272973825
 0.80521449187870242
 0.8158303199946324
 0.82677230137844071
 0.83804330371672453
 0.84964618142680071
 0.86158380208086172
 0.87385902020866546
 0.8864747032718624
 0.89943370590888738
 0.91273889547451825
 0.92639312671228913
 0.94039926687359598
 0.9547601708036686
 0.96947870565384164
 0.98455772636779904
 1.0000000999999801


# name: x
# type: range
# base, limit, increment
0 1 0.0078125


# name: exata
# type: matrix
# rows: 129
# columns: 1
 1
 0.9921879768371582
 0.98437881469726562
 0.97657537460327148
 0.968780517578125
 0.96099710464477539
 0.95322799682617188
 0.94547605514526367
 0.937744140625
 0.93003511428833008
 0.92235183715820312
 0.91469717025756836
 0.907073974609375
 0.89948511123657227
 0.89193344116210938
 0.88442182540893555
 0.876953125
 0.86953020095825195
 0.86215591430664062
 0.85483312606811523
 0.847564697265625
 0.84035348892211914
 0.83320236206054688
 0.82611417770385742
 0.819091796875
 0.81213808059692383
 0.80525588989257812
 0.79844808578491211
 0.791717529296875
 0.78506708145141602
 0.77849960327148438
 0.7720179557800293
 0.765625
 0.7593235969543457
 0.75311660766601562
 0.74700689315795898
 0.740997314453125
 0.73509073257446289
 0.72929000854492188
 0.72359800338745117
 0.718017578125
 0.71255159378051758
 0.70720291137695312
 0.70197439193725586
 0.696868896484375
 0.69188928604125977
 0.68703842163085938
 0.68231916427612305
 0.677734375
 0.67328691482543945
 0.66897964477539062
 0.66481542587280273
 0.660797119140625
 0.65692758560180664
 0.65320968627929688
 0.64964628219604492
 0.646240234375
 0.64299440383911133
 0.63991165161132812
 0.63699483871459961
 0.634246826171875
 0.63167047500610352
 0.62926864624023438
 0.6270442008972168
 0.625
 0.6231389045715332
 0.62146377563476562
 0.61997747421264648
 0.618682861328125
 0.61758279800415039
 0.61668014526367188
 0.61597776412963867
 0.615478515625
 0.61518526077270508
 0.61510086059570312
 0.61522817611694336
 0.615570068359375
 0.61612939834594727
 0.61690902709960938
 0.61791181564331055
 0.619140625
 0.62059831619262695
 0.62228775024414062
 0.62421178817749023
 0.626373291015625
 0.62877511978149414
 0.63142013549804688
 0.63431119918823242
 0.637451171875
 0.64084291458129883
 0.64448928833007812
 0.64839315414428711
 0.652557373046875
 0.65698480606079102
 0.66167831420898438
 0.6666407585144043
 0.671875
 0.6773838996887207
 0.68317031860351562
 0.68923711776733398
 0.695587158203125
 0.70222330093383789
 0.70914840698242188
 0.71636533737182617
 0.723876953125
 0.73168611526489258
 0.73979568481445312
 0.74820852279663086
 0.756927490234375
 0.76595544815063477
 0.77529525756835938
 0.78494977951049805
 0.794921875
 0.80521440505981445
 0.81583023071289062
 0.82677221298217773
 0.838043212890625
 0.84964609146118164
 0.86158370971679688
 0.87385892868041992
 0.886474609375
 0.89943361282348633
 0.91273880004882812
 0.92639303207397461
 0.940399169921875
 0.95476007461547852
 0.96947860717773438
 0.9845576286315918
 1


