# Created by Octave 6.2.0, Wed Aug 04 01:26:03 2021 -03 <kuroneko@kuroneko-VirtualBox>
# name: xl
# type: matrix
# rows: 97
# columns: 1
 0
 0.010416666666666666
 0.020833333333333332
 0.03125
 0.041666666666666664
 0.052083333333333329
 0.062499999999999993
 0.072916666666666657
 0.083333333333333329
 0.09375
 0.10416666666666667
 0.11458333333333334
 0.125
 0.13541666666666666
 0.14583333333333331
 0.15624999999999997
 0.16666666666666663
 0.17708333333333329
 0.18749999999999994
 0.1979166666666666
 0.20833333333333326
 0.21874999999999992
 0.22916666666666657
 0.23958333333333323
 0.24999999999999989
 0.26041666666666657
 0.27083333333333326
 0.28124999999999994
 0.29166666666666663
 0.30208333333333331
 0.3125
 0.32291666666666669
 0.33333333333333337
 0.34375000000000006
 0.35416666666666674
 0.36458333333333343
 0.37500000000000011
 0.3854166666666668
 0.39583333333333348
 0.40625000000000017
 0.41666666666666685
 0.42708333333333354
 0.43750000000000022
 0.44791666666666691
 0.45833333333333359
 0.46875000000000028
 0.47916666666666696
 0.48958333333333365
 0.50000000000000033
 0.51041666666666696
 0.52083333333333359
 0.53125000000000022
 0.54166666666666685
 0.55208333333333348
 0.56250000000000011
 0.57291666666666674
 0.58333333333333337
 0.59375
 0.60416666666666663
 0.61458333333333326
 0.62499999999999989
 0.63541666666666652
 0.64583333333333315
 0.65624999999999978
 0.66666666666666641
 0.67708333333333304
 0.68749999999999967
 0.6979166666666663
 0.70833333333333293
 0.71874999999999956
 0.72916666666666619
 0.73958333333333282
 0.74999999999999944
 0.76041666666666607
 0.7708333333333327
 0.78124999999999933
 0.79166666666666596
 0.80208333333333259
 0.81249999999999922
 0.82291666666666585
 0.83333333333333248
 0.84374999999999911
 0.85416666666666574
 0.86458333333333237
 0.874999999999999
 0.88541666666666563
 0.89583333333333226
 0.90624999999999889
 0.91666666666666552
 0.92708333333333215
 0.93749999999999878
 0.94791666666666541
 0.95833333333333204
 0.96874999999999867
 0.9791666666666653
 0.98958333333333193
 0.99999999999999856


# name: h
# type: scalar
0.03125


# name: u
# type: matrix
# rows: 97
# columns: 1
 0.12698643328220005
 -4.3982659487032567
 -4.2372697063208991
 1.5351343446156314
 0.49731834078942427
 0.95329965744751555
 5.383962638051619
 -2.4410485307073713
 -3.0639449613567975
 -0.45784130851459448
 0.88616445099998886
 1.072473247956242
 0.85236079770652384
 1.8806038826018701
 1.4176034688808565
 -3.8206094261141557
 0.68715142773369631
 1.0423020395822182
 -1.029759964640319
 0.15443837070584912
 0.39923933579183113
 0.60115640555022742
 -0.50966027110938728
 -0.32784107978348814
 1.6808687544009566
 -0.047234211608335269
 -0.26137036055648805
 -0.80593164130355477
 0.094874263193510402
 0.25803973930687013
 0.21811779668687037
 1.4944980454019279
 1.5223548783999969
 -0.072564883104340505
 0.076189929163298739
 0.046119158139852762
 -0.87834961806941625
 -0.24508103771912274
 -0.14634062498309897
 -0.31824869196953526
 0.1780646285423671
 0.31491116479204884
 0.22642138265510534
 0.059601830492331302
 0.28949024669329487
 1.6134015636564447
 -0.66220090905507134
 -0.66508649005347287
 0.90684074485342736
 0.91705361708118616
 0.88934330996153355
 -0.0098839979565394261
 -0.12382627192937858
 -0.11083761843371527
 -0.54474669223127214
 -0.080194443052082301
 0.09574060732247637
 0.42519596444385338
 0.14895716317873389
 0.12507252837067678
 -0.42325510027856839
 -0.14260709317617376
 0.077137854482284066
 0.98634854653979198
 0.030669703071917291
 -0.0053424128410949276
 0.10373335320756982
 -0.056952878658041474
 -0.0018449190423761863
 0.069596814857024042
 -0.014360928423249552
 0.030972917858094445
 0.034059166009822402
 -0.052229295026193417
 0.0012478009687315692
 0.04079582426892879
 -0.03946960375120883
 0.0081435524475523702
 0.06389432918753761
 -0.019100528341929615
 0.0051740765086279476
 -0.0019828446595227425
 0.0040718625262776186
 0.021949498710992745
 0.031140341836696932
 0.023695315226282095
 0.02993234891474577
 -0.021551348979946004
 -0.020231562734495237
 -0.01003410176837149
 0.0009050256881598459
 -0.0099096081297897331
 -0.010724577790729009
 0.0063673144405477795
 -0.010265253824643644
 -0.01400476675740908
 0.022715878684418624


# name: p
# type: matrix
# rows: 97
# columns: 1
 -1167904466100.4009
 -1855493086547.7273
 -1626296879731.9543
 894861395241.41052
 1072840421685.5145
 1013514079537.5001
 360924315909.29358
 732254836008.71509
 608477995975.58398
 -753067244389.22644
 -1104147382464.0669
 -987120669772.45911
 300173169835.3139
 249318765200.21964
 266270233411.91785
 452736383740.58911
 646827287464.47644
 582130319556.52039
 -129536327430.81714
 -202114320016.11053
 -177921655821.01352
 88197650325.127243
 -75426669893.383331
 -20885229820.540119
 579070610980.70032
 779482742092.26343
 712678698388.41479
 -22165782354.01609
 46157832926.13002
 23383294499.410591
 -227136628194.439
 -351247583882.55548
 -309877265319.85382
 145196238869.92853
 -64941914600.176971
 5104136556.5268335
 775610699280.26953
 1071888160510.3862
 973129006767.01355
 -113221684410.04854
 -174654127596.95169
 -154176646534.64883
 71075645150.713806
 73289999247.69603
 72551881215.371964
 64432582859.821381
 96024718219.253357
 85494006432.775955
 -30343823218.549828
 -59480517687.971039
 -49768286198.163216
 57066260189.723091
 98674599348.730804
 84805152962.396484
 -67758757287.28302
 -52955045590.009636
 -57889616155.765991
 -112169892379.05116
 -150624464976.75931
 -137806274110.85706
 3193825414.0618448
 -3110145292.7421279
 -1008821723.8065858
 22105737534.519512
 -3082440691.7033672
 5313618717.0369654
 97670272213.149841
 -37868784544.352692
 7310901041.481204
 504287442485.66022
 716996466340.58191
 646093458388.94092
 -133839629079.10254
 -258406308906.0032
 -216884082297.03705
 239860410401.59863
 338600769578.84674
 305687316519.76465
 -56360667130.134377
 -99251679414.114288
 -84954675319.455048
 72312369721.80098
 60060300023.112076
 64144323256.008736
 109068578817.87451
 166574359698.54019
 147405766071.65143
 -63448763824.122299
 -81895418848.781158
 -75746533840.561447
 -8108798750.1427097
 1357267194.44736
 -1798088120.4158919
 -36506996583.911987
 -53218140451.027367
 -47647759161.988861
 13626435017.433825


# name: x
# type: range
# base, limit, increment
0 1 0.010416666666666666


