# Created by Octave 6.2.0, Sat Jul 31 20:13:51 2021 -03 <kuroneko@kuroneko-VirtualBox>
# name: xl
# type: matrix
# rows: 145
# columns: 1
 0
 0.0069444444444444441
 0.013888888888888888
 0.020833333333333332
 0.027777777777777776
 0.034722222222222224
 0.041666666666666671
 0.048611111111111119
 0.055555555555555566
 0.062500000000000014
 0.069444444444444461
 0.076388888888888909
 0.083333333333333356
 0.090277777777777804
 0.097222222222222252
 0.1041666666666667
 0.11111111111111115
 0.11805555555555559
 0.12500000000000003
 0.13194444444444448
 0.13888888888888892
 0.14583333333333337
 0.15277777777777782
 0.15972222222222227
 0.16666666666666671
 0.17361111111111116
 0.18055555555555561
 0.18750000000000006
 0.1944444444444445
 0.20138888888888895
 0.2083333333333334
 0.21527777777777785
 0.22222222222222229
 0.22916666666666674
 0.23611111111111119
 0.24305555555555564
 0.25000000000000006
 0.25694444444444448
 0.2638888888888889
 0.27083333333333331
 0.27777777777777773
 0.28472222222222215
 0.29166666666666657
 0.29861111111111099
 0.30555555555555541
 0.31249999999999983
 0.31944444444444425
 0.32638888888888867
 0.33333333333333309
 0.34027777777777751
 0.34722222222222193
 0.35416666666666635
 0.36111111111111077
 0.36805555555555519
 0.37499999999999961
 0.38194444444444403
 0.38888888888888845
 0.39583333333333287
 0.40277777777777729
 0.40972222222222171
 0.41666666666666613
 0.42361111111111055
 0.43055555555555497
 0.43749999999999939
 0.44444444444444381
 0.45138888888888823
 0.45833333333333265
 0.46527777777777707
 0.47222222222222149
 0.47916666666666591
 0.48611111111111033
 0.49305555555555475
 0.49999999999999917
 0.50694444444444364
 0.51388888888888806
 0.52083333333333248
 0.5277777777777769
 0.53472222222222132
 0.54166666666666574
 0.54861111111111016
 0.55555555555555458
 0.562499999999999
 0.56944444444444342
 0.57638888888888784
 0.58333333333333226
 0.59027777777777668
 0.5972222222222211
 0.60416666666666552
 0.61111111111110994
 0.61805555555555436
 0.62499999999999878
 0.6319444444444432
 0.63888888888888762
 0.64583333333333204
 0.65277777777777646
 0.65972222222222088
 0.6666666666666653
 0.67361111111110972
 0.68055555555555414
 0.68749999999999856
 0.69444444444444298
 0.7013888888888874
 0.70833333333333182
 0.71527777777777624
 0.72222222222222066
 0.72916666666666508
 0.7361111111111095
 0.74305555555555391
 0.74999999999999833
 0.75694444444444275
 0.76388888888888717
 0.77083333333333159
 0.77777777777777601
 0.78472222222222043
 0.79166666666666485
 0.79861111111110927
 0.80555555555555369
 0.81249999999999811
 0.81944444444444253
 0.82638888888888695
 0.83333333333333137
 0.84027777777777579
 0.84722222222222021
 0.85416666666666463
 0.86111111111110905
 0.86805555555555347
 0.87499999999999789
 0.88194444444444231
 0.88888888888888673
 0.89583333333333115
 0.90277777777777557
 0.90972222222221999
 0.91666666666666441
 0.92361111111110883
 0.93055555555555325
 0.93749999999999767
 0.94444444444444209
 0.95138888888888651
 0.95833333333333093
 0.96527777777777535
 0.97222222222221977
 0.97916666666666419
 0.98611111111110861
 0.99305555555555303
 0.99999999999999745


# name: h
# type: scalar
0.020833333333333332


# name: u
# type: matrix
# rows: 145
# columns: 1
 0.31549822566219959
 0.10460196779962799
 0.10861838451982025
 0.24266490215892086
 0.24684324447259079
 0.2394778178983146
 -0.0030560464737380676
 -0.0072356150714385243
 0.020665985160641651
 0.040930016462141845
 -0.030939154765883516
 0.0063057284499198861
 0.082326142238900571
 0.048690781885186427
 0.082952630536705887
 0.046551759828798112
 -0.02748352522936709
 0.018656906447400458
 0.053684195470544496
 -0.058319285779092872
 -0.0075214735581620729
 0.053231535636002192
 -0.085020998346905838
 -0.026413257828065639
 0.069398854164435586
 -0.094845451538642114
 -0.021076049099959096
 0.17093674007223375
 0.050818963642755746
 0.10332597153621627
 0.048756557458940454
 -0.049754294052722872
 0.021240610004241059
 0.026092471772899455
 -0.26131582870848435
 -0.17303555994925121
 0.13363548457707194
 -0.053613630010054106
 0.024546701265262854
 0.10239608612050065
 -0.066968316320688337
 0.017311216671111459
 0.096159801192644778
 -0.093810161658382407
 -0.0066031675860628788
 0.085653750015381766
 -0.13843196934156357
 -0.047101359513184386
 0.082290758194259683
 -0.089425554274476751
 0.0028317289009181911
 0.064362842358568914
 -0.002035145424435828
 0.096912185241247117
 0.092349824001365655
 -0.098330223399744551
 0.011205666002744651
 0.19174930992997291
 -0.059298169223685186
 0.032495335722887438
 0.11877054798560167
 -0.078467886423831804
 0.022690687367424987
 0.12302439298772003
 -0.07982106057489885
 0.019850846849883665
 0.10532843686810818
 -0.084759677821506882
 0.01703746437800293
 0.10318009774659126
 -0.085316161455151765
 0.016295468816985684
 0.10177804366434255
 -0.084473845153068355
 0.016384729763451223
 0.099469148787191028
 -0.083836321257971261
 0.015343556356441435
 0.098821257364583664
 -0.082213015919624446
 0.015807814136531564
 0.097239140468424079
 -0.080584741128191903
 0.015426453514604848
 0.095088913063814715
 -0.078254666661046079
 0.015457944911193903
 0.091876937763639491
 -0.076196880648043794
 0.014859998277961512
 0.089232310338207221
 -0.073664438415214681
 0.014095704623566869
 0.084751470239711177
 -0.070540624487922907
 0.01345053567684973
 0.079957145484154155
 -0.06696208365214841
 0.013187561493758347
 0.076742452514980505
 -0.064064720117380791
 0.01184155456130055
 0.072552173198462855
 -0.059877632402154296
 0.011686006784544133
 0.068435764213411271
 -0.056538755607647886
 0.010483198485934349
 0.062213016589651567
 -0.051750711552838363
 0.0097198057196903661
 0.056260327509563612
 -0.047464347555267086
 0.0084493666014332867
 0.051148132448588936
 -0.042496896453682723
 0.0079669959512921988
 0.044684889059174046
 -0.037695809065587033
 0.0066118106740326683
 0.038156697198795733
 -0.032352768264065523
 0.0057715443954841281
 0.032132778904011415
 -0.027089708730220464
 0.0048202989805779892
 0.025337420031938559
 -0.021703637466750129
 0.0036336517848866989
 0.018999646991694701
 -0.0163185855335444
 0.0025630114393313955
 0.011778998176469753
 -0.010963992198268909
 0.0014149520072702236
 0.0055824193849394214
 -0.0057186997080461068
 8.6173598524237811e-05
 -0.00025864815478586186
 -0.0001846576247410245
 -0.00029387522095903045
 -0.0019172188279434938
 0.0027484490281601617
 -0.0013018158603912825
 0.0044624768934020701


