# Created by Octave 6.2.0, Wed Aug 04 01:26:03 2021 -03 <kuroneko@kuroneko-VirtualBox>
# name: xl
# type: matrix
# rows: 49
# columns: 1
 0
 0.020833333333333332
 0.041666666666666664
 0.0625
 0.083333333333333329
 0.10416666666666666
 0.12499999999999999
 0.14583333333333331
 0.16666666666666666
 0.1875
 0.20833333333333334
 0.22916666666666669
 0.25
 0.27083333333333331
 0.29166666666666663
 0.31249999999999994
 0.33333333333333326
 0.35416666666666657
 0.37499999999999989
 0.3958333333333332
 0.41666666666666652
 0.43749999999999983
 0.45833333333333315
 0.47916666666666646
 0.49999999999999978
 0.52083333333333315
 0.54166666666666652
 0.56249999999999989
 0.58333333333333326
 0.60416666666666663
 0.625
 0.64583333333333337
 0.66666666666666674
 0.68750000000000011
 0.70833333333333348
 0.72916666666666685
 0.75000000000000022
 0.77083333333333359
 0.79166666666666696
 0.81250000000000033
 0.8333333333333337
 0.85416666666666707
 0.87500000000000044
 0.89583333333333381
 0.91666666666666718
 0.93750000000000056
 0.95833333333333393
 0.9791666666666673
 1.0000000000000007


# name: h
# type: scalar
0.0625


# name: u
# type: matrix
# rows: 49
# columns: 1
 0.41832300791925564
 -0.042337583645714015
 -0.020380304275152174
 0.11434971155659722
 -0.066655905349251726
 0.019485413275528458
 0.10747095494084541
 -0.087190994001335578
 0.025962973611364477
 0.11907261412622491
 -0.1093886285975173
 0.02533217186325613
 0.14578349017171444
 -0.10909693385141304
 0.038055720205013896
 0.15161167765354436
 -0.12496658339157563
 0.030889945835214334
 0.15248918638332482
 -0.12689710429538242
 0.031840814429282813
 0.15151613274287312
 -0.1257651542734467
 0.02812031982537555
 0.13448715238874581
 -0.11569824843480853
 0.029045309931282945
 0.11811681048468492
 -0.10306773818806103
 0.026833891284873568
 0.10267545486638907
 -0.089469930112676455
 0.020141820025765172
 0.079364212718143007
 -0.070121565631272531
 0.015154762752027762
 0.054645524521330008
 -0.047988739582798368
 0.0098245659666170368
 0.028558671460514599
 -0.025542957175080989
 0.0024203729339577415
 -0.001174619745149376
 -0.003545037185034473
 -0.003048783846828074
 -0.01327261037622183
 0.0087146343755610933
 -0.0098013292211983332
 0.0090928172839858309


# name: p
# type: matrix
# rows: 49
# columns: 1
 -476934305104.53015
 -620311413916.25171
 -572519044312.34424
 -46802978669.387047
 -48012504351.814995
 -47609329124.338593
 -43174401622.086342
 -56582814327.632362
 -52113343425.783226
 -2949163505.4224787
 -18863501833.267975
 -13558722390.652161
 44793851478.147041
 73795744679.597702
 64128446945.781563
 -42211828126.167595
 -52066840856.89489
 -48781836613.31842
 -12646789933.946377
 -41678464924.365799
 -32001239927.558628
 74448235037.352951
 96672981451.052444
 89264732646.486618
 7773995796.2946281
 -3113095860.7424688
 515934691.60387957
 40435270767.445679
 53756767722.299866
 49316268737.348999
 470779902.91948044
 2666802776.6889329
 1934795152.0995953
 -6117288718.3570328
 -7815584621.8313522
 -7249485987.3395777
 -1022401007.9082645
 -2135074184.4382415
 -1764183125.5947609
 2315618521.7001891
 2999762603.8496852
 2771714576.4665828
 263186275.26290879
 -350437971.93845475
 -145896556.20469469
 2104059016.8714874
 2772475856.378943
 2549670243.209693
 98808498.34811455


# name: x
# type: range
# base, limit, increment
0 1 0.020833333333333332


# name: exata
# type: matrix
# rows: 49
# columns: 1
 0
 0.065403129230143062
 0.13052619222005157
 0.19509032201612825
 0.25881904510252074
 0.32143946530316153
 0.38268343236508973
 0.44228869021900119
 0.49999999999999994
 0.55557023301960218
 0.60876142900872066
 0.65934581510006895
 0.70710678118654746
 0.75183980747897727
 0.79335334029123505
 0.83146961230254512
 0.86602540378443849
 0.89687274153268814
 0.92387953251128652
 0.94693012949510558
 0.9659258262890682
 0.98078528040323032
 0.99144486137381038
 0.99785892323860348
 1
 0.99785892323860359
 0.99144486137381049
 0.98078528040323054
 0.96592582628906842
 0.94693012949510569
 0.92387953251128674
 0.89687274153268837
 0.86602540378443849
 0.83146961230254512
 0.79335334029123483
 0.75183980747897716
 0.70710678118654691
 0.65934581510006829
 0.6087614290087201
 0.5555702330196014
 0.49999999999999917
 0.44228869021900014
 0.38268343236508862
 0.32143946530316009
 0.2588190451025193
 0.19509032201612686
 0.1305261922200498
 0.065403129230141341
 -2.0979813693355779e-15


