# Created by Octave 6.2.0, Wed Aug 04 01:26:05 2021 -03 <kuroneko@kuroneko-VirtualBox>
# name: xl
# type: matrix
# rows: 145
# columns: 1
 0
 0.0069444444444444441
 0.013888888888888888
 0.020833333333333332
 0.027777777777777776
 0.034722222222222224
 0.041666666666666671
 0.048611111111111119
 0.055555555555555566
 0.062500000000000014
 0.069444444444444461
 0.076388888888888909
 0.083333333333333356
 0.090277777777777804
 0.097222222222222252
 0.1041666666666667
 0.11111111111111115
 0.11805555555555559
 0.12500000000000003
 0.13194444444444448
 0.13888888888888892
 0.14583333333333337
 0.15277777777777782
 0.15972222222222227
 0.16666666666666671
 0.17361111111111116
 0.18055555555555561
 0.18750000000000006
 0.1944444444444445
 0.20138888888888895
 0.2083333333333334
 0.21527777777777785
 0.22222222222222229
 0.22916666666666674
 0.23611111111111119
 0.24305555555555564
 0.25000000000000006
 0.25694444444444448
 0.2638888888888889
 0.27083333333333331
 0.27777777777777773
 0.28472222222222215
 0.29166666666666657
 0.29861111111111099
 0.30555555555555541
 0.31249999999999983
 0.31944444444444425
 0.32638888888888867
 0.33333333333333309
 0.34027777777777751
 0.34722222222222193
 0.35416666666666635
 0.36111111111111077
 0.36805555555555519
 0.37499999999999961
 0.38194444444444403
 0.38888888888888845
 0.39583333333333287
 0.40277777777777729
 0.40972222222222171
 0.41666666666666613
 0.42361111111111055
 0.43055555555555497
 0.43749999999999939
 0.44444444444444381
 0.45138888888888823
 0.45833333333333265
 0.46527777777777707
 0.47222222222222149
 0.47916666666666591
 0.48611111111111033
 0.49305555555555475
 0.49999999999999917
 0.50694444444444364
 0.51388888888888806
 0.52083333333333248
 0.5277777777777769
 0.53472222222222132
 0.54166666666666574
 0.54861111111111016
 0.55555555555555458
 0.562499999999999
 0.56944444444444342
 0.57638888888888784
 0.58333333333333226
 0.59027777777777668
 0.5972222222222211
 0.60416666666666552
 0.61111111111110994
 0.61805555555555436
 0.62499999999999878
 0.6319444444444432
 0.63888888888888762
 0.64583333333333204
 0.65277777777777646
 0.65972222222222088
 0.6666666666666653
 0.67361111111110972
 0.68055555555555414
 0.68749999999999856
 0.69444444444444298
 0.7013888888888874
 0.70833333333333182
 0.71527777777777624
 0.72222222222222066
 0.72916666666666508
 0.7361111111111095
 0.74305555555555391
 0.74999999999999833
 0.75694444444444275
 0.76388888888888717
 0.77083333333333159
 0.77777777777777601
 0.78472222222222043
 0.79166666666666485
 0.79861111111110927
 0.80555555555555369
 0.81249999999999811
 0.81944444444444253
 0.82638888888888695
 0.83333333333333137
 0.84027777777777579
 0.84722222222222021
 0.85416666666666463
 0.86111111111110905
 0.86805555555555347
 0.87499999999999789
 0.88194444444444231
 0.88888888888888673
 0.89583333333333115
 0.90277777777777557
 0.90972222222221999
 0.91666666666666441
 0.92361111111110883
 0.93055555555555325
 0.93749999999999767
 0.94444444444444209
 0.95138888888888651
 0.95833333333333093
 0.96527777777777535
 0.97222222222221977
 0.97916666666666419
 0.98611111111110861
 0.99305555555555303
 0.99999999999999745


# name: h
# type: scalar
0.020833333333333332


# name: u
# type: matrix
# rows: 145
# columns: 1
 0.43410280428857001
 0.099684493137787392
 0.063074153496065793
 0.048754908041655193
 -0.018177953093335746
 -0.010820814967022916
 0.025975980446589362
 -0.07116128856743037
 -0.053675636565589602
 0.062939447169500104
 0.0034311127111952841
 0.013939558555242164
 0.013313558833060006
 -0.048642881126977712
 -0.025377919623896149
 0.046944003668592131
 -0.12033335644527958
 -0.096577066726651825
 0.057000794703739893
 -0.026772719117756912
 -0.0060998598626303543
 0.012701897907085927
 -0.027808526326289246
 0.0021677655039102108
 0.025131356997107487
 -0.031645087829247132
 -0.0016690151307133805
 0.012820908863300586
 -0.030921214708227049
 0.0061396068893028177
 0.043149930789457489
 -0.024222167269559364
 0.01100280573003673
 0.035043133208159084
 -0.028443187100310026
 0.0086526609912957048
 0.024078890890223872
 -0.03227378892929518
 0.0090634360472514053
 0.030182156462796539
 -0.036434477513404465
 0.0078097539142301378
 0.045383833142924261
 -0.035208852508436375
 0.0078637802333795248
 0.034499202151414145
 -0.037627772673429379
 0.0087217489716498002
 0.038998219797624259
 -0.028974471162047259
 0.021415285946761606
 0.067798352961715616
 -0.037694947207059772
 0.011481194198385475
 0.075068052678783845
 -0.069327398958518111
 -0.017089964925210262
 0.10161256682797618
 -0.04442490564590159
 0.00061992418032548978
 0.056329470191723026
 -0.037388117139299896
 0.012001006860887139
 0.045335499218137919
 -0.040781654801628833
 0.010280485612565409
 0.046606309938710087
 -0.041037950779537688
 0.010044044074466022
 0.047200039412537753
 -0.041518002590054781
 0.0093715677670937209
 0.046796796568386451
 -0.040996440674187624
 0.0095182519994087104
 0.046337736526187737
 -0.040033946015588663
 0.0098788511446475675
 0.045136965466952034
 -0.039977714307885791
 0.0092340367979057911
 0.044045317785394493
 -0.038692405052247823
 0.0094610446689376206
 0.042997940473393739
 -0.037755107385970987
 0.0090990705485817485
 0.04098067653719422
 -0.036729879517058674
 0.0089938465040910152
 0.041247804854962218
 -0.035493667191145432
 0.0084137556579858934
 0.03957156981840431
 -0.033979367702456763
 0.008018812616994107
 0.036482153761642586
 -0.032437815788362169
 0.007636374628959967
 0.033687559074560988
 -0.030378397518643574
 0.0077358936908126438
 0.032565814119355427
 -0.028987264023268431
 0.0066316637894022314
 0.029963549923880842
 -0.02694412479107737
 0.0062935296268784467
 0.02760076610294036
 -0.024812953054235018
 0.005782920375423088
 0.025146568283343322
 -0.022696337261251202
 0.0051363115004131642
 0.022846965708886436
 -0.020621652958712433
 0.004550997564771603
 0.021382774805269209
 -0.017398566153284643
 0.004493943063679666
 0.016350745896593709
 -0.015482924434900283
 0.0038609562521135926
 0.014465003228219872
 -0.013198984353561509
 0.0027822193642752899
 0.012114413523900877
 -0.0096499846385102745
 0.003089207831510966
 0.0093402996682177223
 -0.0079811125333512315
 0.0014077765084184418
 0.0054358481080637368
 -0.0055240356321089095
 0.00062337852827934633
 0.0021484649013909464
 -0.002196078574796448
 0.0007547977828664715
 9.8215106815558061e-05
 -0.0011549687661766314
 -0.00090621707653731616
 0.0023124711515354001
 0.0010487077033666556
 -0.00096626653862224546
 0.0056404227848722531


