# Created by Octave 6.2.0, Sat Jul 31 20:13:48 2021 -03 <kuroneko@kuroneko-VirtualBox>
# name: xl
# type: matrix
# rows: 49
# columns: 1
 0
 0.020833333333333332
 0.041666666666666664
 0.0625
 0.083333333333333329
 0.10416666666666666
 0.12499999999999999
 0.14583333333333331
 0.16666666666666666
 0.1875
 0.20833333333333334
 0.22916666666666669
 0.25
 0.27083333333333331
 0.29166666666666663
 0.31249999999999994
 0.33333333333333326
 0.35416666666666657
 0.37499999999999989
 0.3958333333333332
 0.41666666666666652
 0.43749999999999983
 0.45833333333333315
 0.47916666666666646
 0.49999999999999978
 0.52083333333333315
 0.54166666666666652
 0.56249999999999989
 0.58333333333333326
 0.60416666666666663
 0.625
 0.64583333333333337
 0.66666666666666674
 0.68750000000000011
 0.70833333333333348
 0.72916666666666685
 0.75000000000000022
 0.77083333333333359
 0.79166666666666696
 0.81250000000000033
 0.8333333333333337
 0.85416666666666707
 0.87500000000000044
 0.89583333333333381
 0.91666666666666718
 0.93750000000000056
 0.95833333333333393
 0.9791666666666673
 1.0000000000000007


# name: h
# type: scalar
0.0625


# name: u
# type: matrix
# rows: 49
# columns: 1
 0.16243005059587462
 3.6065185046689194
 2.7948511535536515
 -7.9965436954317379
 0.017683821023961731
 -0.39194177045173006
 -12.825231484403346
 4.0230551972836626
 3.9287722296811118
 -14.942434773849152
 12.419706681601026
 15.712151751705463
 13.286528312990278
 -1.496452217346151
 -2.8452152453352642
 -1.6961883102365753
 0.29623778560512182
 0.61680947289636878
 -0.20903002245417684
 1.504811990222769
 0.93843209957410112
 -6.2306610215387055
 -2.1144562209493265
 -0.76127100538605019
 -0.45945474999287644
 -0.29200567911846165
 -0.22524804984759045
 0.27917491325947802
 -0.44693433104997166
 0.072271025618181522
 0.17061575876541213
 -0.0055533314536910516
 -0.099935574752148704
 0.17555710296304267
 -0.25232559220046979
 0.10649541459917217
 0.12805515209085599
 -0.26975906446691461
 0.18392117373991293
 -0.03793562084724432
 0.42543355445447339
 -0.37644331744472537
 0.0025672289886179561
 0.13677234521068832
 0.15480446154636202
 0.010605816791711926
 -0.71284604359090331
 0.55962013708849068
 0.27616039002976045


# name: p
# type: matrix
# rows: 49
# columns: 1
 -2151811346600.0186
 -3459097608280.3223
 -3023335521053.5562
 1770047438441.0134
 2481132325924.6685
 2244104030096.8472
 -363207224008.43591
 2165821281358.9934
 1322811779569.969
 -7950292740107.335
 -9287373242023.7344
 -8841679741384.4941
 -3939051234348.9458
 -2853823743781.5044
 -3215566240637.5391
 -7194733706055.9248
 -9567947765550.6875
 -8776876412385.6738
 -75091527570.394562
 498068918498.00116
 307015436475.09644
 -1794572865776.5369
 -1962276023419.2283
 -1906374970871.4937
 -1291463392845.8074
 -1013678002843.9458
 -1106273132844.6965
 -2124819562852.5093
 -3064211601067.8267
 -2751080921662.5249
 693356551795.30981
 1036540724273.2977
 922146000113.88452
 -336195965639.46558
 -690944017982.66748
 -572694667201.66333
 728048191389.65417
 99685743723.016129
 309139892945.34827
 2613135534390.7627
 3020057986688.8311
 2884417169256.0303
 1392368177495.322
 4063816561723.0576
 3173333766980.5244
 -6621976975187.4414
 -8924890454194.9316
 -8157252627858.9258
 286763461836.95459


# name: x
# type: range
# base, limit, increment
0 1 0.020833333333333332


# name: exata
# type: matrix
# rows: 49
# columns: 1
 0
 0.065403129230143062
 0.13052619222005157
 0.19509032201612825
 0.25881904510252074
 0.32143946530316153
 0.38268343236508973
 0.44228869021900119
 0.49999999999999994
 0.55557023301960218
 0.60876142900872066
 0.65934581510006895
 0.70710678118654746
 0.75183980747897727
 0.79335334029123505
 0.83146961230254512
 0.86602540378443849
 0.89687274153268814
 0.92387953251128652
 0.94693012949510558
 0.9659258262890682
 0.98078528040323032
 0.99144486137381038
 0.99785892323860348
 1
 0.99785892323860359
 0.99144486137381049
 0.98078528040323054
 0.96592582628906842
 0.94693012949510569
 0.92387953251128674
 0.89687274153268837
 0.86602540378443849
 0.83146961230254512
 0.79335334029123483
 0.75183980747897716
 0.70710678118654691
 0.65934581510006829
 0.6087614290087201
 0.5555702330196014
 0.49999999999999917
 0.44228869021900014
 0.38268343236508862
 0.32143946530316009
 0.2588190451025193
 0.19509032201612686
 0.1305261922200498
 0.065403129230141341
 -2.0979813693355779e-15


