# Created by Octave 6.2.0, Sat Jul 31 20:13:49 2021 -03 <kuroneko@kuroneko-VirtualBox>
# name: xl
# type: matrix
# rows: 97
# columns: 1
 0
 0.010416666666666666
 0.020833333333333332
 0.03125
 0.041666666666666664
 0.052083333333333329
 0.062499999999999993
 0.072916666666666657
 0.083333333333333329
 0.09375
 0.10416666666666667
 0.11458333333333334
 0.125
 0.13541666666666666
 0.14583333333333331
 0.15624999999999997
 0.16666666666666663
 0.17708333333333329
 0.18749999999999994
 0.1979166666666666
 0.20833333333333326
 0.21874999999999992
 0.22916666666666657
 0.23958333333333323
 0.24999999999999989
 0.26041666666666657
 0.27083333333333326
 0.28124999999999994
 0.29166666666666663
 0.30208333333333331
 0.3125
 0.32291666666666669
 0.33333333333333337
 0.34375000000000006
 0.35416666666666674
 0.36458333333333343
 0.37500000000000011
 0.3854166666666668
 0.39583333333333348
 0.40625000000000017
 0.41666666666666685
 0.42708333333333354
 0.43750000000000022
 0.44791666666666691
 0.45833333333333359
 0.46875000000000028
 0.47916666666666696
 0.48958333333333365
 0.50000000000000033
 0.51041666666666696
 0.52083333333333359
 0.53125000000000022
 0.54166666666666685
 0.55208333333333348
 0.56250000000000011
 0.57291666666666674
 0.58333333333333337
 0.59375
 0.60416666666666663
 0.61458333333333326
 0.62499999999999989
 0.63541666666666652
 0.64583333333333315
 0.65624999999999978
 0.66666666666666641
 0.67708333333333304
 0.68749999999999967
 0.6979166666666663
 0.70833333333333293
 0.71874999999999956
 0.72916666666666619
 0.73958333333333282
 0.74999999999999944
 0.76041666666666607
 0.7708333333333327
 0.78124999999999933
 0.79166666666666596
 0.80208333333333259
 0.81249999999999922
 0.82291666666666585
 0.83333333333333248
 0.84374999999999911
 0.85416666666666574
 0.86458333333333237
 0.874999999999999
 0.88541666666666563
 0.89583333333333226
 0.90624999999999889
 0.91666666666666552
 0.92708333333333215
 0.93749999999999878
 0.94791666666666541
 0.95833333333333204
 0.96874999999999867
 0.9791666666666653
 0.98958333333333193
 0.99999999999999856


# name: h
# type: scalar
0.03125


# name: u
# type: matrix
# rows: 97
# columns: 1
 0.10392181996403804
 0.0061578272665143343
 0.035171630448452416
 0.11871454146146225
 0.039842220034741804
 0.077009218419153092
 0.048815585656862351
 -0.043375705645973865
 0.014428190604851589
 0.04183524713953516
 -0.067571868055003245
 0.012104895943075573
 0.10019988509377413
 -0.079346962473123839
 0.0069854562930361085
 0.10867869472883764
 -0.091217121486526775
 0.0069503553086531526
 0.10788866577676282
 -0.071054933361435216
 0.04051257055635589
 0.1289223468859767
 -0.091140610038969061
 0.027603093623723898
 0.12469827044830649
 -0.10298405010907255
 0.026759238756201297
 0.13726307718814257
 -0.10373853096697327
 0.032899778644272397
 0.14127784111802599
 -0.12615975757381065
 0.018385127456246392
 0.15912754496994513
 -0.12232460888332546
 0.024458499446952813
 0.15341377873891049
 -0.12802337302261016
 0.023453129469478213
 0.15510316121013415
 -0.12446940557901578
 0.028112937826773148
 0.15033143278436761
 -0.12901016535322915
 0.025160746835762589
 0.15317142726664781
 -0.12871237973330252
 0.024038547390792246
 0.15016824904566559
 -0.12507190872105695
 0.024943712045007522
 0.141798899126757
 -0.12193251383411015
 0.024977067935667535
 0.14010091776498265
 -0.11892749810236374
 0.022451543984931606
 0.13447692196022176
 -0.11419317251148595
 0.020559108498117509
 0.12864650770013972
 -0.10363798194999545
 0.022454212258517212
 0.11427850450991793
 -0.099754655903893749
 0.01811259669221461
 0.10747105650284274
 -0.090286985174030623
 0.016936604468203754
 0.096423906662530756
 -0.080897411906581743
 0.014872263643835319
 0.084044125220520294
 -0.070488601937164247
 0.012922642708322227
 0.070974542398382773
 -0.059791097395306025
 0.010696791134876114
 0.056838739445800979
 -0.048370222504315614
 0.0083997049739059533
 0.042593261642284788
 -0.036318744417616428
 0.0061744558041905975
 0.027736720235714732
 -0.02433612435405471
 0.0035612658406770953
 0.012935190412223003
 -0.01214486416696433
 0.0011175616843520008
 -0.000787388010058823
 -0.00099482716004108129
 -0.001507133026891799
 -0.0079042488803111322
 0.0048395103007372519
 -0.0039517890866134905
 0.0088592323439216462


# name: p
# type: matrix
# rows: 97
# columns: 1
 -12221940218.567976
 -12097038895.757151
 -12138672670.027538
 -12596644187.003296
 -16731075270.940002
 -15352931576.293791
 -193350935.18647331
 5110702980.0648031
 3342685008.315136
 -16105512680.929365
 -21233551893.921379
 -19524205489.589584
 -721395041.93599141
 -241328941.09017289
 -401350974.70469749
 -2161593344.4631653
 -2957517600.1028786
 -2692209514.888629
 226179422.46949214
 2087029485.7859387
 1466746131.3482835
 -5356370767.460844
 -7633825972.6612396
 -6874674237.5930777
 1475994848.1596415
 300568786.37455195
 692377473.63771594
 5002273033.5368061
 7133558746.8344955
 6423130175.7370176
 -1391584106.3313584
 -1863823910.5508604
 -1706410642.4761207
 25135306.350165401
 -1967153650.9882483
 -1303057331.8738654
 6002002178.3879318
 7503091863.2798958
 7002728634.984292
 1498733123.7368031
 1571799563.1797464
 1547444083.3672037
 1279533805.4335935
 1593905682.8991013
 1489115057.0790236
 336418173.06297833
 171931717.19792068
 226760535.82134107
 829877540.68343282
 875940831.70913434
 860586401.36894321
 691687667.63137543
 1167336541.4275277
 1008786916.8305366
 -735258953.73160028
 -698468183.26435947
 -710731773.41850853
 -845631265.10969019
 -3021348540.0014911
 -2296109448.3693552
 5681520559.5883045
 7772111562.8347921
 7075247895.0874233
 -590252450.12975132
 -104540065.37636691
 -266444193.6261135
 -2047389604.3694408
 -3920280489.0939116
 -3295983527.5178633
 3571283049.822155
 4128670501.5114636
 3942874684.2828112
 1899120694.7706933
 3035160665.8065672
 2656480675.4622264
 -1508999218.3227048
 -2183248346.496407
 -1958498637.1043503
 513748166.21069038
 591074501.72809637
 565299056.55628741
 281769159.66846752
 596382767.77531469
 491511565.07353336
 -662071664.64438748
 -676748370.51205266
 -671856135.22249448
 -618041547.03610253
 -988015447.40464497
 -864690813.94829309
 491880154.07241231
 590291723.12461555
 557487866.77390206
 196645446.91645798
 300801695.41403586
 266082945.91479489
 -115823298.57682581


# name: x
# type: range
# base, limit, increment
0 1 0.010416666666666666


