# Created by Octave 6.2.0, Sun Aug 01 13:51:07 2021 -03 <kuroneko@kuroneko-VirtualBox>
# name: xl
# type: matrix
# rows: 33
# columns: 1
 0
 0.03125
 0.0625
 0.09375
 0.125
 0.15625
 0.1875
 0.21875
 0.25
 0.28125
 0.3125
 0.34375
 0.375
 0.40625
 0.4375
 0.46875
 0.5
 0.53125
 0.5625
 0.59375
 0.625
 0.65625
 0.6875
 0.71875
 0.75
 0.78125
 0.8125
 0.84375
 0.875
 0.90625
 0.9375
 0.96875
 1


# name: h
# type: scalar
0.0625


# name: u
# type: matrix
# rows: 33
# columns: 1
 0.85881890642701197
 -0.087530627534556205
 1.0840145854335659
 0.22075862422523207
 1.1907242366635633
 0.41355387971431806
 1.1858224902323746
 0.49990925863809177
 1.0804731396750948
 0.49296930546618167
 0.8897001236217178
 0.40946385196002943
 0.63181016426111225
 0.26906509912048826
 0.32768925027382684
 0.093631625535671392
 9.2370555648813024e-14
 -0.093631625535769092
 -0.32768925027363971
 -0.26906509912058585
 -0.63181016426092629
 -0.40946385196012636
 -0.88970012362153106
 -0.49296930546628026
 -1.0804731396749083
 -0.49990925863819036
 -1.185822490232189
 -0.41355387971441482
 -1.1907242366633777
 -0.22075862422532999
 -1.0840145854333785
 0.087530627534459837
 -0.85881890642682268


# name: p
# type: matrix
# rows: 33
# columns: 1
 -0.11927609624437621
 -0.11053392742876117
 -0.11150991829697537
 -0.080750403436572749
 -0.086254869447606408
 -0.038914545262272782
 -0.05072375841879001
 0.0080154002190893636
 -0.011563947799963226
 0.053777176265258325
 0.025398100368951182
 0.093045171281458561
 0.055380732266221255
 0.12163507908734936
 0.074830858563089464
 0.13666469945694409
 0.081560497654084629
 0.13666469945694321
 0.07483085856308766
 0.12163507908734686
 0.055380732266218161
 0.093045171281454953
 0.025398100368946686
 0.05377717626525369
 -0.011563947799968888
 0.0080154002190833129
 -0.050723758418797393
 -0.038914545262280276
 -0.086254869447614513
 -0.080750403436581519
 -0.11150991829698481
 -0.11053392742877124
 -0.11927609624438841


# name: x
# type: range
# base, limit, increment
0 1 0.03125


# name: exata
# type: matrix
# rows: 33
# columns: 1
 0
 0.098017140329560604
 0.19509032201612825
 0.29028467725446233
 0.38268343236508978
 0.47139673682599764
 0.55557023301960218
 0.63439328416364549
 0.70710678118654746
 0.77301045336273699
 0.83146961230254524
 0.88192126434835494
 0.92387953251128674
 0.95694033573220894
 0.98078528040323043
 0.99518472667219682
 1
 0.99518472667219693
 0.98078528040323043
 0.95694033573220894
 0.92387953251128674
 0.88192126434835505
 0.83146961230254546
 0.7730104533627371
 0.70710678118654757
 0.63439328416364549
 0.55557023301960218
 0.47139673682599786
 0.38268343236508989
 0.29028467725446239
 0.19509032201612861
 0.098017140329560826
 1.2246467991473532e-16


