# Created by Octave 6.2.0, Sun Aug 01 13:51:08 2021 -03 <kuroneko@kuroneko-VirtualBox>
# name: xl
# type: matrix
# rows: 97
# columns: 1
 0
 0.010416666666666666
 0.020833333333333332
 0.03125
 0.041666666666666664
 0.052083333333333329
 0.062499999999999993
 0.072916666666666657
 0.083333333333333329
 0.09375
 0.10416666666666667
 0.11458333333333334
 0.125
 0.13541666666666666
 0.14583333333333331
 0.15624999999999997
 0.16666666666666663
 0.17708333333333329
 0.18749999999999994
 0.1979166666666666
 0.20833333333333326
 0.21874999999999992
 0.22916666666666657
 0.23958333333333323
 0.24999999999999989
 0.26041666666666657
 0.27083333333333326
 0.28124999999999994
 0.29166666666666663
 0.30208333333333331
 0.3125
 0.32291666666666669
 0.33333333333333337
 0.34375000000000006
 0.35416666666666674
 0.36458333333333343
 0.37500000000000011
 0.3854166666666668
 0.39583333333333348
 0.40625000000000017
 0.41666666666666685
 0.42708333333333354
 0.43750000000000022
 0.44791666666666691
 0.45833333333333359
 0.46875000000000028
 0.47916666666666696
 0.48958333333333365
 0.50000000000000033
 0.51041666666666696
 0.52083333333333359
 0.53125000000000022
 0.54166666666666685
 0.55208333333333348
 0.56250000000000011
 0.57291666666666674
 0.58333333333333337
 0.59375
 0.60416666666666663
 0.61458333333333326
 0.62499999999999989
 0.63541666666666652
 0.64583333333333315
 0.65624999999999978
 0.66666666666666641
 0.67708333333333304
 0.68749999999999967
 0.6979166666666663
 0.70833333333333293
 0.71874999999999956
 0.72916666666666619
 0.73958333333333282
 0.74999999999999944
 0.76041666666666607
 0.7708333333333327
 0.78124999999999933
 0.79166666666666596
 0.80208333333333259
 0.81249999999999922
 0.82291666666666585
 0.83333333333333248
 0.84374999999999911
 0.85416666666666574
 0.86458333333333237
 0.874999999999999
 0.88541666666666563
 0.89583333333333226
 0.90624999999999889
 0.91666666666666552
 0.92708333333333215
 0.93749999999999878
 0.94791666666666541
 0.95833333333333204
 0.96874999999999867
 0.9791666666666653
 0.98958333333333193
 0.99999999999999856


# name: h
# type: scalar
0.020833333333333332


# name: u
# type: matrix
# rows: 97
# columns: 1
 0.80991314936091552
 -0.25144989903301851
 0.91600386247023524
 -0.14501759673670545
 0.98912068817780441
 -0.0059122258856229015
 1.0790556056674037
 0.12277412476647742
 1.0913686636549191
 0.1852992869824116
 1.1523472733544184
 0.26791990975995872
 1.1618142983976383
 0.34101897210009441
 1.1898952377038421
 0.38482930449271968
 1.1899131340424627
 0.48828941084188088
 1.2084068164549173
 0.51133822433331066
 1.1657999858922157
 0.48023614283384691
 1.0924726473539204
 0.48064081876010722
 1.0495247964439516
 0.48057510850100754
 0.96383612973652699
 0.46750105703087708
 0.92505108424862625
 0.43612954457205744
 0.87567179897105718
 0.38631254598447895
 0.72455793084862652
 0.31646271263092707
 0.71105595995837934
 0.36367836815420462
 0.6009057151481324
 0.35017683098436403
 0.59245455607890418
 0.33264204550647802
 0.50123692628214034
 0.27836601991673743
 0.3344569178875304
 0.154024222397524
 0.24761654884515905
 0.13543939059722881
 0.12400079914298381
 0.034027943180424736
 0.074024409826424109
 0.043345054480145029
 -0.05259504103421081
 0.018149024167940842
 -0.10154615948383211
 -0.07995725377750007
 -0.2554259082398197
 -0.10555438407797202
 -0.36141574979145485
 -0.21795361927093815
 -0.50729667766241981
 -0.27188553603966598
 -0.62109125280684874
 -0.33019547460847076
 -0.66542266868878541
 -0.36572617728324741
 -0.78489925941713412
 -0.40433467370125259
 -0.84860288673723638
 -0.46325738124055149
 -0.91781410932927066
 -0.43800208430046011
 -0.94720621609964084
 -0.41124263338897848
 -0.98011661757606594
 -0.37547554570907071
 -0.98395490016919551
 -0.31487662243132697
 -1.0439591408374778
 -0.37233134933794743
 -1.0915263503862758
 -0.30958117639476052
 -1.1004492094087253
 -0.28912817379885858
 -1.098993111815423
 -0.21877280918614458
 -1.0569748503647245
 -0.17853181629510895
 -1.038741909494292
 -0.0083623026964213081
 -0.91291510390101294
 0.02511142880592836
 -0.93350235378620705
 0.072598477855708443
 -0.88227687035557922
 0.17603461100395434
 -0.88211507193546024
 0.29055579043589175
 -0.73818538689201108


# name: p
# type: matrix
# rows: 97
# columns: 1
 -13381956965973.678
 -13381956965973.654
 -13381956965973.645
 -13381956965973.615
 -13381956965973.6
 -13381956965973.625
 -13381956965973.582
 -13381956965973.576
 -13381956965973.523
 -13381956965973.635
 -13381956965973.641
 -13381956965973.568
 -13381956965973.557
 -13381956965973.518
 -13381956965973.535
 -13381956965973.539
 -13381956965973.609
 -13381956965973.488
 -13381956965973.594
 -13381956965973.514
 -13381956965973.627
 -13381956965973.586
 -13381956965973.615
 -13381956965973.504
 -13381956965973.506
 -13381956965973.416
 -13381956965973.533
 -13381956965973.504
 -13381956965973.512
 -13381956965973.463
 -13381956965973.541
 -13381956965973.363
 -13381956965973.51
 -13381956965973.393
 -13381956965973.52
 -13381956965973.357
 -13381956965973.514
 -13381956965973.23
 -13381956965973.426
 -13381956965973.141
 -13381956965973.342
 -13381956965973.213
 -13381956965973.268
 -13381956965973.221
 -13381956965973.342
 -13381956965973.213
 -13381956965973.354
 -13381956965973.242
 -13381956965973.311
 -13381956965973.133
 -13381956965973.277
 -13381956965973.211
 -13381956965973.311
 -13381956965973.117
 -13381956965973.332
 -13381956965973.188
 -13381956965973.244
 -13381956965973.143
 -13381956965973.191
 -13381956965973.105
 -13381956965973.289
 -13381956965973.186
 -13381956965973.242
 -13381956965973.094
 -13381956965973.191
 -13381956965973.08
 -13381956965973.16
 -13381956965972.971
 -13381956965973.1
 -13381956965972.902
 -13381956965973.053
 -13381956965972.906
 -13381956965973.133
 -13381956965972.848
 -13381956965973.066
 -13381956965972.934
 -13381956965973.1
 -13381956965972.947
 -13381956965973.082
 -13381956965972.848
 -13381956965973.17
 -13381956965972.881
 -13381956965973.109
 -13381956965972.834
 -13381956965973.074
 -13381956965972.938
 -13381956965973.082
 -13381956965972.998
 -13381956965973.004
 -13381956965972.928
 -13381956965972.969
 -13381956965972.904
 -13381956965972.891
 -13381956965972.83
 -13381956965972.893
 -13381956965972.906
 -13381956965972.879


# name: x
# type: range
# base, limit, increment
0 1 0.010416666666666666


