# Created by Octave 6.2.0, Wed Aug 04 01:27:21 2021 -03 <kuroneko@kuroneko-VirtualBox>
# name: xl
# type: matrix
# rows: 33
# columns: 1
 0
 0.03125
 0.0625
 0.09375
 0.125
 0.15625
 0.1875
 0.21875
 0.25
 0.28125
 0.3125
 0.34375
 0.375
 0.40625
 0.4375
 0.46875
 0.5
 0.53125
 0.5625
 0.59375
 0.625
 0.65625
 0.6875
 0.71875
 0.75
 0.78125
 0.8125
 0.84375
 0.875
 0.90625
 0.9375
 0.96875
 1


# name: h
# type: scalar
0.0625


# name: u
# type: matrix
# rows: 33
# columns: 1
 -3.1424587579516259
 -3.1270858046936398
 -3.0821994555175913
 -3.0067595321563432
 -2.9034541253070016
 -2.7709392633483447
 -2.6130973974352267
 -2.4286791179750358
 -2.2222930654373565
 -1.9931236405060406
 -1.7460650679433936
 -1.481002662702803
 -1.2027201271421988
 -0.91198838556617756
 -0.61314423171432697
 -0.30793938768427354
 -7.5495165674510645e-15
 0.30793938768425155
 0.61314423171431187
 0.91198838556615547
 1.2027201271421855
 1.481002662702783
 1.74606506794338
 1.9931236405060218
 2.2222930654373432
 2.4286791179750149
 2.6130973974352116
 2.7709392633483252
 2.903454125306987
 3.0067595321563263
 3.0821994555175758
 3.1270858046936216
 3.1424587579516086


# name: p
# type: matrix
# rows: 33
# columns: 1
 -0.2409937107127971
 0.21850460382885159
 -0.045735306643932994
 0.41075432470112722
 0.14201300484403678
 0.59184692305836117
 0.31503841502859337
 0.7548241520255039
 0.46669356132029827
 0.89342375486029524
 0.59115198167922878
 1.002320119967963
 0.68363202228365483
 1.0773289411681657
 0.74058059380481789
 1.1155680182349195
 0.759809714637244
 1.1155680182349201
 0.74058059380481667
 1.0773289411681688
 0.68363202228365527
 1.0023201199679632
 0.59115198167922989
 0.8934237548602959
 0.46669356132029716
 0.75482415202550301
 0.31503841502859375
 0.59184692305836262
 0.14201300484403723
 0.41075432470113055
 -0.045735306643931523
 0.2185046038288537
 -0.24099371071279671


# name: x
# type: range
# base, limit, increment
0 1 0.03125


# name: exata
# type: matrix
# rows: 33
# columns: 1
 0
 0.098017140329560604
 0.19509032201612825
 0.29028467725446233
 0.38268343236508978
 0.47139673682599764
 0.55557023301960218
 0.63439328416364549
 0.70710678118654746
 0.77301045336273699
 0.83146961230254524
 0.88192126434835494
 0.92387953251128674
 0.95694033573220894
 0.98078528040323043
 0.99518472667219682
 1
 0.99518472667219693
 0.98078528040323043
 0.95694033573220894
 0.92387953251128674
 0.88192126434835505
 0.83146961230254546
 0.7730104533627371
 0.70710678118654757
 0.63439328416364549
 0.55557023301960218
 0.47139673682599786
 0.38268343236508989
 0.29028467725446239
 0.19509032201612861
 0.098017140329560826
 1.2246467991473532e-16


