# Created by Octave 6.2.0, Wed Aug 04 01:27:22 2021 -03 <kuroneko@kuroneko-VirtualBox>
# name: xl
# type: matrix
# rows: 65
# columns: 1
 0
 0.015625
 0.03125
 0.046875
 0.0625
 0.078125
 0.09375
 0.109375
 0.125
 0.140625
 0.15625
 0.171875
 0.1875
 0.203125
 0.21875
 0.234375
 0.25
 0.265625
 0.28125
 0.296875
 0.3125
 0.328125
 0.34375
 0.359375
 0.375
 0.390625
 0.40625
 0.421875
 0.4375
 0.453125
 0.46875
 0.484375
 0.5
 0.515625
 0.53125
 0.546875
 0.5625
 0.578125
 0.59375
 0.609375
 0.625
 0.640625
 0.65625
 0.671875
 0.6875
 0.703125
 0.71875
 0.734375
 0.75
 0.765625
 0.78125
 0.796875
 0.8125
 0.828125
 0.84375
 0.859375
 0.875
 0.890625
 0.90625
 0.921875
 0.9375
 0.953125
 0.96875
 0.984375
 1


# name: h
# type: scalar
0.03125


# name: u
# type: matrix
# rows: 65
# columns: 1
 -3.1418019614700237
 -3.1379906968133282
 -3.1266873430497828
 -3.1077491480497361
 -3.0814592763919078
 -3.0475810786951389
 -3.0065522590908573
 -2.9580646553579535
 -2.9026889508665983
 -2.8400665986952993
 -2.7708715451936761
 -2.6947182120429325
 -2.6123669394947342
 -2.5234219463328538
 -2.4286987388073675
 -2.3278229722378163
 -2.2216419891676713
 -2.1098105945259942
 -1.9931813644288565
 -1.8714855895278815
 -1.7455349501641302
 -1.6151343097805611
 -1.4810645892509198
 -1.34323268247809
 -1.2023431854538298
 -1.0583871447515063
 -0.91204117662073769
 -0.76335643729741021
 -0.61295257831665806
 -0.46097388586727361
 -0.30795356079857439
 -0.15415582531396455
 4.4786650632566705e-06
 0.15414794059831638
 0.30797178661181346
 0.46096308778842354
 0.61296337346487839
 0.76335005908828912
 0.91205269429840952
 1.058381045814317
 1.2023614756273278
 1.3432152100675636
 1.4810935351043089
 1.6151244266631863
 1.7455457616316059
 1.8714667584649787
 1.9932012076863987
 2.1097981314011434
 2.2216575000818115
 2.3278118667674326
 2.4287167870986575
 2.5234089518443428
 2.6123860225358406
 2.694706034039521
 2.7708895783837071
 2.8400585964022884
 2.9026988366637951
 2.9580557131829952
 3.0065618754502554
 3.047570404627304
 3.081472785851632
 3.1077405633232802
 3.1266983770126844
 3.1379804896932066
 3.1418066303202794


# name: p
# type: matrix
# rows: 65
# columns: 1
 5081463940.8186054
 -2540731970.3602347
 5081463940.9166403
 -2540731970.2625651
 5081463941.01373
 -2540731970.1663203
 5081463941.1089497
 -2540731970.0724139
 5081463941.2013741
 -2540731969.9817538
 5081463941.2901058
 -2540731969.8952041
 5081463941.3742943
 -2540731969.8136096
 5081463941.4531279
 -2540731969.737752
 5081463941.5258551
 -2540731969.668365
 5081463941.5917702
 -2540731969.6061049
 5081463941.6502409
 -2540731969.5515766
 5081463941.7007065
 -2540731969.505332
 5081463941.7426815
 -2540731969.4677877
 5081463941.7757416
 -2540731969.439292
 5081463941.7995892
 -2540731969.4201393
 5081463941.8139915
 -2540731969.4105277
 5081463941.8188152
 -2540731969.4105339
 5081463941.814002
 -2540731969.420166
 5081463941.7996025
 -2540731969.4393101
 5081463941.7757578
 -2540731969.4677949
 5081463941.7426863
 -2540731969.505353
 5081463941.7007275
 -2540731969.5516195
 5081463941.6502666
 -2540731969.6061449
 5081463941.5918026
 -2540731969.6684027
 5081463941.5258856
 -2540731969.7377963
 5081463941.4531517
 -2540731969.813643
 5081463941.3743172
 -2540731969.8952289
 5081463941.2901297
 -2540731969.9817867
 5081463941.2013988
 -2540731970.0724535
 5081463941.1089897
 -2540731970.1663585
 5081463941.0137825
 -2540731970.2626033
 5081463940.916687
 -2540731970.3602667
 5081463940.818655


# name: x
# type: range
# base, limit, increment
0 1 0.015625


# name: exata
# type: matrix
# rows: 65
# columns: 1
 0
 0.049067674327418015
 0.098017140329560604
 0.14673047445536175
 0.19509032201612825
 0.24298017990326387
 0.29028467725446233
 0.33688985339222005
 0.38268343236508978
 0.42755509343028208
 0.47139673682599764
 0.51410274419322166
 0.55557023301960218
 0.59569930449243336
 0.63439328416364549
 0.67155895484701833
 0.70710678118654746
 0.74095112535495911
 0.77301045336273699
 0.80320753148064483
 0.83146961230254524
 0.85772861000027212
 0.88192126434835494
 0.90398929312344334
 0.92387953251128674
 0.94154406518302081
 0.95694033573220894
 0.97003125319454397
 0.98078528040323043
 0.98917650996478101
 0.99518472667219682
 0.99879545620517241
 1
 0.99879545620517241
 0.99518472667219693
 0.98917650996478101
 0.98078528040323043
 0.97003125319454397
 0.95694033573220894
 0.94154406518302081
 0.92387953251128674
 0.90398929312344345
 0.88192126434835505
 0.85772861000027212
 0.83146961230254546
 0.80320753148064494
 0.7730104533627371
 0.74095112535495899
 0.70710678118654757
 0.67155895484701855
 0.63439328416364549
 0.59569930449243347
 0.55557023301960218
 0.51410274419322177
 0.47139673682599786
 0.42755509343028203
 0.38268343236508989
 0.33688985339222033
 0.29028467725446239
 0.24298017990326407
 0.19509032201612861
 0.1467304744553618
 0.098017140329560826
 0.049067674327417966
 1.2246467991473532e-16


