# Created by Octave 6.2.0, Sun Aug 01 13:51:07 2021 -03 <kuroneko@kuroneko-VirtualBox>
# name: xl
# type: matrix
# rows: 65
# columns: 1
 0
 0.015625
 0.03125
 0.046875
 0.0625
 0.078125
 0.09375
 0.109375
 0.125
 0.140625
 0.15625
 0.171875
 0.1875
 0.203125
 0.21875
 0.234375
 0.25
 0.265625
 0.28125
 0.296875
 0.3125
 0.328125
 0.34375
 0.359375
 0.375
 0.390625
 0.40625
 0.421875
 0.4375
 0.453125
 0.46875
 0.484375
 0.5
 0.515625
 0.53125
 0.546875
 0.5625
 0.578125
 0.59375
 0.609375
 0.625
 0.640625
 0.65625
 0.671875
 0.6875
 0.703125
 0.71875
 0.734375
 0.75
 0.765625
 0.78125
 0.796875
 0.8125
 0.828125
 0.84375
 0.859375
 0.875
 0.890625
 0.90625
 0.921875
 0.9375
 0.953125
 0.96875
 0.984375
 1


# name: h
# type: scalar
0.03125


# name: u
# type: matrix
# rows: 65
# columns: 1
 0.82215211075593753
 -0.27995985392247791
 0.88249806716084989
 -0.30257275160629205
 0.99155072351215723
 0.087946368382325169
 1.0764907456129751
 0.1929739385310647
 1.1490568127717666
 0.38966919546142686
 1.2976504864449918
 0.51718597951040912
 1.2278464012333787
 0.62377817842013927
 1.2172445514187893
 0.67709167748731658
 1.1771370631372433
 0.65930284055870692
 1.0722287864966777
 0.57653445421508764
 0.95599521697688083
 0.58973872348957035
 0.75389570539239692
 0.2815379747145772
 0.4480996175663336
 0.23384686001447685
 0.50067995950910804
 0.35675056527155496
 0.40955747774940654
 0.31017027903369665
 0.29070600878898095
 0.32666726882533859
 0.20268911094929187
 0.26723290739397731
 0.090600323420139572
 0.1631626942494506
 0.15855264670367708
 0.31994232171073828
 -0.23124010893191282
 -0.060332197312404134
 -0.4402175503446914
 -0.091611685761406214
 -0.46895277335099772
 -0.13634689855309826
 -0.83334066106565841
 -0.1831696357470915
 -0.82533762394311971
 -0.3029144168176553
 -0.85415084628602878
 -0.083832777502017786
 -0.78685359853400716
 -0.045164088844071471
 -0.9305175101819817
 0.030760518728156008
 -0.95094596144968224
 0.00024023357546976154
 -0.87264161020335629
 0.35753538409477437
 -0.64323826778867743
 0.23591963590689455
 -0.75905376411376613
 0.32518703505243324
 -0.74506694336315782
 0.372628523877646
 -0.68450251626041103


# name: p
# type: matrix
# rows: 65
# columns: 1
 20103571152974.277
 20103571152974.133
 20103571152973.996
 20103571152974.215
 20103571152974.199
 20103571152974.312
 20103571152974.203
 20103571152974.148
 20103571152974.191
 20103571152974.426
 20103571152974.426
 20103571152974.195
 20103571152974.219
 20103571152974.023
 20103571152973.961
 20103571152974.188
 20103571152974.086
 20103571152974.164
 20103571152974.203
 20103571152974.168
 20103571152974.109
 20103571152974.414
 20103571152974.285
 20103571152974.574
 20103571152974.312
 20103571152974.785
 20103571152974.215
 20103571152974.934
 20103571152974.363
 20103571152974.785
 20103571152974.672
 20103571152975.094
 20103571152974.555
 20103571152974.973
 20103571152974.273
 20103571152974.844
 20103571152974.414
 20103571152974.934
 20103571152974.512
 20103571152975.098
 20103571152974.727
 20103571152975.266
 20103571152974.527
 20103571152975.449
 20103571152974.848
 20103571152975.77
 20103571152975.395
 20103571152975.898
 20103571152975.32
 20103571152976.102
 20103571152975.211
 20103571152976.137
 20103571152975.148
 20103571152976.109
 20103571152975.223
 20103571152976.16
 20103571152975.09
 20103571152975.707
 20103571152975.422
 20103571152975.719
 20103571152975.668
 20103571152976.098
 20103571152975.758
 20103571152976.07
 20103571152976.113


# name: x
# type: range
# base, limit, increment
0 1 0.015625


# name: exata
# type: matrix
# rows: 65
# columns: 1
 0
 0.049067674327418015
 0.098017140329560604
 0.14673047445536175
 0.19509032201612825
 0.24298017990326387
 0.29028467725446233
 0.33688985339222005
 0.38268343236508978
 0.42755509343028208
 0.47139673682599764
 0.51410274419322166
 0.55557023301960218
 0.59569930449243336
 0.63439328416364549
 0.67155895484701833
 0.70710678118654746
 0.74095112535495911
 0.77301045336273699
 0.80320753148064483
 0.83146961230254524
 0.85772861000027212
 0.88192126434835494
 0.90398929312344334
 0.92387953251128674
 0.94154406518302081
 0.95694033573220894
 0.97003125319454397
 0.98078528040323043
 0.98917650996478101
 0.99518472667219682
 0.99879545620517241
 1
 0.99879545620517241
 0.99518472667219693
 0.98917650996478101
 0.98078528040323043
 0.97003125319454397
 0.95694033573220894
 0.94154406518302081
 0.92387953251128674
 0.90398929312344345
 0.88192126434835505
 0.85772861000027212
 0.83146961230254546
 0.80320753148064494
 0.7730104533627371
 0.74095112535495899
 0.70710678118654757
 0.67155895484701855
 0.63439328416364549
 0.59569930449243347
 0.55557023301960218
 0.51410274419322177
 0.47139673682599786
 0.42755509343028203
 0.38268343236508989
 0.33688985339222033
 0.29028467725446239
 0.24298017990326407
 0.19509032201612861
 0.1467304744553618
 0.098017140329560826
 0.049067674327417966
 1.2246467991473532e-16


