# Created by Octave 6.2.0, Wed Aug 04 01:27:24 2021 -03 <kuroneko@kuroneko-VirtualBox>
# name: xl
# type: matrix
# rows: 129
# columns: 1
 0
 0.0078125
 0.015625
 0.0234375
 0.03125
 0.0390625
 0.046875
 0.0546875
 0.0625
 0.0703125
 0.078125
 0.0859375
 0.09375
 0.1015625
 0.109375
 0.1171875
 0.125
 0.1328125
 0.140625
 0.1484375
 0.15625
 0.1640625
 0.171875
 0.1796875
 0.1875
 0.1953125
 0.203125
 0.2109375
 0.21875
 0.2265625
 0.234375
 0.2421875
 0.25
 0.2578125
 0.265625
 0.2734375
 0.28125
 0.2890625
 0.296875
 0.3046875
 0.3125
 0.3203125
 0.328125
 0.3359375
 0.34375
 0.3515625
 0.359375
 0.3671875
 0.375
 0.3828125
 0.390625
 0.3984375
 0.40625
 0.4140625
 0.421875
 0.4296875
 0.4375
 0.4453125
 0.453125
 0.4609375
 0.46875
 0.4765625
 0.484375
 0.4921875
 0.5
 0.5078125
 0.515625
 0.5234375
 0.53125
 0.5390625
 0.546875
 0.5546875
 0.5625
 0.5703125
 0.578125
 0.5859375
 0.59375
 0.6015625
 0.609375
 0.6171875
 0.625
 0.6328125
 0.640625
 0.6484375
 0.65625
 0.6640625
 0.671875
 0.6796875
 0.6875
 0.6953125
 0.703125
 0.7109375
 0.71875
 0.7265625
 0.734375
 0.7421875
 0.75
 0.7578125
 0.765625
 0.7734375
 0.78125
 0.7890625
 0.796875
 0.8046875
 0.8125
 0.8203125
 0.828125
 0.8359375
 0.84375
 0.8515625
 0.859375
 0.8671875
 0.875
 0.8828125
 0.890625
 0.8984375
 0.90625
 0.9140625
 0.921875
 0.9296875
 0.9375
 0.9453125
 0.953125
 0.9609375
 0.96875
 0.9765625
 0.984375
 0.9921875
 1


# name: h
# type: scalar
0.015625


# name: u
# type: matrix
# rows: 129
# columns: 1
 -3.141644057702079
 -3.1406926773300841
 -3.1378642485211405
 -3.1331258801412751
 -3.1265172475116394
 -3.118008968509796
 -3.1076481865126473
 -3.0953779616849699
 -3.0812830755271374
 -3.0652965446606601
 -3.0475016712906888
 -3.0278260372316286
 -3.0063776587152886
 -2.9830573992958209
 -2.958010101966948
 -2.9311145175276021
 -2.9025107405635264
 -2.8721030684094746
 -2.8400239835510108
 -2.8061731053391572
 -2.7707000824416714
 -2.7334818399543432
 -2.6946893722183329
 -2.6542139702785832
 -2.6121974213314934
 -2.5685396759143888
 -2.5234067988915259
 -2.4766815117801828
 -2.4285320184953876
 -2.3788594387155326
 -2.3278178777089824
 -2.2753065269287465
 -2.2214829887860486
 -2.1662741049070586
 -2.1098138030837181
 -2.0520187518804649
 -1.9930392333242608
 -1.9328358202732869
 -1.871470506044675
 -1.80898088050029
 -1.7454025661468373
 -1.6807670567187787
 -1.6151224067163092
 -1.5485044556888332
 -1.4809623226841562
 -1.4125145735611229
 -1.3432286710465018
 -1.2731153006112026
 -1.2022634419202756
 -1.1306540639302944
 -1.0583957928649856
 -0.98546840866019214
 -0.91197643326386191
 -0.8379156900507313
 -0.76335843168005812
 -0.68833094078255452
 -0.61290706965270458
 -0.53709846762600733
 -0.46097041455477966
 -0.38457469437665753
 -0.30792542757625008
 -0.23112227005020664
 -0.15414244394289739
 -0.077110976777503559
 1.2407952285409252e-05
 0.077085651415878642
 0.1541674248941608
 0.23110125986145202
 0.30794533505853261
 0.38455634439908254
 0.46099303867568414
 0.53708303153966575
 0.61291948146612807
 0.68831739424371041
 0.76337292483665742
 0.83789348703874567
 0.91198630425524896
 0.98545780018123763
 1.0584052600287619
 1.1306345145573573
 1.2022762065289749
 1.2730993062028084
 1.3432461429398121
 1.4124902647288304
 1.4809849830942963
 1.5484802462558986
 1.6151514227454777
 1.6807413690090849
 1.7454292131780293
 1.8089494135366804
 1.8714994360089567
 1.9328068579236646
 1.9930575259596239
 2.0520032600250393
 2.1098174783014025
 2.1662593871191675
 2.2214962833309033
 2.2752958020040053
 2.3278218124763854
 2.3788513093528683
 2.4285409062314387
 2.4766750851285773
 2.5234156591462753
 2.568524767294516
 2.6122122556102512
 2.65419220814718
 2.6947066766572387
 2.733463041764614
 2.7707130148027517
 2.8061603032193916
 2.8400370228674197
 2.8720907068691952
 2.9025255447942575
 2.9310987716889327
 2.9580135908772331
 2.9830496023885837
 3.0063799082764708
 3.0278124069397867
 3.0475071574582975
 3.0652832648834014
 3.0812872923144523
 3.0953716908986193
 3.1076468757467826
 3.1180013105890056
 3.1265238898886247
 3.1331181732725426
 3.137861956676836
 3.1406905910971856
 3.1416415702038809


# name: p
# type: matrix
# rows: 129
# columns: 1
 644577137.71127117
 -322288568.83109933
 644577137.7603426
 -322288568.78207773
 644577137.80930042
 -322288568.73323286
 644577137.85802698
 -322288568.68467975
 644577137.90638888
 -322288568.63654721
 644577137.95429325
 -322288568.58893198
 644577138.00159347
 -322288568.54196602
 644577138.04820001
 -322288568.49575317
 644577138.09399128
 -322288568.45040697
 644577138.13886404
 -322288568.40603125
 644577138.18271089
 -322288568.36273682
 644577138.22542679
 -322288568.3206389
 644577138.26690054
 -322288568.27983207
 644577138.3070339
 -322288568.24040955
 644577138.34572411
 -322288568.20247531
 644577138.3828876
 -322288568.16610247
 644577138.41843438
 -322288568.131405
 644577138.45228624
 -322288568.09843445
 644577138.48434031
 -322288568.0673005
 644577138.51454568
 -322288568.03805989
 644577138.5428071
 -322288568.01078635
 644577138.56906307
 -322288567.98555666
 644577138.5932467
 -322288567.9624123
 644577138.61530733
 -322288567.94142687
 644577138.63519216
 -322288567.92263895
 644577138.6528573
 -322288567.90610147
 644577138.66825521
 -322288567.8918519
 644577138.68134749
 -322288567.87991905
 644577138.69209731
 -322288567.87034428
 644577138.70048654
 -322288567.86314917
 644577138.70649469
 -322288567.8583383
 644577138.71010602
 -322288567.85592401
 644577138.71130645
 -322288567.85591549
 644577138.71010268
 -322288567.85832328
 644577138.70647979
 -322288567.86313444
 644577138.70046556
 -322288567.87034047
 644577138.6920706
 -322288567.87992162
 644577138.68131804
 -322288567.89185596
 644577138.66823745
 -322288567.90610844
 644577138.65284002
 -322288567.92264408
 644577138.63517892
 -322288567.94142973
 644577138.61528826
 -322288567.96241701
 644577138.59322226
 -322288567.9855569
 644577138.56902802
 -322288568.01078856
 644577138.54275858
 -322288568.03805447
 644577138.51449084
 -322288568.06729305
 644577138.48429143
 -322288568.09843206
 644577138.45223475
 -322288568.13139021
 644577138.41839576
 -322288568.16609746
 644577138.3828516
 -322288568.20246291
 644577138.34568655
 -322288568.24040663
 644577138.30698061
 -322288568.2798295
 644577138.26684642
 -322288568.3206377
 644577138.2253691
 -322288568.36272538
 644577138.18266392
 -322288568.40601206
 644577138.13881731
 -322288568.45037681
 644577138.09394217
 -322288568.49573517
 644577138.0481441
 -322288568.54194754
 644577138.00152922
 -322288568.58891875
 644577137.95423162
 -322288568.63652867
 644577137.90634048
 -322288568.68466306
 644577137.85797811
 -322288568.73321044
 644577137.80926454
 -322288568.7820518
 644577137.76030862
 -322288568.83107811
 644577137.71123707


# name: x
# type: range
# base, limit, increment
0 1 0.0078125


