# Created by Octave 6.2.0, Wed Aug 04 01:27:22 2021 -03 <kuroneko@kuroneko-VirtualBox>
# name: xl
# type: matrix
# rows: 97
# columns: 1
 0
 0.010416666666666666
 0.020833333333333332
 0.03125
 0.041666666666666664
 0.052083333333333329
 0.062499999999999993
 0.072916666666666657
 0.083333333333333329
 0.09375
 0.10416666666666667
 0.11458333333333334
 0.125
 0.13541666666666666
 0.14583333333333331
 0.15624999999999997
 0.16666666666666663
 0.17708333333333329
 0.18749999999999994
 0.1979166666666666
 0.20833333333333326
 0.21874999999999992
 0.22916666666666657
 0.23958333333333323
 0.24999999999999989
 0.26041666666666657
 0.27083333333333326
 0.28124999999999994
 0.29166666666666663
 0.30208333333333331
 0.3125
 0.32291666666666669
 0.33333333333333337
 0.34375000000000006
 0.35416666666666674
 0.36458333333333343
 0.37500000000000011
 0.3854166666666668
 0.39583333333333348
 0.40625000000000017
 0.41666666666666685
 0.42708333333333354
 0.43750000000000022
 0.44791666666666691
 0.45833333333333359
 0.46875000000000028
 0.47916666666666696
 0.48958333333333365
 0.50000000000000033
 0.51041666666666696
 0.52083333333333359
 0.53125000000000022
 0.54166666666666685
 0.55208333333333348
 0.56250000000000011
 0.57291666666666674
 0.58333333333333337
 0.59375
 0.60416666666666663
 0.61458333333333326
 0.62499999999999989
 0.63541666666666652
 0.64583333333333315
 0.65624999999999978
 0.66666666666666641
 0.67708333333333304
 0.68749999999999967
 0.6979166666666663
 0.70833333333333293
 0.71874999999999956
 0.72916666666666619
 0.73958333333333282
 0.74999999999999944
 0.76041666666666607
 0.7708333333333327
 0.78124999999999933
 0.79166666666666596
 0.80208333333333259
 0.81249999999999922
 0.82291666666666585
 0.83333333333333248
 0.84374999999999911
 0.85416666666666574
 0.86458333333333237
 0.874999999999999
 0.88541666666666563
 0.89583333333333226
 0.90624999999999889
 0.91666666666666552
 0.92708333333333215
 0.93749999999999878
 0.94791666666666541
 0.95833333333333204
 0.96874999999999867
 0.9791666666666653
 0.98958333333333193
 0.99999999999999856


# name: h
# type: scalar
0.020833333333333332


# name: u
# type: matrix
# rows: 97
# columns: 1
 -3.1416845884734714
 -3.1400000123782315
 -3.1349598730022463
 -3.126552913339343
 -3.1147983936389112
 -3.099708697194465
 -3.0813175901418406
 -3.059586378151983
 -3.0346408774068294
 -3.0063648871211894
 -2.9749698573742553
 -2.9402701374351983
 -2.9025651817145093
 -2.8615868076842848
 -2.8177266843657112
 -2.7706470651857766
 -2.7208244141165414
 -2.6678423320717508
 -2.6122625158498076
 -2.5536256846903838
 -2.492524242745604
 -2.4284771752967158
 -2.3620999590039569
 -2.2929158478781924
 -2.2215587473423328
 -2.1475479883580593
 -2.0715201530102867
 -1.9929625365351711
 -1.9126112134749964
 -1.8298640510110817
 -1.7454905655881685
 -1.6589369672878704
 -1.5708968496114295
 -1.4808984362202158
 -1.3895832341384553
 -1.2965257945748203
 -1.2023184053532641
 -1.1065898055391643
 -1.0099072422903721
 -0.9119231562799246
 -0.81317601975818787
 -0.71333531321300514
 -0.61296190696135522
 -0.5117056903424082
 -0.41010399126795161
 -0.30788131436905036
 -0.20551419714988917
 -0.10274247179096063
 -3.1714521540826546e-05
 0.10283315853101421
 0.20544538708486648
 0.30797835823368758
 0.41005345077403477
 0.51179667936013884
 0.61290360324282989
 0.71342493293040221
 0.81312261056700064
 0.91199469142824841
 1.0098663178851517
 1.1066636146778814
 1.2022835949089603
 1.2966004154677171
 1.3895467570589
 1.4809708896516682
 1.570866620666922
 1.6590162832451028
 1.7454440771881883
 1.8299411328993609
 1.9125487891819939
 1.9930534644199063
 2.0714530266476823
 2.1476188619997565
 2.2215001505914711
 2.2929848234811656
 2.3620455378237568
 2.4285364308870432
 2.4924629282797692
 2.553691011488151
 2.612229454306719
 2.6679050283256158
 2.7207945998689254
 2.7706981873013028
 2.8176989028455965
 2.8616276210223721
 2.9025504115454441
 2.9402926478981395
 2.9749755937668083
 3.0063773959760152
 3.034645367593475
 3.0595859160521788
 3.0813270456449362
 3.099686987985943
 3.1148130890159953
 3.1265293543438855
 3.1349590519003803
 3.139984300924239
 3.1416789362639372


# name: p
# type: matrix
# rows: 97
# columns: 1
 -1515555630.5443428
 757777815.30488145
 -1515555630.4789352
 757777815.37018454
 -1515555630.4138222
 757777815.43507111
 -1515555630.3492563
 757777815.49925447
 -1515555630.2855237
 757777815.56247246
 -1515555630.2228949
 757777815.62442875
 -1515555630.1616421
 757777815.68489051
 -1515555630.1020346
 757777815.74357605
 -1515555630.0443203
 757777815.80024171
 -1515555629.9887321
 757777815.85465026
 -1515555629.9355392
 757777815.90656388
 -1515555629.8849454
 757777815.95576632
 -1515555629.8371775
 757777816.00203955
 -1515555629.7924342
 757777816.04518366
 -1515555629.7509131
 757777816.08503318
 -1515555629.712791
 757777816.12138796
 -1515555629.6782289
 757777816.15411901
 -1515555629.6473825
 757777816.18306923
 -1515555629.6203873
 757777816.20810759
 -1515555629.5973334
 757777816.2291255
 -1515555629.5783291
 757777816.24605441
 -1515555629.5634716
 757777816.25883555
 -1515555629.5528066
 757777816.26738
 -1515555629.5463967
 757777816.27167284
 -1515555629.5442603
 757777816.27167833
 -1515555629.5464003
 757777816.26740122
 -1515555629.5528183
 757777816.25887883
 -1515555629.5634685
 757777816.24610662
 -1515555629.5783522
 757777816.2291739
 -1515555629.5973558
 757777816.20813704
 -1515555629.6203997
 757777816.18309665
 -1515555629.6474168
 757777816.15415454
 -1515555629.678256
 757777816.12142944
 -1515555629.7128196
 757777816.08507538
 -1515555629.7509427
 757777816.04523289
 -1515555629.7924769
 757777816.0020839
 -1515555629.8372209
 757777815.95580745
 -1515555629.8849928
 757777815.90660989
 -1515555629.9355798
 757777815.85470307
 -1515555629.9887683
 757777815.80028701
 -1515555630.0443351
 757777815.74360883
 -1515555630.1020665
 757777815.68492675
 -1515555630.1616786
 757777815.62447941
 -1515555630.2229273
 757777815.5625118
 -1515555630.285578
 757777815.49930668
 -1515555630.3493292
 757777815.43512511
 -1515555630.4139082
 757777815.3702358
 -1515555630.4790287
 757777815.30493629
 -1515555630.544446


# name: x
# type: range
# base, limit, increment
0 1 0.010416666666666666


