# Created by Octave 6.2.0, Sun Aug 01 13:51:09 2021 -03 <kuroneko@kuroneko-VirtualBox>
# name: xl
# type: matrix
# rows: 129
# columns: 1
 0
 0.0078125
 0.015625
 0.0234375
 0.03125
 0.0390625
 0.046875
 0.0546875
 0.0625
 0.0703125
 0.078125
 0.0859375
 0.09375
 0.1015625
 0.109375
 0.1171875
 0.125
 0.1328125
 0.140625
 0.1484375
 0.15625
 0.1640625
 0.171875
 0.1796875
 0.1875
 0.1953125
 0.203125
 0.2109375
 0.21875
 0.2265625
 0.234375
 0.2421875
 0.25
 0.2578125
 0.265625
 0.2734375
 0.28125
 0.2890625
 0.296875
 0.3046875
 0.3125
 0.3203125
 0.328125
 0.3359375
 0.34375
 0.3515625
 0.359375
 0.3671875
 0.375
 0.3828125
 0.390625
 0.3984375
 0.40625
 0.4140625
 0.421875
 0.4296875
 0.4375
 0.4453125
 0.453125
 0.4609375
 0.46875
 0.4765625
 0.484375
 0.4921875
 0.5
 0.5078125
 0.515625
 0.5234375
 0.53125
 0.5390625
 0.546875
 0.5546875
 0.5625
 0.5703125
 0.578125
 0.5859375
 0.59375
 0.6015625
 0.609375
 0.6171875
 0.625
 0.6328125
 0.640625
 0.6484375
 0.65625
 0.6640625
 0.671875
 0.6796875
 0.6875
 0.6953125
 0.703125
 0.7109375
 0.71875
 0.7265625
 0.734375
 0.7421875
 0.75
 0.7578125
 0.765625
 0.7734375
 0.78125
 0.7890625
 0.796875
 0.8046875
 0.8125
 0.8203125
 0.828125
 0.8359375
 0.84375
 0.8515625
 0.859375
 0.8671875
 0.875
 0.8828125
 0.890625
 0.8984375
 0.90625
 0.9140625
 0.921875
 0.9296875
 0.9375
 0.9453125
 0.953125
 0.9609375
 0.96875
 0.9765625
 0.984375
 0.9921875
 1


# name: h
# type: scalar
0.015625


# name: u
# type: matrix
# rows: 129
# columns: 1
 0.80378941069540677
 -0.27333971308818017
 0.89785258402035706
 -0.15476248502112133
 0.97408562157197331
 -0.043514300242275317
 1.0178237332765345
 0.036305067763827248
 1.1006493003980049
 0.14421243088412539
 1.1230929384481518
 0.20009005744311414
 1.1388755191648459
 0.28157505495649532
 1.2047695723926934
 0.35639883544805961
 1.2149780224471123
 0.35762604310599322
 1.1939352838728234
 0.42226040009402582
 1.2117705051373804
 0.47225480306301226
 1.1870146240363186
 0.50172184014177024
 1.245648607722925
 0.5318915472968041
 1.1683274514349304
 0.50899549673529565
 1.108482933684082
 0.48311791075197424
 1.090729914409343
 0.50915588180753124
 1.0746158313789067
 0.52682147937058177
 1.0119938295825863
 0.46243107757476021
 0.90784681629792763
 0.48098460943412957
 0.9371530992497572
 0.4493517893667951
 0.83331944246644041
 0.42765753658009031
 0.79691687136692835
 0.37470023001795638
 0.77480643419738504
 0.43801584823775519
 0.71285142768082177
 0.43849217829551657
 0.69310003623381555
 0.46140623533767638
 0.65188149322501199
 0.41743021158036975
 0.59530287428240491
 0.38671773947869492
 0.51631157843980846
 0.29214257093320417
 0.39963659632628673
 0.34328051949166305
 0.38870612822939199
 0.3072749889282913
 0.30952871058671355
 0.24386892084228001
 0.24404539830148475
 0.20465424395841009
 0.091553014883869355
 0.14248303349705982
 0.080188866645700463
 0.096952121235180946
 -0.036720947163373929
 0.1333367798916848
 -0.052800662706425805
 0.10206226274260388
 -0.17342719103948789
 -0.03910284671705444
 -0.28070437395295533
 -0.043272291233938887
 -0.42360127554768351
 -0.14146721937294046
 -0.46067317149436471
 -0.16529872662063433
 -0.54452493556128267
 -0.2188776933175379
 -0.64590196556719581
 -0.2751214510218582
 -0.66351357179055748
 -0.28978070290650332
 -0.76345259603448024
 -0.31694746304940319
 -0.77258792367962648
 -0.28815755777650331
 -0.8559408176907819
 -0.33444803440848342
 -0.88103885694844208
 -0.3120303887226939
 -0.8877340533178717
 -0.2862897727727246
 -0.94160494493032942
 -0.26522179196069662
 -0.9397319975296955
 -0.34566277902970999
 -1.0160389256495865
 -0.29307264113207393
 -1.0144149981963266
 -0.28670283869517449
 -0.99325845829696313
 -0.24140624033674551
 -1.0080648439086295
 -0.20229367968284184
 -1.0662703367427167
 -0.14799883487570287
 -1.0255823901910672
 -0.17199553196432282
 -1.0643618406302484
 -0.10943030820587712
 -1.0375997706953686
 -0.020808473408552075
 -0.90946496619002493
 0.089019507598003922
 -0.87555014678599252
 0.10598541610619799
 -0.88281336427043322
 0.14520010487039581
 -0.85696181125776671
 0.1705127992947188
 -0.84304686284410124
 0.23510404700497139
 -0.7937823702308886
 0.29827337178753194
 -0.74629508222549745


# name: p
# type: matrix
# rows: 129
# columns: 1
 10016265743261.6
 10016265743261.596
 10016265743261.656
 10016265743261.654
 10016265743261.723
 10016265743261.73
 10016265743261.734
 10016265743261.75
 10016265743261.721
 10016265743261.721
 10016265743261.715
 10016265743261.684
 10016265743261.693
 10016265743261.715
 10016265743261.682
 10016265743261.758
 10016265743261.729
 10016265743261.762
 10016265743261.764
 10016265743261.742
 10016265743261.742
 10016265743261.75
 10016265743261.744
 10016265743261.664
 10016265743261.734
 10016265743261.68
 10016265743261.697
 10016265743261.664
 10016265743261.68
 10016265743261.65
 10016265743261.684
 10016265743261.709
 10016265743261.715
 10016265743261.703
 10016265743261.672
 10016265743261.734
 10016265743261.715
 10016265743261.779
 10016265743261.807
 10016265743261.852
 10016265743261.814
 10016265743261.908
 10016265743261.766
 10016265743261.965
 10016265743261.752
 10016265743261.965
 10016265743261.723
 10016265743261.939
 10016265743261.742
 10016265743262.021
 10016265743261.85
 10016265743262.064
 10016265743261.926
 10016265743262.1
 10016265743261.898
 10016265743262.088
 10016265743261.91
 10016265743262.143
 10016265743261.898
 10016265743262.117
 10016265743261.957
 10016265743262.137
 10016265743262
 10016265743262.141
 10016265743261.889
 10016265743262.078
 10016265743261.932
 10016265743262.117
 10016265743261.967
 10016265743262.084
 10016265743261.934
 10016265743262.131
 10016265743261.922
 10016265743262.111
 10016265743261.893
 10016265743262.127
 10016265743261.963
 10016265743262.113
 10016265743261.99
 10016265743262.15
 10016265743262.008
 10016265743262.176
 10016265743262.084
 10016265743262.172
 10016265743262.033
 10016265743262.24
 10016265743262.078
 10016265743262.35
 10016265743262.162
 10016265743262.418
 10016265743262.119
 10016265743262.412
 10016265743262.193
 10016265743262.434
 10016265743262.191
 10016265743262.344
 10016265743262.166
 10016265743262.336
 10016265743262.121
 10016265743262.373
 10016265743262.117
 10016265743262.402
 10016265743262.186
 10016265743262.447
 10016265743262.25
 10016265743262.48
 10016265743262.229
 10016265743262.498
 10016265743262.092
 10016265743262.434
 10016265743262.031
 10016265743262.408
 10016265743262.086
 10016265743262.398
 10016265743262.133
 10016265743262.293
 10016265743262.1
 10016265743262.281
 10016265743262.201
 10016265743262.332
 10016265743262.215
 10016265743262.332
 10016265743262.402
 10016265743262.42
 10016265743262.41
 10016265743262.469
 10016265743262.521
 10016265743262.529
 10016265743262.496


# name: x
# type: range
# base, limit, increment
0 1 0.0078125


