# Created by Octave 6.2.0, Sun May 16 16:04:39 2021 -03 <kuroneko@kuroneko-VirtualBox>
# name: xl
# type: matrix
# rows: 1
# columns: 17
 -2 -1.75 -1.5 -1.25 -1 -0.75 -0.5 -0.25 0 0.25 0.5 0.75 1 1.25 1.5 1.75 2


# name: h
# type: scalar
0.25


# name: u
# type: matrix
# rows: 17
# columns: 1
 -0.11086634995490167
 0.50000000000000011
 1.1108663499549014
 0.49999999999999978
 -0.11086634995490176
 0.50000000000000011
 1.1108663499549016
 0.49999999999999994
 -0.11086634995490176
 0.49999999999999989
 1.1108663499549014
 0.50000000000000011
 -0.11086634995490176
 0.49999999999999972
 1.1108663499549019
 0.50000000000000022
 -0.11086634995490174


# name: x
# type: range
# base, limit, increment
-2 2 0.25


# name: exata
# type: matrix
# rows: 17
# columns: 1
 5.9990391306474304e-32
 0.50000000000000022
 1
 0.49999999999999989
 1.4997597826618576e-32
 0.50000000000000011
 1
 0.49999999999999989
 0
 0.49999999999999989
 1
 0.50000000000000011
 1.4997597826618576e-32
 0.49999999999999989
 1
 0.50000000000000022
 5.9990391306474304e-32


