# Created by Octave 6.2.0, Sun May 16 16:04:39 2021 -03 <kuroneko@kuroneko-VirtualBox>
# name: xl
# type: matrix
# rows: 1
# columns: 257
 -2 -1.984375 -1.96875 -1.953125 -1.9375 -1.921875 -1.90625 -1.890625 -1.875 -1.859375 -1.84375 -1.828125 -1.8125 -1.796875 -1.78125 -1.765625 -1.75 -1.734375 -1.71875 -1.703125 -1.6875 -1.671875 -1.65625 -1.640625 -1.625 -1.609375 -1.59375 -1.578125 -1.5625 -1.546875 -1.53125 -1.515625 -1.5 -1.484375 -1.46875 -1.453125 -1.4375 -1.421875 -1.40625 -1.390625 -1.375 -1.359375 -1.34375 -1.328125 -1.3125 -1.296875 -1.28125 -1.265625 -1.25 -1.234375 -1.21875 -1.203125 -1.1875 -1.171875 -1.15625 -1.140625 -1.125 -1.109375 -1.09375 -1.078125 -1.0625 -1.046875 -1.03125 -1.015625 -1 -0.984375 -0.96875 -0.953125 -0.9375 -0.921875 -0.90625 -0.890625 -0.875 -0.859375 -0.84375 -0.828125 -0.8125 -0.796875 -0.78125 -0.765625 -0.75 -0.734375 -0.71875 -0.703125 -0.6875 -0.671875 -0.65625 -0.640625 -0.625 -0.609375 -0.59375 -0.578125 -0.5625 -0.546875 -0.53125 -0.515625 -0.5 -0.484375 -0.46875 -0.453125 -0.4375 -0.421875 -0.40625 -0.390625 -0.375 -0.359375 -0.34375 -0.328125 -0.3125 -0.296875 -0.28125 -0.265625 -0.25 -0.234375 -0.21875 -0.203125 -0.1875 -0.171875 -0.15625 -0.140625 -0.125 -0.109375 -0.09375 -0.078125 -0.0625 -0.046875 -0.03125 -0.015625 0 0.015625 0.03125 0.046875 0.0625 0.078125 0.09375 0.109375 0.125 0.140625 0.15625 0.171875 0.1875 0.203125 0.21875 0.234375 0.25 0.265625 0.28125 0.296875 0.3125 0.328125 0.34375 0.359375 0.375 0.390625 0.40625 0.421875 0.4375 0.453125 0.46875 0.484375 0.5 0.515625 0.53125 0.546875 0.5625 0.578125 0.59375 0.609375 0.625 0.640625 0.65625 0.671875 0.6875 0.703125 0.71875 0.734375 0.75 0.765625 0.78125 0.796875 0.8125 0.828125 0.84375 0.859375 0.875 0.890625 0.90625 0.921875 0.9375 0.953125 0.96875 0.984375 1 1.015625 1.03125 1.046875 1.0625 1.078125 1.09375 1.109375 1.125 1.140625 1.15625 1.171875 1.1875 1.203125 1.21875 1.234375 1.25 1.265625 1.28125 1.296875 1.3125 1.328125 1.34375 1.359375 1.375 1.390625 1.40625 1.421875 1.4375 1.453125 1.46875 1.484375 1.5 1.515625 1.53125 1.546875 1.5625 1.578125 1.59375 1.609375 1.625 1.640625 1.65625 1.671875 1.6875 1.703125 1.71875 1.734375 1.75 1.765625 1.78125 1.796875 1.8125 1.828125 1.84375 1.859375 1.875 1.890625 1.90625 1.921875 1.9375 1.953125 1.96875 1.984375 2


# name: h
# type: scalar
0.015625


# name: u
# type: matrix
# rows: 257
# columns: 1
 -0.0004017564262058566
 0.0020078148046990393
 0.0092133230092547487
 0.021145375204519479
 0.037689059205129896
 0.058685050290463135
 0.083931145588790224
 0.11318421140146888
 0.14616252471337099
 0.18254848633952264
 0.22199167957887483
 0.26411224491868901
 0.30850453828929986
 0.35474103763825238
 0.40237646020137596
 0.45095205081921436
 0.50000000000000044
 0.5490479491807857
 0.59762353979862526
 0.64525896236174718
 0.69149546171070042
 0.73588775508131088
 0.77800832042112522
 0.81745151366047841
 0.85383747528662968
 0.8868157885985315
 0.91606885441121
 0.94131494970953722
 0.96231094079487012
 0.97885462479548047
 0.99078667699074552
 0.99799218519530086
 1.0004017564262062
 0.99799218519530086
 0.99078667699074496
 0.9788546247954808
 0.96231094079486978
 0.941314949709537
 0.91606885441121033
 0.88681578859853116
 0.85383747528662923
 0.81745151366047786
 0.77800832042112511
 0.73588775508131066
 0.69149546171069998
 0.64525896236174685
 0.5976235397986247
 0.54904794918078592
 0.49999999999999994
 0.45095205081921375
 0.40237646020137541
 0.35474103763825249
 0.30850453828929986
 0.2641122449186889
 0.22199167957887425
 0.18254848633952267
 0.14616252471337068
 0.11318421140146859
 0.083931145588789946
 0.058685050290462747
 0.03768905920513009
 0.021145375204519562
 0.0092133230092545856
 0.0020078148046990632
 -0.00040175642620587606
 0.0020078148046990879
 0.0092133230092546342
 0.021145375204519638
 0.037689059205130181
 0.058685050290462872
 0.083931145588790085
 0.11318421140146885
 0.14616252471337082
 0.18254848633952286
 0.22199167957887447
 0.26411224491868918
 0.30850453828929997
 0.35474103763825277
 0.40237646020137552
 0.45095205081921402
 0.50000000000000033
 0.54904794918078614
 0.5976235397986247
 0.64525896236174773
 0.69149546171070009
 0.73588775508131088
 0.77800832042112555
 0.81745151366047741
 0.85383747528662923
 0.88681578859853116
 0.91606885441121
 0.94131494970953722
 0.9623109407948699
 0.97885462479548035
 0.99078667699074552
 0.99799218519530086
 1.0004017564262062
 0.99799218519530075
 0.99078667699074552
 0.97885462479548035
 0.96231094079486978
 0.941314949709537
 0.91606885441121033
 0.88681578859853138
 0.8538374752866289
 0.81745151366047741
 0.77800832042112555
 0.73588775508131121
 0.69149546171070031
 0.64525896236174718
 0.5976235397986247
 0.54904794918078581
 0.50000000000000011
 0.45095205081921397
 0.40237646020137519
 0.35474103763825282
 0.30850453828929986
 0.26411224491868884
 0.22199167957887464
 0.18254848633952261
 0.14616252471337079
 0.11318421140146874
 0.083931145588789877
 0.058685050290462934
 0.037689059205130125
 0.021145375204519545
 0.0092133230092546411
 0.0020078148046990636
 -0.00040175642620587687
 0.0020078148046990636
 0.0092133230092546411
 0.021145375204519545
 0.037689059205130118
 0.058685050290462927
 0.083931145588789891
 0.11318421140146873
 0.14616252471337079
 0.18254848633952261
 0.22199167957887461
 0.2641122449186889
 0.30850453828929986
 0.35474103763825277
 0.40237646020137519
 0.45095205081921402
 0.5
 0.54904794918078603
 0.5976235397986247
 0.64525896236174729
 0.69149546171070009
 0.73588775508131121
 0.77800832042112555
 0.8174515136604773
 0.85383747528662879
 0.8868157885985315
 0.91606885441121022
 0.941314949709537
 0.96231094079486978
 0.97885462479548035
 0.99078667699074552
 0.99799218519530086
 1.0004017564262062
 0.99799218519530075
 0.99078667699074552
 0.97885462479548069
 0.96231094079486978
 0.941314949709537
 0.91606885441121033
 0.88681578859853116
 0.85383747528662934
 0.81745151366047741
 0.77800832042112567
 0.73588775508131088
 0.69149546171070009
 0.64525896236174785
 0.59762353979862448
 0.54904794918078625
 0.50000000000000022
 0.45095205081921402
 0.40237646020137552
 0.35474103763825277
 0.30850453828929997
 0.26411224491868918
 0.22199167957887453
 0.18254848633952286
 0.14616252471337082
 0.11318421140146888
 0.083931145588790085
 0.058685050290462872
 0.037689059205130181
 0.021145375204519649
 0.0092133230092546307
 0.0020078148046990883
 -0.00040175642620587687
 0.0020078148046990658
 0.0092133230092545804
 0.021145375204519572
 0.03768905920513009
 0.058685050290462747
 0.083931145588789946
 0.11318421140146857
 0.14616252471337071
 0.18254848633952267
 0.22199167957887433
 0.2641122449186889
 0.30850453828929986
 0.35474103763825238
 0.4023764602013753
 0.4509520508192138
 0.49999999999999972
 0.54904794918078592
 0.59762353979862481
 0.64525896236174674
 0.69149546171069987
 0.73588775508131077
 0.77800832042112511
 0.81745151366047786
 0.85383747528662923
 0.8868157885985315
 0.91606885441121022
 0.94131494970953689
 0.9623109407948699
 0.97885462479548047
 0.99078667699074507
 0.99799218519530086
 1.0004017564262062
 0.99799218519530075
 0.99078667699074552
 0.97885462479548069
 0.96231094079486967
 0.94131494970953733
 0.91606885441121033
 0.88681578859853161
 0.8538374752866299
 0.81745151366047819
 0.77800832042112522
 0.73588775508131121
 0.69149546171069987
 0.64525896236174762
 0.59762353979862493
 0.54904794918078592
 0.50000000000000033
 0.45095205081921425
 0.40237646020137607
 0.35474103763825249
 0.30850453828929997
 0.26411224491868901
 0.22199167957887497
 0.18254848633952267
 0.14616252471337099
 0.11318421140146891
 0.083931145588790224
 0.058685050290463135
 0.037689059205129903
 0.021145375204519489
 0.009213323009254747
 0.0020078148046990393
 -0.00040175642620585654


# name: x
# type: range
# base, limit, increment
-2 2 0.015625


