# Created by Octave 6.2.0, Sun May 16 16:04:39 2021 -03 <kuroneko@kuroneko-VirtualBox>
# name: xl
# type: matrix
# rows: 1
# columns: 65
 -2 -1.9375 -1.875 -1.8125 -1.75 -1.6875 -1.625 -1.5625 -1.5 -1.4375 -1.375 -1.3125 -1.25 -1.1875 -1.125 -1.0625 -1 -0.9375 -0.875 -0.8125 -0.75 -0.6875 -0.625 -0.5625 -0.5 -0.4375 -0.375 -0.3125 -0.25 -0.1875 -0.125 -0.0625 0 0.0625 0.125 0.1875 0.25 0.3125 0.375 0.4375 0.5 0.5625 0.625 0.6875 0.75 0.8125 0.875 0.9375 1 1.0625 1.125 1.1875 1.25 1.3125 1.375 1.4375 1.5 1.5625 1.625 1.6875 1.75 1.8125 1.875 1.9375 2


# name: h
# type: scalar
0.0625


# name: u
# type: matrix
# rows: 65
# columns: 1
 -0.0064664552938471249
 0.03208600805047173
 0.14187413501820739
 0.30618367851037004
 0.50000000000000089
 0.69381632148962979
 0.85812586498179322
 0.96791399194952799
 1.0064664552938476
 0.96791399194952732
 0.85812586498179322
 0.69381632148962946
 0.50000000000000011
 0.30618367851037043
 0.14187413501820711
 0.032086008050471848
 -0.0064664552938472931
 0.032086008050471911
 0.14187413501820739
 0.30618367851037059
 0.50000000000000033
 0.69381632148962968
 0.85812586498179255
 0.96791399194952832
 1.0064664552938476
 0.96791399194952821
 0.85812586498179255
 0.69381632148962957
 0.5
 0.30618367851037021
 0.14187413501820717
 0.032086008050471883
 -0.0064664552938472862
 0.032086008050471931
 0.141874135018207
 0.30618367851037048
 0.49999999999999972
 0.69381632148962991
 0.85812586498179244
 0.96791399194952821
 1.0064664552938474
 0.96791399194952821
 0.85812586498179277
 0.69381632148962957
 0.50000000000000033
 0.30618367851037054
 0.14187413501820742
 0.032086008050471904
 -0.0064664552938472931
 0.032086008050471855
 0.14187413501820711
 0.30618367851037054
 0.49999999999999989
 0.69381632148963002
 0.85812586498179322
 0.96791399194952765
 1.0064664552938476
 0.9679139919495281
 0.85812586498179355
 0.69381632148963002
 0.500000000000001
 0.30618367851037026
 0.14187413501820739
 0.032086008050471723
 -0.006466455293847124


# name: x
# type: range
# base, limit, increment
-2 2 0.0625


# name: exata
# type: matrix
# rows: 65
# columns: 1
 5.9990391306474304e-32
 0.038060233744356797
 0.14644660940672671
 0.30865828381745508
 0.50000000000000022
 0.69134171618254525
 0.85355339059327351
 0.96193976625564337
 1
 0.96193976625564315
 0.85355339059327329
 0.69134171618254492
 0.49999999999999989
 0.3086582838174548
 0.14644660940672616
 0.038060233744356659
 1.4997597826618576e-32
 0.038060233744356756
 0.14644660940672632
 0.30865828381745508
 0.50000000000000011
 0.69134171618254525
 0.85355339059327373
 0.96193976625564337
 1
 0.96193976625564337
 0.85355339059327373
 0.69134171618254492
 0.49999999999999989
 0.30865828381745508
 0.14644660940672624
 0.038060233744356617
 0
 0.038060233744356617
 0.14644660940672624
 0.30865828381745508
 0.49999999999999989
 0.69134171618254492
 0.85355339059327373
 0.96193976625564337
 1
 0.96193976625564337
 0.85355339059327373
 0.69134171618254525
 0.50000000000000011
 0.30865828381745508
 0.14644660940672632
 0.038060233744356756
 1.4997597826618576e-32
 0.038060233744356659
 0.14644660940672616
 0.3086582838174548
 0.49999999999999989
 0.69134171618254492
 0.85355339059327329
 0.96193976625564315
 1
 0.96193976625564337
 0.85355339059327351
 0.69134171618254525
 0.50000000000000022
 0.30865828381745508
 0.14644660940672671
 0.038060233744356797
 5.9990391306474304e-32


