# Created by Octave 6.2.0, Fri Jul 02 02:53:40 2021 -03 <kuroneko@kuroneko-VirtualBox>
# name: deltaT
# type: scalar
0.040000000000000008


# name: U
# type: matrix
# rows: 11
# columns: 33
 0 1.12332718893748e-11 7.4436160781634811e-12 4.3146969877460411e-12 2.2766325176964056e-12 1.1217674942553966e-12 5.2506845684702247e-13 2.3626525672562774e-13 1.0307538391995259e-13 4.3873125859559464e-14 1.8305004978569142e-14 7.513251299296763e-15 3.042177761510972e-15 1.2178546378285334e-15 4.8286285214060582e-16 1.8988310841439806e-16 7.4145799918071839e-17 2.8776592978041216e-17 1.1109375092914497e-17 4.2690000732567307e-18 1.6337764460465181e-18 6.230113180658747e-19 2.3681697682685172e-19 8.9762546587076876e-20 3.3937047981538072e-20 1.2801572265929117e-20 4.8190574206185142e-21 1.8107448339913663e-21 6.7924285715700817e-22 2.5440924487758496e-22 9.5156896002755636e-23 3.5546769254327428e-23 1.3263545783910009e-23
 0 9.2748846464201768e-12 1.8924116472269753e-12 7.1237814567816516e-13 4.1087260007231008e-13 2.4087733444503328e-13 1.3081790943636303e-13 6.6323317000933132e-14 3.2078316005231259e-14 1.5093527474600844e-14 7.0011060543977936e-15 3.2217759818300066e-15 1.4727001217761434e-15 6.683857765777988e-16 3.3543568961639259e-16 1.855559689563428e-15 5.3339198908816151e-14 1.1095424185044925e-12 1.6373404651993024e-11 1.7876406284572953e-10 1.4971124821473215e-09 9.9157545366682933e-09 5.3305938027175611e-08 2.3782481971607801e-07 8.9759100342043737e-07 2.9135937786624209e-06 8.252066684290058e-06 2.0651275060246934e-05 4.6172475547264759e-05 9.3133841883714859e-05 0.00017095127591596496 0.00028774966229952947 0.00044721245853084838
 0 7.552414468984671e-12 2.8539035711165177e-12 8.3323940847544275e-13 3.0509389772152408e-13 1.4362788361213329e-13 7.3001596421941347e-14 3.6350229316343687e-14 1.724327669238584e-14 7.7737420525508239e-15 3.3543915602292514e-15 1.4001972396542295e-15 5.715103627652903e-16 2.2974498644341676e-16 6.5963234795719403e-17 -1.2249703554285534e-15 -3.8859549718950982e-14 -8.0517034878157527e-13 -1.180144466144224e-11 -1.2778092985160168e-10 -1.0596742035053865e-09 -6.9394709843727828e-09 -3.6832247345069316e-08 -1.6201591257985306e-07 -6.0207980089103209e-07 -1.9219449040419167e-06 -5.3469670541537068e-06 -1.3129739067526141e-05 -2.8775486873304197e-05 -5.6842878514033786e-05 -0.0001020939079931156 -0.0001680198124130961 -0.00025513171240094658
 0 6.3135654711801611e-12 3.802462327711282e-12 1.5993640878980664e-12 7.3068383072877106e-13 3.8232126525669839e-13 2.048575227401507e-13 1.0590361107048566e-13 5.2538987560363433e-14 2.5286011446841624e-14 1.1931980691225351e-14 5.5555638853755088e-15 2.5588954659154769e-15 1.1674076816804461e-15 5.9064801532017409e-16 3.3717361147066208e-15 9.7036543701927607e-14 2.0152760234217939e-12 2.9678328447116265e-11 3.232315922166348e-10 2.6993199294976392e-09 1.7821374018724829e-08 9.5472022889615805e-08 4.243613339829083e-07 1.5953387834614269e-06 5.1575309046891372e-06 1.4547243295046883e-05 3.6254288668983603e-05 8.0723577508905626e-05 0.0001621654194046602 0.00029648423255531774 0.00049714326034860587 0.0007698191041985088
 0 5.0202736678028506e-12 3.7286190577718689e-12 1.5451425334494982e-12 5.193184264727922e-13 1.8697803880608535e-13 8.3866913384927424e-14 4.2702276543214312e-14 2.1565626058015534e-14 1.0241680254118647e-14 4.5582321734128106e-15 1.9273688403380547e-15 7.8771750505463194e-16 3.1499302126876016e-16 4.5366044526239262e-17 -3.8686440710431074e-15 -1.207334265268097e-13 -2.5008931293509252e-12 -3.6652402169841597e-11 -3.9682096218896585e-10 -3.2905391048401938e-09 -2.1547554985187173e-08 -1.1436528682919934e-07 -5.0308612308602409e-07 -1.869770918580837e-06 -5.9698340005169879e-06 -1.661340763695383e-05 -4.0811719062340344e-05 -8.9491251774531725e-05 -0.00017689577971480522 -0.00031796626557755147 -0.00052376781127888344 -0.00079615431657794114
 0 4.3868382977778142e-12 4.462766829407872e-12 2.672327581911338e-12 1.3480528989378344e-12 6.6801800630391666e-13 3.3738339372155508e-13 1.7094846655921888e-13 8.5456772016617951e-14 4.1899867567464425e-14 2.0151454200596115e-14 9.5233564541578114e-15 4.4307927403810047e-15 2.0346726518956654e-15 1.0626936011067605e-15 7.3136431125758514e-15 2.1303352129589745e-13 4.413931618169954e-12 6.4793442702889785e-11 7.0292607116399733e-10 5.8433949838119587e-09 3.8378858911008879e-08 2.0441497218181988e-07 9.0287830674750111e-07 3.3713408071315638e-06 1.0821245751933767e-05 3.0294338002834978e-05 7.491607535507793e-05 0.00016548904286250153 0.00032978129267718676 0.0005980529047411087 0.00099468317847661186 0.0015278253988071455
 0 3.1969034076495936e-12 3.4450892117057771e-12 1.9116995984425847e-12 7.4681025224827233e-13 2.5316696286442883e-13 9.526658519075232e-14 4.4866943423422969e-14 2.3255756345261924e-14 1.1619168590437013e-14 5.3838346237948135e-15 2.3306076701529963e-15 9.6165419479992436e-16 3.8356276239742068e-16 -5.3723475468709704e-17 -1.0029397261746221e-14 -3.1067884925715777e-13 -6.4284763670124104e-12 -9.4096046799491926e-11 -1.0172160303246614e-09 -8.4204447233513399e-09 -5.503335648504162e-08 -2.9147876761211867e-07 -1.2793235693803494e-06 -4.743615388237747e-06 -1.5109187075659922e-05 -4.1945630122840942e-05 -0.00010279430301959004 -0.00022487551580374209 -0.00044349680845673009 -0.00079544579336228904 -0.0013076133015112676 -0.001983859698687143
 0 3.2629857240396679e-12 4.7313835276531535e-12 3.7611970243602053e-12 2.2472209059567791e-12 1.1698021816393106e-12 5.7880702294645792e-13 2.8460297110332139e-13 1.4063764139906066e-13 6.9385876237695863e-14 3.3847241510529328e-14 1.6227809596105599e-14 7.6353162569926747e-15 3.5343270871066583e-15 1.9415023344888312e-15 1.6981699026146338e-14 5.0094124965619902e-13 1.0357583883722218e-11 1.5160142783531219e-10 1.6388829280352184e-09 1.3567487786752966e-08 8.8687181437176005e-08 4.6986075659948968e-07 2.0632166375802016e-06 7.6554344227929187e-06 2.4406799972292337e-05 6.7842091717602607e-05 0.00016652429817614809 0.00036502251277899098 0.00072165348502308761 0.0012981340841017081 0.0021413433028856666 0.0032618152377668218
 0 1.6894951243781464e-12 2.2884923501242502e-12 1.5503910832547116e-12 7.0666073938684599e-13 2.5559975410689196e-13 8.9641769992198273e-14 3.7680275356806462e-14 1.8907488559828889e-14 9.6923042599419077e-15 4.6581253386675475e-15 2.0754305696570169e-15 8.7137505936815631e-16 3.4633871060116226e-16 -3.7038809212145276e-16 -2.4819462134538111e-14 -7.6509435800661922e-13 -1.5806874443383006e-11 -2.3093971541704663e-10 -2.4909417951139126e-09 -2.0565912667703094e-08 -1.3401476237440006e-07 -7.0748030253823154e-07 -3.0942448383953359e-06 -1.1430291653614991e-05 -3.6265241971581395e-05 -0.00010027371772677513 -0.00024473161090313622 -0.00053317867267444906 -0.0010472185690284788 -0.0018706664413592191 -0.0030629574235952538 -0.0046291134086699683
 0 2.9348446206106904e-12 5.3597906860083734e-12 5.1393551333018977e-12 3.5067056738281549e-12 1.9629215740933797e-12 9.9152060444754512e-13 4.8357080637085338e-13 2.3613965775978652e-13 1.1616303556725263e-13 5.6993181217959056e-14 2.7587820494078356e-14 1.3104189607660318e-14 6.1155081431504014e-15 3.6001725430588522e-15 4.037646649933534e-14 1.2030688719663141e-12 2.4828563014766932e-11 3.6247589001749892e-10 3.9062837468651416e-09 3.2219233620943704e-08 2.0972207425760708e-07 1.1058602971872391e-06 4.830811802295832e-06 1.7823950452420467e-05 5.6485600446152345e-05 0.00015601716673366875 0.00038042550904800816 0.00082817382835373595 0.0016257310281457061 0.0029032345311381354 0.0047536900831037978 0.0071868586033410602
