# Created by Octave 6.2.0, Wed Jun 30 21:32:44 2021 -03 <kuroneko@kuroneko-VirtualBox>
# name: xl
# type: matrix
# rows: 21
# columns: 1
 0
 0.10000000000000001
 0.20000000000000001
 0.30000000000000004
 0.40000000000000002
 0.5
 0.59999999999999998
 0.69999999999999996
 0.79999999999999993
 0.89999999999999991
 0.99999999999999989
 1.0999999999999999
 1.2
 1.3
 1.4000000000000001
 1.5000000000000002
 1.6000000000000003
 1.7000000000000004
 1.8000000000000005
 1.9000000000000006
 2.0000000000000004


# name: h
# type: scalar
0.10000000000000001


# name: deltaT
# type: scalar
0.010000000000000002


# name: u
# type: matrix
# rows: 21
# columns: 1
 0
 0
 0
 0
 0
 0
 0
 0
 0
 0
 0
 0
 0
 0
 0
 0
 0
 0
 0
 0
 0


# name: x
# type: range
# base, limit, increment
0 2 0.10000000000000001


# name: t
# type: range
# base, limit, increment
0 1.25 0.010000000000000002


# name: exata
# type: matrix
# rows: 21
# columns: 126
 1.3887943864964021e-11 1.3487932202428549e-11 1.2877782739766275e-11 1.2109613368420713e-11 1.12332718893748e-11 1.0293647981768243e-11 9.3291400992729369e-12 8.3710437409738625e-12 7.4436160781634811e-12 6.5645931336406307e-12 5.7459731247287193e-12 4.9949219250453776e-12 4.3146969877460087e-12 3.7055209021434684e-12 3.1653636581578962e-12 2.6906136796811561e-12 2.2766325176963971e-12 1.9181978471500122e-12 1.6098452241120573e-12 1.346121975395458e-12 1.1217674942553926e-12 9.3183380564889118e-13 7.7175907429069546e-13 6.3740514165517402e-13 5.2506845684701692e-13 4.3147208031056356e-13 3.5374488899646324e-13 2.8939274817513921e-13 2.3626525672562764e-13 1.9252071638927935e-13 1.5659120563209425e-13 1.271490334958992e-13 1.030753839199522e-13 8.3431612543632756e-14 6.7433403810682422e-14 5.442781669978329e-14 4.3873125859559149e-14 3.5321287393802516e-14 2.8402813693948991e-14 2.2813820524319458e-14 1.8305004978569142e-14 1.4672319536064718e-14 1.1749121189504543e-14 9.3995924984699622e-15 7.5132512992967077e-15 6.0003861721220141e-15 4.7882746273324936e-15 3.8180596897205275e-15 3.0421777615109503e-15 2.4222461582497095e-15 1.9273324897729367e-15 1.5325401455001503e-15 1.2178546378285158e-15 9.672045898356767e-16 7.6769886917391486e-16 6.0900791783104251e-16 4.8286285214060237e-16 3.8265054510858465e-16 3.0308677842468974e-16 2.3995277647318623e-16 1.8988310841439668e-16 1.5019515368801579e-16 1.1875214613952769e-16 9.385330679140899e-17 7.4145799918071309e-17 5.8554247956999679e-17 4.622435695751119e-17 3.6477868440258238e-17 2.8776592978040797e-17 2.2693718148396013e-17 1.7890937476676385e-17 1.4100233026170715e-17 1.1109375092914417e-17 8.7503884344221065e-18 6.8903841140905631e-18 5.4242763202146489e-18 4.2690000732566999e-18 3.3589231602490447e-18 2.6422076557534466e-18 2.0779260202057803e-18 1.6337764460465063e-18 1.2842738168066792e-18 1.0093179394591408e-18 7.9306088162322963e-19 6.2301131806587027e-19 4.893265886303021e-19 3.8425335243314712e-19 3.0168581976414302e-19 2.3681697682685172e-19 1.8586332764769218e-19 1.4584773243513865e-19 1.1442813810236669e-19 8.9762546587076876e-20 7.0402587074302867e-20 5.5209658382185963e-20 4.3288874437005395e-20 3.3937047981537831e-20 2.660174028842304e-20 2.0849031250733e-20 1.6338159368582088e-20 1.2801572265929117e-20 1.0029237195152364e-20 7.8563047432745273e-21 6.1534112839007817e-21 4.8190574206185142e-21 3.7736192837877879e-21 2.9546438294525291e-21 2.3131535872684103e-21 1.8107448339913663e-21 1.4173092635363241e-21 1.1092455157611637e-21 8.680554912249873e-22 6.7924285715700817e-22 5.3144883342675601e-22 4.1577425565746191e-22 3.2524784913617499e-22 2.5440924487758496e-22 1.9898202675161056e-22 1.5561740868637042e-22 1.2169331277667391e-22 9.5156896002755636e-23 7.4401146672492145e-23 5.8168192273828842e-23 4.5473546631387963e-23 3.5546769254327428e-23 0
 1.1253517471925872e-07 9.3708972454164442e-08 7.7591042051494882e-08 6.3922596573030123e-08 5.2425895698501444e-08 4.2824272595256137e-08 3.4854910045192895e-08 2.8276280207272275e-08 2.2871795504233293e-08 1.8450873662870885e-08 1.4848321989039549e-08 1.1922701598806449e-08 9.5541395641350705e-09 7.6419095391083673e-09 6.1019917483534818e-09 4.8647436537792478e-09 3.8727563804067013e-09 3.0789333619572321e-09 2.4448020454670865e-09 1.9390532558545338e-09 1.5362932039475169e-09 1.2159880597113532e-09 9.6157899223926534e-10 7.5974551073545367e-10 5.9979605891845707e-10 4.7316659020467255e-10 3.7300992785762634e-10 2.9386086288982093e-10 2.3136402058569504e-10 1.8205345239114169e-10 1.4317464274148334e-10 1.1254114603167751e-10 8.8419389973435806e-11 6.9436310509892816e-11 5.4505437966930312e-11 4.2767854069633092e-11 3.354510491953675e-11 2.6301705140562075e-11 2.0615320692544604e-11 1.6153087965458456e-11 1.265282838628633e-11 9.9081626753339931e-12 7.756727100760575e-12 6.0708540383611867e-12 4.7502078964367469e-12 3.7159708585546066e-12 2.906255749619361e-12 2.2724895960305015e-12 1.7765643568394871e-12 1.3885934753843878e-12 1.0851464681784906e-12 8.4786044973179885e-13 6.6234867448543211e-13 5.173429743287395e-13 4.040202759333323e-13 3.1547391176104045e-13 2.4629876368488959e-13 1.9226585465970832e-13 1.5006719494254961e-13 1.1711578382232824e-13 9.1388895095469884e-14 7.1305316636789966e-14 5.5629215610978578e-14 4.3394875350424483e-14 3.3847788015744998e-14 2.6398560236783855e-14 2.0586853366059543e-14 1.6053180233576432e-14 1.2516851433414766e-14 9.7587338242828079e-15 7.6077738414373916e-15 5.9304655149761254e-15 4.6226212340364529e-15 3.602942872750558e-15 2.8080002188333412e-15 2.1883092514353935e-15 1.7052698292775233e-15 1.3287747970892496e-15 1.0353435545228612e-15 8.0666523213890042e-16 6.2846172394655263e-16 4.8960045567791593e-16 3.814021134768233e-16 2.9710055170418793e-16 2.3142147134817922e-16 1.802537836497967e-16 1.4039329428018986e-16 1.0934281164376414e-16 8.5156272315509179e-17 6.6317201266918352e-17 5.1643951715475176e-17 4.0215829938155766e-17 3.1315506435956485e-17 2.4384126293246271e-17 1.8986320841073669e-17 1.4782938547446935e-17 1.1509793486404281e-17 8.9611045063694719e-18 6.9765905354640073e-18 5.431415445101073e-18 4.228353685587939e-18 3.2916865461007956e-18 2.5624469896144849e-18 1.9947152919728064e-18 1.552733416813078e-18 1.2086572750516336e-18 9.4080593984139976e-19 7.3229800398174119e-19 5.699895175356134e-19 4.4364684239858131e-19 3.4530248790486161e-19 2.6875346738721188e-19 2.0917065728079968e-19 1.6279460709672497e-19 1.2669867629900997e-19 9.8604602569074145e-20 7.6738899946767169e-20 5.9721051276778695e-20 4.6476458093036936e-20 3.616866786740974e-20 2.8146611085611279e-20 2.1903524979806426e-20 1.7044976224036807e-20 1.3263967668594846e-20 1.0321560231127103e-20 0
