# Created by Octave 6.3.0, Sat Sep 25 15:38:58 2021 -03 <kuroneko@kuroneko-VirtualBox>
# name: beta
# type: scalar
1440


# name: Lambda
# type: matrix
# rows: 17
# columns: 1
 1
 0.98078528040331381
 0.92387953251143129
 0.83146961230272898
 0.70710678118674997
 0.55557023301980479
 0.38268343236527647
 0.19509032201628657
 1.2111299617522521e-13
 -0.19509032201604898
 -0.38268343236505264
 -0.55557023301960329
 -0.70710678118657866
 -0.83146961230259442
 -0.92387953251133859
 -0.98078528040326662
 -1


# name: nen
# type: scalar
4


# name: nel
# type: scalar
16


# name: h
# type: scalar
0.0625


# name: xl
# type: matrix
# rows: 49
# columns: 1
 0
 0.020833333333333332
 0.041666666666666664
 0.0625
 0.083333333333333329
 0.10416666666666666
 0.12499999999999999
 0.14583333333333331
 0.16666666666666666
 0.1875
 0.20833333333333334
 0.22916666666666669
 0.25
 0.27083333333333331
 0.29166666666666663
 0.31249999999999994
 0.33333333333333326
 0.35416666666666657
 0.37499999999999989
 0.3958333333333332
 0.41666666666666652
 0.43749999999999983
 0.45833333333333315
 0.47916666666666646
 0.49999999999999978
 0.52083333333333315
 0.54166666666666652
 0.56249999999999989
 0.58333333333333326
 0.60416666666666663
 0.625
 0.64583333333333337
 0.66666666666666674
 0.68750000000000011
 0.70833333333333348
 0.72916666666666685
 0.75000000000000022
 0.77083333333333359
 0.79166666666666696
 0.81250000000000033
 0.8333333333333337
 0.85416666666666707
 0.87500000000000044
 0.89583333333333381
 0.91666666666666718
 0.93750000000000056
 0.95833333333333393
 0.9791666666666673
 1.0000000000000007


# name: U
# type: matrix
# rows: 16
# columns: 4
 -0.00019731923121746989 0.2055502876785105 0.4099798225185991 0.61309109701718001
 0.61270412614697012 0.8131811810800581 1.0097546725746551 1.2024240430503896
 1.2020596955651086 1.3895619777299979 1.570725216840249 1.7455485074366752
 1.7452207850070702 1.9125426868510371 2.0713336718963875 2.2215925215962966
 2.221314018411352 2.362025453082615 2.4923419355582737 2.6122619810347101
 2.6120433998150117 2.7207369057913628 2.8175708963579256 2.9025436775154949
 2.9023934182154778 2.9748919650175001 3.0345221877230659 3.0812822482344009
 3.0812060852341903 3.1147235943664104 3.1348584931931431 3.1416088701566109
 3.1416097303576938 3.1348581427408932 3.1147239448187225 3.0812052250331692
 3.081283075378535 3.0345218507385106 2.9748923020021873 2.9023925910714743
 2.9025444398161975 2.8175705857915005 2.7207372163585384 2.6120426375150592
 2.612262649197326 2.4923416633448032 2.3620257252974048 2.2213133502500564
 2.2215930699431219 2.0713334484965182 1.9125429102518861 1.7452202366612251
 1.7455489148952601 1.570725050839501 1.3895621437320218 1.2020592881077994
 1.2024242939624183 1.0097545703521531 0.81318128330386341 0.61270387523624459
 0.61309118174050115 0.40997978800236301 0.20555032219570224 -0.00019740395358288268


# name: P
# type: matrix
# rows: 16
# columns: 4
 0.999999862972757 0.9978586741690727 0.99144450220712632 0.98078541705233224
 0.98078514832256081 0.96592558549277285 0.94692978568166641 0.92387966347204442
 0.92387941045295729 0.89687251826327374 0.86602508853678439 0.83146973254219425
 0.83146950495717331 0.79335314312880223 0.75183953291188499 0.7071068860843317
 0.70710669267934179 0.65934565162144632 0.60876120567363412 0.55557031854434769
 0.55557016675183413 0.49999987648757116 0.44228852669855351 0.38268349523012096
 0.38268339088338443 0.32143938650343196 0.25881894768070607 0.19509035980557141
 0.19509030691459894 0.13052616116124749 0.065403101650824941 1.1261625430340285e-08
 1.1858987273337692e-08 -0.065403111354451995 -0.130526148897018 -0.19509033771509851
 -0.19509028365235859 -0.25881897897928641 -0.32143935274265373 -0.38268347442135026
 -0.38268336897083294 -0.4422885783892978 -0.49999982252765096 -0.55557029981694928
 -0.55557014703105889 -0.60876127577009442 -0.65934557953603312 -0.70710687015798834
 -0.70710667590820109 -0.7518396187202947 -0.79335305568809866 -0.83146972002894615
 -0.83146949178017215 -0.86602518675958062 -0.89687241882757718 -0.92387965485276968
 -0.92387940137648172 -0.94692989254419968 -0.96592547788334338 -0.98078541265826391
 -0.98078514369541314 -0.99144461360272695 -0.99785856252127902 -1.0000001370860785


# name: x
# type: range
# base, limit, increment
0 1 0.020833333333333332


# name: exata
# type: matrix
# rows: 49
# columns: 1
 1
 0.99785892323860348
 0.99144486137381038
 0.98078528040323043
 0.96592582628906831
 0.94693012949510569
 0.92387953251128674
 0.89687274153268837
 0.86602540378443871
 0.83146961230254524
 0.79335334029123517
 0.75183980747897738
 0.70710678118654757
 0.65934581510006895
 0.60876142900872077
 0.5555702330196024
 0.50000000000000033
 0.44228869021900163
 0.38268343236509023
 0.32143946530316192
 0.25881904510252118
 0.19509032201612875
 0.13052619222005216
 0.065403129230143714
 7.273661547324616e-16
 -0.065403129230142493
 -0.13052619222005116
 -0.19509032201612778
 -0.25881904510252041
 -0.32143946530316136
 -0.38268343236508973
 -0.44228869021900113
 -0.50000000000000022
 -0.55557023301960229
 -0.60876142900872099
 -0.65934581510006918
 -0.70710678118654813
 -0.75183980747897783
 -0.79335334029123561
 -0.83146961230254579
 -0.86602540378443915
 -0.89687274153268892
 -0.92387953251128718
 -0.94693012949510613
 -0.96592582628906865
 -0.98078528040323076
 -0.9914448613738106
 -0.99785892323860359
 -1


