# Created by Octave 6.3.0, Sat Sep 25 15:39:07 2021 -03 <kuroneko@kuroneko-VirtualBox>
# name: beta
# type: scalar
23040


# name: Lambda
# type: matrix
# rows: 257
# columns: 1
 1
 0.99992470184029592
 0.99969881869848487
 0.99932238459173728
 0.99879545620964549
 0.99811811290568542
 0.99729045668526761
 0.99631261219037448
 0.9951847266807905
 0.99390697001192496
 0.99247953460923222
 0.99090263543923385
 0.9891765099771449
 0.98730141817111072
 0.98527764240306004
 0.98310548744617987
 0.9807852804190168
 0.9783173707362155
 0.97570213005589623
 0.97293995222368612
 0.97003125321340666
 0.9669764710644303
 0.96377606581571218
 0.96043051943651125
 0.95694033575380621
 0.95330604037642197
 0.94952818061587452
 0.94560732540394798
 0.9415440652070155
 0.93733901193711699
 0.93299279885980746
 0.92850608049879013
 0.92387953253734667
 0.91911385171658244
 0.91420975573049978
 0.90916798311791569
 0.90398929315124088
 0.89867446572213572
 0.89322430122406171
 0.88763962043174505
 0.88192126437757123
 0.87607009422492843
 0.87008699113851951
 0.86397285615166186
 0.85772861003059497
 0.85135519313581676
 0.84485356528046851
 0.83822470558579054
 0.83146961233367023
 0.82458930281630438
 0.81758481318299869
 0.81045719828412766
 0.80320753151227753
 0.79583690464059798
 0.78834642765838503
 0.78073722860392003
 0.77301045339459218
 0.76516726565432658
 0.75720884653834786
 0.74913639455530134
 0.74095112538676333
 0.73265427170416275
 0.72424708298314622
 0.71573082531541132
 0.70710678121803761
 0.6983762494403446
 0.68954054476830473
 0.6806009978265416
 0.67155895487794259
 0.66241577762091663
 0.65317284298432743
 0.64383154292013345
 0.63439328419376451
 0.62485948817226811
 0.61523159061025745
 0.60551104143369117
 0.59569930452152053
 0.58579785748523427
 0.57580819144633588
 0.56573181081178603
 0.55557023304744468
 0.54532498844954602
 0.53499761991424166
 0.5245896827052462
 0.51410274421962021
 0.50353838375172566
 0.4928981922553905
 0.48218377210431645
 0.47139673685076766
 0.46053871098257576
 0.44961132967849782
 0.43861623856196413
 0.42755509345325399
 0.41642956012013482
 0.40524131402700392
 0.39399204008256944
 0.38268343238610941
 0.37131719397234686
 0.35989503655497868
 0.34841868026889822
 0.33688985341114897
 0.3253102921806495
 0.31368174041672825
 0.30200594933650798
 0.29028467727117846
 0.27851968940119876
 0.26671275749046724
 0.25486565961950047
 0.24298017991766105
 0.2310581082944739
 0.21910124017007288
 0.20711137620481684
 0.19509032202811691
 0.18303988796651535
 0.17096188877105706
 0.15885814334399459
 0.14673047446486845
 0.13458070851600296
 0.12241067520745977
 0.11022220730149043
 0.098017140336529043
 0.085797312350766944
 0.073564563605350894
 0.061320736307246555
 0.049067674331808864
 0.036807222945101178
 0.024541228526005026
 0.012271538288162222
 1.7912906300401178e-12
 -0.012271538284579935
 -0.024541228522423617
 -0.036807222941521237
 -0.049067674328230969
 -0.061320736303671304
 -0.073564563601778848
 -0.085797312347198701
 -0.0980171403329652
 -0.11022220729793157
 -0.12241067520390647
 -0.13458070851245582
 -0.14673047446132809
 -0.15885814334046153
 -0.17096188876753185
 -0.18303988796299867
 -0.19509032202460933
 -0.20711137620131892
 -0.21910124016658519
 -0.23105810829099702
 -0.24298017991419549
 -0.25486565961604679
 -0.26671275748702589
 -0.27851968939777028
 -0.2902846772677633
 -0.3020059493331067
 -0.31368174041334146
 -0.32531029217727764
 -0.33688985340779259
 -0.34841868026555778
 -0.35989503655165467
 -0.37131719396903967
 -0.38268343238281965
 -0.39399204007929761
 -0.40524131402375063
 -0.41642956011690047
 -0.42755509345003911
 -0.43861623855876924
 -0.44961132967532347
 -0.46053871097942251
 -0.47139673684763583
 -0.4821837721012065
 -0.49289819225230302
 -0.50353838374866133
 -0.51410274421657942
 -0.52458968270222961
 -0.5349976199112495
 -0.54532498844657884
 -0.55557023304450304
 -0.56573181080887047
 -0.57580819144344686
 -0.58579785748237223
 -0.59569930451868602
 -0.60551104143088463
 -0.61523159060747934
 -0.62485948816951875
 -0.63439328419104424
 -0.64383154291744282
 -0.65317284298166667
 -0.66241577761828596
 -0.67155895487534234
 -0.68060099782397221
 -0.68954054476576643
 -0.69837624943783772
 -0.70710678121556247
 -0.71573082531296839
 -0.72424708298073581
 -0.7326542717017851
 -0.74095112538441898
 -0.74913639455299064
 -0.7572088465360709
 -0.76516726565208382
 -0.77301045339238383
 -0.78073722860174655
 -0.78834642765624641
 -0.79583690463849444
 -0.80320753151020929
 -0.81045719828209517
 -0.81758481318100229
 -0.82458930281434428
 -0.83146961233174654
 -0.83822470558390361
 -0.84485356527861866
 -0.85135519313400398
 -0.85772861002881962
 -0.86397285614992425
 -0.87008699113681998
 -0.87607009422326731
 -0.88192126437594875
 -0.88763962043016109
 -0.89322430122251661
 -0.8986744657206297
 -0.90398929314977394
 -0.90916798311648794
 -0.91420975572911123
 -0.9191138517152333
 -0.92387953253603694
 -0.92850608049752015
 -0.93299279885857744
 -0.93733901193592684
 -0.94154406520586553
 -0.94560732540283832
 -0.94952818061480515
 -0.95330604037539313
 -0.95694033575281801
 -0.96043051943556379
 -0.96377606581480557
 -0.96697647106356432
 -0.97003125321258143
 -0.97293995222290153
 -0.97570213005515227
 -0.97831737073551239
 -0.98078528041835467
 -0.98310548744555859
 -0.98527764240247995
 -0.98730141817057204
 -0.98917650997664797
 -0.99090263543877855
 -0.9924795346088181
 -0.99390697001155204
 -0.99518472668045899
 -0.99631261219008427
 -0.99729045668501859
 -0.99811811290547781
 -0.99879545620947929
 -0.9993223845916126
 -0.9996988186984016
 -0.99992470184025428
 -1


# name: nen
# type: scalar
4


# name: nel
# type: scalar
256


# name: h
# type: scalar
0.00390625


