# Created by Octave 6.3.0, Sat Sep 25 15:38:58 2021 -03 <kuroneko@kuroneko-VirtualBox>
# name: beta
# type: scalar
360


# name: Lambda
# type: matrix
# rows: 5
# columns: 1
 1
 0.70710678130801174
 2.8939813508562422e-14
 -0.70710678130797089
 -1


# name: nen
# type: scalar
4


# name: nel
# type: scalar
4


# name: h
# type: scalar
0.25


# name: xl
# type: matrix
# rows: 13
# columns: 1
 0
 0.083333333333333329
 0.16666666666666666
 0.25
 0.33333333333333331
 0.41666666666666663
 0.49999999999999994
 0.58333333333333326
 0.66666666666666663
 0.75
 0.83333333333333337
 0.91666666666666674
 1


# name: U
# type: matrix
# rows: 4
# columns: 4
 -0.01181785246513895 0.81782655820223027 1.5660676192868412 2.2327183181415262
 2.2160895082571264 2.7226147455720815 3.0326149123017134 3.1456385199769548
 3.1458416897881643 3.0325321394157463 2.722697518458165 2.2158863384460337
 2.2328024738328964 1.5660333336349401 0.81786084385432856 -0.011902008156312146


# name: P
# type: matrix
# rows: 4
# columns: 4
 0.99996717263529911 0.96586471095154958 0.86594370052196445 0.70713810589251203
 0.70709191475394395 0.4999695429374999 0.25879134668859427 1.1238521755060275e-05
 1.1802882341604919e-05 -0.25880100267035994 -0.4999574682674055 -0.70712221222262517
 -0.70707522295766156 -0.8659694308124305 -0.96583797880758016 -1.0000330611305099


# name: x
# type: range
# base, limit, increment
0 1 0.083333333333333329


# name: exata
# type: matrix
# rows: 13
# columns: 1
 1
 0.96592582628906831
 0.86602540378443871
 0.70710678118654757
 0.50000000000000011
 0.25881904510252096
 2.8327694488239898e-16
 -0.25881904510252041
 -0.49999999999999978
 -0.70710678118654746
 -0.86602540378443871
 -0.96592582628906831
 -1


