# Created by Octave 6.3.0, Sat Sep 25 16:22:19 2021 -03 <kuroneko@kuroneko-VirtualBox>
# name: beta
# type: scalar
23040


# name: Lambda
# type: matrix
# rows: 257
# columns: 1
 1
 0.99992470184317395
 0.99969881870418476
 0.99932238460020417
 0.99879545622082311
 0.99811811291951624
 0.99729045670169481
 0.99631261220934042
 0.99518472670223945
 0.99390697003580086
 0.99247953463547778
 0.99090263546779334
 0.9891765100079607
 0.98730141820412842
 0.9852776424382228
 0.98310548748343329
 0.98078528045830504
 0.97831737077748349
 0.97570213009908602
 0.97293995226874241
 0.97003125326027628
 0.96697647111305929
 0.96377606586604569
 0.96043051948849445
 0.95694033580738647
 0.95330604043154576
 0.94952818067248779
 0.94560732546199833
 0.94154406526645074
 0.93733901199788183
 0.93299279892184872
 0.92850608056205663
 0.9238795326017859
 0.91911385178214122
 0.91420975579712493
 0.90916798318555436
 0.903989293219843
 0.89867446579164822
 0.89322430129443364
 0.88763962050292666
 0.88192126444951136
 0.87607009429757809
 0.87008699121182997
 0.86397285622558362
 0.85772861010507995
 0.85135519321081921
 0.84485356535593936
 0.83822470566168128
 0.83146961240993167
 0.82458930289289034
 0.81758481325986454
 0.81045719836122621
 0.80320753158956315
 0.79583690471802637
 0.78834642773591102
 0.78073722868149886
 0.77301045347217867
 0.76516726573187799
 0.75720884661582066
 0.74913639463265358
 0.7409511254639517
 0.73265427178114551
 0.72424708305988206
 0.71573082539185839
 0.70710678129415583
 0.69837624951609489
 0.68954054484364657
 0.68060099790143758
 0.67155895495235518
 0.66241577769480586
 0.65317284305765677
 0.64383154299286649
 0.63439328426586405
 0.62485948824369852
 0.61523159068098454
 0.6055110415036794
 0.59569930459073583
 0.58579785755364477
 0.57580819151390661
 0.56573181087848601
 0.55557023311324194
 0.54532498851440969
 0.5349976199781411
 0.52458968276815165
 0.51410274428150227
 0.50353838381255567
 0.49289819231513959
 0.48218377216295694
 0.47139673690827294
 0.4605387110389188
 0.44961132973365164
 0.43861623861590454
 0.42755509350595722
 0.41642956017157556
 0.40524131407716013
 0.3939920401314182
 0.3826834324336284
 0.37131719401851537
 0.35989503659977584
 0.34841868031230411
 0.33688985345314371
 0.3253102922212141
 0.31368174045584457
 0.30200594937415831
 0.29028467730734597
 0.27851968943586791
 0.2667127575236225
 0.25486565965112723
 0.24298017994774551
 0.23105810832300241
 0.21910124019703264
 0.20711137623019577
 0.19509032205190349
 0.18303988798869941
 0.17096188879162882
 0.15885814336294454
 0.14673047448218823
 0.13458070853168438
 0.12241067522149583
 0.11022220731387443
 0.098017140347255033
 0.085797312359830027
 0.073564563612746658
 0.061320736312971184
 0.049067674335859325
 0.036807222947475106
 0.024541228526700647
 0.01227153828717858
 -8.7189170620645357e-13
 -0.012271538288922251
 -0.024541228528443954
 -0.036807222949217858
 -0.049067674337601286
 -0.061320736314712167
 -0.073564563614486378
 -0.085797312361568248
 -0.098017140348991463
 -0.11022220731560872
 -0.12241067522322789
 -0.13458070853341403
 -0.1467304744839151
 -0.15885814336466872
 -0.17096188879334998
 -0.18303988799041754
 -0.19509032205361801
 -0.20711137623190595
 -0.21910124019873856
 -0.23105810832470408
 -0.24298017994944207
 -0.25486565965281804
 -0.26671275752530821
 -0.27851968943754818
 -0.2902846773090208
 -0.30200594937582659
 -0.31368174045750585
 -0.325310292222868
 -0.33688985345479039
 -0.34841868031394413
 -0.35989503660140854
 -0.37131719402014013
 -0.38268343243524522
 -0.39399204013302697
 -0.40524131407876035
 -0.41642956017316801
 -0.42755509350753984
 -0.43861623861747856
 -0.44961132973521689
 -0.46053871104047184
 -0.47139673690981593
 -0.48218377216449015
 -0.49289819231666293
 -0.5035383838140689
 -0.51410274428300518
 -0.52458968276964379
 -0.53499761997962192
 -0.54532498851587974
 -0.55557023311470055
 -0.56573181087993207
 -0.57580819151534013
 -0.58579785755506431
 -0.59569930459214304
 -0.60551104150507362
 -0.61523159068236455
 -0.62485948824506443
 -0.63439328426721486
 -0.64383154299420364
 -0.65317284305898016
 -0.66241577769611593
 -0.67155895495365026
 -0.68060099790271977
 -0.68954054484491578
 -0.69837624951734878
 -0.7071067812953955
 -0.71573082539308208
 -0.72424708306108998
 -0.73265427178233899
 -0.7409511254651312
 -0.74913639463381865
 -0.75720884661697119
 -0.76516726573301519
 -0.77301045347330255
 -0.78073722868260897
 -0.78834642773700725
 -0.79583690471910884
 -0.80320753159063185
 -0.81045719836228058
 -0.81758481326090393
 -0.82458930289391386
 -0.83146961241093897
 -0.83822470566267138
 -0.84485356535691214
 -0.85135519321177522
 -0.85772861010602075
 -0.86397285622650555
 -0.87008699121273392
 -0.87607009429846505
 -0.88192126445037855
 -0.88763962050377387
 -0.89322430129525976
 -0.89867446579245502
 -0.90398929322062949
 -0.90916798318632386
 -0.91420975579787489
 -0.91911385178287341
 -0.92387953260249955
 -0.92850608056275341
 -0.93299279892252573
 -0.93733901199853875
 -0.94154406526708934
 -0.94560732546262039
 -0.94952818067308975
 -0.95330604043212863
 -0.95694033580795101
 -0.96043051948903968
 -0.96377606586656872
 -0.96697647111356244
 -0.97003125326075768
 -0.97293995226920227
 -0.97570213009952245
 -0.97831737077789516
 -0.98078528045869429
 -0.98310548748379978
 -0.98527764243856664
 -0.98730141820444983
 -0.98917651000826223
 -0.99090263546807211
 -0.99247953463573269
 -0.99390697003603001
 -0.99518472670244562
 -0.99631261220952194
 -0.99729045670185146
 -0.9981181129196508
 -0.99879545622093213
 -0.99932238460028655
 -0.99969881870423971
 -0.99992470184320215
 -1


# name: nen
# type: scalar
4


# name: nel
# type: scalar
256


# name: h
# type: scalar
0.00390625


