# Created by Octave 6.3.0, Sat Sep 25 16:22:05 2021 -03 <kuroneko@kuroneko-VirtualBox>
# name: beta
# type: scalar
1440


# name: Lambda
# type: matrix
# rows: 17
# columns: 1
 1
 0.98078528040329438
 0.92387953251139554
 0.83146961230268146
 0.70710678118669368
 0.55557023301974218
 0.38268343236521168
 0.19509032201622295
 6.1308982582105195e-14
 -0.1950903220161028
 -0.38268343236509905
 -0.55557023301964092
 -0.7071067811866063
 -0.83146961230261318
 -0.9238795325113488
 -0.98078528040327195
 -1


# name: nen
# type: scalar
4


# name: nel
# type: scalar
16


# name: h
# type: scalar
0.0625


# name: xl
# type: matrix
# rows: 49
# columns: 1
 0
 0.020833333333333332
 0.041666666666666664
 0.0625
 0.083333333333333329
 0.10416666666666666
 0.12499999999999999
 0.14583333333333331
 0.16666666666666666
 0.1875
 0.20833333333333334
 0.22916666666666669
 0.25
 0.27083333333333331
 0.29166666666666663
 0.31249999999999994
 0.33333333333333326
 0.35416666666666657
 0.37499999999999989
 0.3958333333333332
 0.41666666666666652
 0.43749999999999983
 0.45833333333333315
 0.47916666666666646
 0.49999999999999978
 0.52083333333333315
 0.54166666666666652
 0.56249999999999989
 0.58333333333333326
 0.60416666666666663
 0.625
 0.64583333333333337
 0.66666666666666674
 0.68750000000000011
 0.70833333333333348
 0.72916666666666685
 0.75000000000000022
 0.77083333333333359
 0.79166666666666696
 0.81250000000000033
 0.8333333333333337
 0.85416666666666707
 0.87500000000000044
 0.89583333333333381
 0.91666666666666718
 0.93750000000000056
 0.95833333333333393
 0.9791666666666673
 1.0000000000000007


# name: U
# type: matrix
# rows: 16
# columns: 4
 -3.967653399075534e-11 0.20546992261848968 0.41006000605524889 0.61289432239981034
 0.6128943223218698 0.81310375739474594 1.0098315586604685 1.202235459665095
 1.2022354595932037 1.3894904707696845 1.5707958507879514 1.7453753624383874
 1.7453753623734343 1.9124798445878273 2.0713953392817648 2.2214414688506019
 2.2214414687952555 2.3619736905093354 2.4923922665386922 2.6121388254134388
 2.6121388253699438 2.7206982121146148 2.8176079567421617 2.9024531518199046
 2.9024531517900671 2.9748678272135383 3.0345445533008508 3.0812278313164869
 3.0812278313012906 3.1147149400376573 3.1348653044682933 3.1415926532279652
 3.1415926532281135 3.1348653044684212 3.1147149400377652 3.0812278313013794
 3.0812278313168084 3.0345445533011524 2.9748678272138207 2.9024531517903296
 2.9024531518199219 2.8176079567421608 2.7206982121145957 2.6121388253699056
 2.6121388254136897 2.4923922665389275 2.3619736905095547 2.2214414687954589
 2.2214414688507489 2.0713953392818989 1.9124798445879478 1.7453753623735413
 1.7453753624386605 1.5707958507882145 1.3894904707699374 1.2022354595934466
 1.2022354596650902 1.0098315586604567 0.81310375739472696 0.61289432232184338
 0.6128943223991633 0.41006000605460047 0.20546992261783939 -4.0329350373076742e-11


# name: P
# type: matrix
# rows: 16
# columns: 4
 0.99999999999997302 0.99785861969403988 0.99144455670865117 0.98078528040327251
 0.98078528040321877 0.96592553553017924 0.94692983541744202 0.92387953251132449
 0.92387953251127453 0.89687247473315979 0.86602513159549666 0.83146961230256478
 0.8314696123025197 0.79335310770401046 0.75183956763881266 0.70710678118653569
 0.70710678118649717 0.65934562566333299 0.60876123073424504 0.55557023301954889
 0.55557023301951869 0.49999986099369137 0.442288541129784 0.38268343236499053
 0.38268343236496982 0.32143938206920869 0.25881895092797147 0.19509032201598234
 0.19509032201597182 0.13052616795708483 0.065403093589333855 -1.8936972864065434e-13
 -1.8935026644731552e-13 -0.065403093589713246 -0.13052616795746536 -0.1950903220163539
 -0.19509032201634324 -0.2588189509283354 -0.32143938206957612 -0.38268343236534097
 -0.38268343236532038 -0.44228854113011873 -0.4999998609940316 -0.55557023301986463
 -0.55557023301983433 -0.60876123073453681 -0.65934562566363153 -0.7071067811868027
 -0.70710678118676451 -0.75183956763905002 -0.79335310770425715 -0.83146961230277527
 -0.83146961230272964 -0.8660251315956714 -0.89687247473334475 -0.92387953251146959
 -0.92387953251141985 -0.94692983541754849 -0.96592553553029703 -0.98078528040334778
 -0.98078528040329427 -0.99144455670868381 -0.9978586196940834 -1.0000000000000273


# name: x
# type: range
# base, limit, increment
0 1 0.020833333333333332


# name: exata
# type: matrix
# rows: 49
# columns: 1
 1
 0.99785892323860348
 0.99144486137381038
 0.98078528040323043
 0.96592582628906831
 0.94693012949510569
 0.92387953251128674
 0.89687274153268837
 0.86602540378443871
 0.83146961230254524
 0.79335334029123517
 0.75183980747897738
 0.70710678118654757
 0.65934581510006895
 0.60876142900872077
 0.5555702330196024
 0.50000000000000033
 0.44228869021900163
 0.38268343236509023
 0.32143946530316192
 0.25881904510252118
 0.19509032201612875
 0.13052619222005216
 0.065403129230143714
 7.273661547324616e-16
 -0.065403129230142493
 -0.13052619222005116
 -0.19509032201612778
 -0.25881904510252041
 -0.32143946530316136
 -0.38268343236508973
 -0.44228869021900113
 -0.50000000000000022
 -0.55557023301960229
 -0.60876142900872099
 -0.65934581510006918
 -0.70710678118654813
 -0.75183980747897783
 -0.79335334029123561
 -0.83146961230254579
 -0.86602540378443915
 -0.89687274153268892
 -0.92387953251128718
 -0.94693012949510613
 -0.96592582628906865
 -0.98078528040323076
 -0.9914448613738106
 -0.99785892323860359
 -1


