# Created by Octave 6.3.0, Sat Sep 25 16:22:05 2021 -03 <kuroneko@kuroneko-VirtualBox>
# name: beta
# type: scalar
360


# name: Lambda
# type: matrix
# rows: 5
# columns: 1
 1
 0.70710678130801818
 3.5897211129547389e-14
 -0.70710678130796722
 -1


# name: nen
# type: scalar
4


# name: nel
# type: scalar
4


# name: h
# type: scalar
0.25


# name: xl
# type: matrix
# rows: 13
# columns: 1
 0
 0.083333333333333329
 0.16666666666666666
 0.25
 0.33333333333333331
 0.41666666666666663
 0.49999999999999994
 0.58333333333333326
 0.66666666666666663
 0.75
 0.83333333333333337
 0.91666666666666674
 1


# name: U
# type: matrix
# rows: 4
# columns: 4
 -6.151773710909306e-07 0.81303590902914602 1.5706783120891921 2.2214409593559519
 2.2214400894063178 2.7204847208933165 3.0343104791567463 3.1415913160513704
 3.1415913169280496 3.0343104787999287 2.720484719298045 2.2214400865503983
 2.2214409577398189 1.5706783099892794 0.81303590641624779 -6.1833960046150426e-07


# name: P
# type: matrix
# rows: 4
# columns: 4
 0.99999999829443187 0.96585667352666238 0.86595180146762663 0.70710677989589166
 0.70710677747936479 0.4999758026636541 0.25878410525720191 -3.7113646393385205e-09
 -3.7089295827047794e-09 -0.25878411265584828 -0.49997581014355497 -0.70710678514455383
 -0.70710678272458338 -0.86595180445099174 -0.96585667670619346 -1.0000000017143524


# name: x
# type: range
# base, limit, increment
0 1 0.083333333333333329


# name: exata
# type: matrix
# rows: 13
# columns: 1
 1
 0.96592582628906831
 0.86602540378443871
 0.70710678118654757
 0.50000000000000011
 0.25881904510252096
 2.8327694488239898e-16
 -0.25881904510252041
 -0.49999999999999978
 -0.70710678118654746
 -0.86602540378443871
 -0.96592582628906831
 -1


