# Created by Octave 6.3.0, Sat Sep 25 16:21:57 2021 -03 <kuroneko@kuroneko-VirtualBox>
# name: beta
# type: scalar
160


# name: Lambda
# type: matrix
# rows: 5
# columns: 1
 1
 0.70710665700324682
 1.450691418843545e-14
 -0.70710665700322584
 -1


# name: nen
# type: scalar
3


# name: nel
# type: scalar
4


# name: h
# type: scalar
0.25


# name: xl
# type: matrix
# rows: 9
# columns: 1
 0
 0.125
 0.25
 0.375
 0.5
 0.625
 0.75
 0.875
 1


# name: U
# type: matrix
# rows: 4
# columns: 3
 -4.9401236123110149e-05 1.2019733325823316 2.2216322976818064
 2.2215484287356237 2.9018066990611353 3.1417995114092943
 3.1417940211095803 2.9018017591019265 2.221543884097279
 2.2216199885871344 1.2019614064658017 -6.1318625031266068e-05


# name: P
# type: matrix
# rows: 4
# columns: 3
 0.99999968374714854 0.92441980842252591 0.70710784053592601
 0.70710731635501267 0.38290796493377033 1.28303144877535e-06
 1.2487170753655159e-06 -0.38290608346164468 -0.70710602605544981
 -0.70710555040238865 -0.92441902909125395 -1.0000003907365322


# name: x
# type: range
# base, limit, increment
0 1 0.125


# name: exata
# type: matrix
# rows: 9
# columns: 1
 1
 0.92387953251128674
 0.70710678118654757
 0.38268343236508984
 6.123233995736766e-17
 -0.38268343236508973
 -0.70710678118654746
 -0.92387953251128674
 -1


