# Created by Octave 6.3.0, Sat Sep 25 16:21:59 2021 -03 <kuroneko@kuroneko-VirtualBox>
# name: beta
# type: scalar
2560


# name: Lambda
# type: matrix
# rows: 65
# columns: 1
 1
 0.9987954562053436
 0.99518472667252633
 0.98917650996525375
 0.98078528040383317
 0.9700312531952624
 0.95694033573302884
 0.94154406518392764
 0.92387953251226784
 0.90398929312448484
 0.88192126434944451
 0.85772861000139744
 0.83146961230369254
 0.80320753148180313
 0.77301045336389618
 0.74095112535610752
 0.70710678118767489
 0.67155895484811512
 0.63439328416470198
 0.59569930449344044
 0.55557023302055253
 0.51410274419410795
 0.47139673682681199
 0.42755509343101833
 0.38268343236574237
 0.33688985339278377
 0.29028467725493301
 0.24298017990363779
 0.19509032201640222
 0.14673047445553328
 0.098017140329627758
 0.049067674327379948
 -1.4376109175662272e-13
 -0.049067674327667191
 -0.09801714032991414
 -0.14673047445581788
 -0.19509032201668486
 -0.24298017990391788
 -0.29028467725520946
 -0.33688985339305583
 -0.38268343236600905
 -0.42755509343127962
 -0.47139673682706651
 -0.51410274419435553
 -0.55557023302079223
 -0.59569930449367192
 -0.63439328416492413
 -0.67155895484832762
 -0.70710678118787762
 -0.74095112535629992
 -0.77301045336407903
 -0.80320753148197488
 -0.83146961230385275
 -0.85772861000154499
 -0.88192126434957985
 -0.90398929312460741
 -0.92387953251237609
 -0.94154406518402178
 -0.95694033573310811
 -0.97003125319532768
 -0.9807852804038848
 -0.98917650996529394
 -0.99518472667255242
 -0.99879545620535704
 -1


# name: nen
# type: scalar
3


# name: nel
# type: scalar
64


# name: h
# type: scalar
0.015625


# name: xl
# type: matrix
# rows: 129
# columns: 1
 0
 0.0078125
 0.015625
 0.0234375
 0.03125
 0.0390625
 0.046875
 0.0546875
 0.0625
 0.0703125
 0.078125
 0.0859375
 0.09375
 0.1015625
 0.109375
 0.1171875
 0.125
 0.1328125
 0.140625
 0.1484375
 0.15625
 0.1640625
 0.171875
 0.1796875
 0.1875
 0.1953125
 0.203125
 0.2109375
 0.21875
 0.2265625
 0.234375
 0.2421875
 0.25
 0.2578125
 0.265625
 0.2734375
 0.28125
 0.2890625
 0.296875
 0.3046875
 0.3125
 0.3203125
 0.328125
 0.3359375
 0.34375
 0.3515625
 0.359375
 0.3671875
 0.375
 0.3828125
 0.390625
 0.3984375
 0.40625
 0.4140625
 0.421875
 0.4296875
 0.4375
 0.4453125
 0.453125
 0.4609375
 0.46875
 0.4765625
 0.484375
 0.4921875
 0.5
 0.5078125
 0.515625
 0.5234375
 0.53125
 0.5390625
 0.546875
 0.5546875
 0.5625
 0.5703125
 0.578125
 0.5859375
 0.59375
 0.6015625
 0.609375
 0.6171875
 0.625
 0.6328125
 0.640625
 0.6484375
 0.65625
 0.6640625
 0.671875
 0.6796875
 0.6875
 0.6953125
 0.703125
 0.7109375
 0.71875
 0.7265625
 0.734375
 0.7421875
 0.75
 0.7578125
 0.765625
 0.7734375
 0.78125
 0.7890625
 0.796875
 0.8046875
 0.8125
 0.8203125
 0.828125
 0.8359375
 0.84375
 0.8515625
 0.859375
 0.8671875
 0.875
 0.8828125
 0.890625
 0.8984375
 0.90625
 0.9140625
 0.921875
 0.9296875
 0.9375
 0.9453125
 0.953125
 0.9609375
 0.96875
 0.9765625
 0.984375
 0.9921875
 1


# name: U
# type: matrix
# rows: 64
# columns: 3
 -6.8252757860492422e-11 0.077098542967723463 0.15415064537940626
 0.15415064525378605 0.23110989177084879 0.30792992829456134
 0.30792992816909476 0.38456447660155046 0.46096738104066659
 0.46096738091636896 0.53709261192465008 0.61289432299027191
 0.61289432286874701 0.68832684410357203 0.76334474883429693
 0.76334474871108582 0.83790283662169118 0.91195621031423013
 0.91195621019496609 0.98546024781705854 1.058370689407877
 1.0583706892889386 1.1306435989576928 1.202235460806798
 1.202235460690589 1.2731031306362537 1.3432039416777444
 1.3432039415636965 1.4124956453620978 1.4809365266020693
 1.4809365264911698 1.5484853343586213 1.6151014057194537
 1.6151014056119859 1.680744586553758 1.7453753640846639
 1.7453753639804186 1.8089547778239583 1.8714445603208782
 1.8714445602189778 1.9328070385874379 1.9930052826908784
 1.9930052825941202 2.0520029979023917 2.109764680769564
 2.1097646806757138 2.1662555022600305 2.2214414709375818
 2.2214414708485224 2.2752893073716765 2.3277666140273428
 2.3277666139429383 2.378841741250231 2.4284839634558097
 2.4284839633758941 2.4766633370119897 2.5233508823060418
 2.5233508822309281 2.5685184338647229 2.6121388278612896
 2.612138827791334 2.6541857448347312 2.6946339021839791
 2.6946339021193175 2.7334588898662857 2.7706373674143205
 2.7706373673545941 2.8061468930089819 2.8399661245469403
 2.8399661244932162 2.8720746424974566 2.9024531545343488
 2.9024531544858299 2.9310833126076763 2.9579479206471624
 2.9579479206040968 2.9830307462849275 3.0063167311331784
 3.0063167310967822 3.0277917976125361 3.0474430612924408
 3.0474430612616681 3.065258633296116 3.0812278341922226
 3.0812278341674064 3.0953409924470567 3.1075896593556696
 3.107589659336802 3.1179664040271908 3.1264650288368698
 3.1264650288243021 3.1330803614385783 3.1378084702177658
 3.1378084702112776 3.1406464538337358 3.1415926561542498
 3.1415926561539171 3.1406464538334333 3.1378084702110054
 3.1378084702168785 3.1330803614377221 3.1264650288234774
 3.1264650288353173 3.1179664040256689 3.1075896593353094
 3.1075896593534691 3.0953409924448869 3.0812278341652672
 3.08122783418963 3.0652586332935532 3.0474430612591354
 3.0474430612891417 3.0277917976092672 3.0063167310935426
 3.006316731129647 2.9830307462814254 2.9579479206006236
 2.9579479206428978 2.9310833126034415 2.9024531544816243
 2.902453154529292 2.8720746424924282 2.8399661244882162
 2.8399661245417449 2.806146893003814 2.7706373673494524
 2.7706373674078866 2.7334588898598793 2.6946339021129382
 2.6946339021770984 2.6541857448278763 2.6121388277845043
 2.6121388278542654 2.5685184338577245 2.5233508822239545
 2.5233508822987094 2.4766633370046818 2.4284839633686102
 2.4284839634478903 2.3788417412423359 2.3277666139350663
 2.3277666140195943 2.2752893073639506 2.2214414708408188
 2.2214414709293457 2.1662555022518162 2.1097646806675199
 2.1097646807601693 2.0520029978930174 1.9930052825847651
 1.9930052826814992 1.9328070385780782 1.8714445602096368
 1.8714445603102443 1.8089547778133426 1.74537536396982
 1.7453753640746714 1.6807445865437827 1.615101405602027
 1.6151014057077981 1.5484853343469818 1.4809365264795449
 1.4809365265926062 1.4124956453526489 1.3432039415542607
 1.343203941665972 1.2731031306244944 1.2022354606788415
 1.2022354607957255 1.1306435989466321 1.0583706892778884
 1.0583706893945435 0.98546024780373531 0.91195621018165185
 0.91195621030140805 0.83790283660887799 0.76334474869827973
 0.76334474882102388 0.68832684409030653 0.61289432285548751
 0.61289432297851354 0.5370926119128977 0.46096738090462097
 0.46096738102959323 0.38456447659048154 0.307929928158029
 0.30792992828236565 0.23110989175865612 0.154150645241595
 0.15415064536566789 0.077098542953986549 -8.198974313404054e-11


