# Created by Octave 6.3.0, Sat Sep 25 16:22:04 2021 -03 <kuroneko@kuroneko-VirtualBox>
# name: beta
# type: scalar
10240


# name: Lambda
# type: matrix
# rows: 257
# columns: 1
 1
 0.99992470183863047
 0.99969881869518495
 0.9993223845868342
 0.99879545620317101
 0.99811811289767338
 0.99729045667574823
 0.99631261217937916
 0.99518472666835234
 0.99390696999807415
 0.99247953459399996
 0.99090263542265256
 0.98917650995924555
 0.98730141815192651
 0.98527764238262239
 0.9831054874245202
 0.98078528039616464
 0.97831737071220282
 0.97570213003075323
 0.97293995219744622
 0.97003125318609795
 0.96697647103608664
 0.9637760657863621
 0.96043051940618396
 0.95694033572253412
 0.95330604034423694
 0.94952818058280841
 0.94560732537003112
 0.94154406517227851
 0.93733901190158975
 0.93299279882351938
 0.92850608046177119
 0.9238795324996274
 0.91911385167819271
 0.91420975569146867
 0.90916798307827118
 0.90398929311101373
 0.89867446568135256
 0.89322430118275353
 0.88763962038993927
 0.88192126433529527
 0.8760700941822126
 0.87008699109539289
 0.86397285610815355
 0.85772860998673039
 0.85135519309162244
 0.8448535652359731
 0.83822470554102069
 0.83146961228865202
 0.82458930277106746
 0.81758481313756859
 0.81045719823852991
 0.803207531466539
 0.79583690459474377
 0.78834642761244078
 0.7807372285579105
 0.77301045334854324
 0.76516726560826354
 0.75720884649229547
 0.74913639450928426
 0.74095112534080487
 0.73265427165828767
 0.72424708293737805
 0.71573082526977261
 0.70710678117255032
 0.69837624939503296
 0.68954054472319071
 0.6806009977816464
 0.67155895483328731
 0.66241577757652437
 0.65317284294021827
 0.64383154287632904
 0.63439328415028473
 0.62485948812913372
 0.61523159056748966
 0.60551104139130973
 0.59569930447954578
 0.58579785744368451
 0.57580819140523043
 0.56573181077114321
 0.55557023300728159
 0.5453249884098812
 0.53499761987509331
 0.52458968266663075
 0.51410274418155522
 0.5035383837142281
 0.4928981922184768
 0.48218377206800234
 0.47139673681506805
 0.46053871094750554
 0.44961132964407269
 0.43861623852819948
 0.4275550934201624
 0.41642956008773008
 0.40524131399530017
 0.39399204005158001
 0.38268343235584729
 0.37131719394282409
 0.35989503652620747
 0.34841868024089001
 0.33688985338391508
 0.32531029215420115
 0.31368174039107588
 0.30200594931166214
 0.29028467724714846
 0.2785196893779941
 0.26671275746809714
 0.25486565959797414
 0.24298017989698678
 0.23105810827465928
 0.21910124015112564
 0.20711137618674433
 0.19509032201092635
 0.18303988795021289
 0.17096188875564911
 0.15885814332948689
 0.14673047445126625
 0.1345807085033113
 0.12241067519568295
 0.11022220729063291
 0.098017140326594546
 0.085797312341758997
 0.073564563597272412
 0.061320736300100327
 0.049067674325597103
 0.036807222939825697
 0.024541228521667343
 0.012271538284763454
 -6.6783615674201203e-13
 -0.012271538286099106
 -0.024541228523002907
 -0.036807222941161136
 -0.049067674326932341
 -0.061320736301435398
 -0.073564563598607399
 -0.085797312343093637
 -0.098017140327928992
 -0.11022220729196684
 -0.12241067519701634
 -0.13458070850464429
 -0.14673047445259901
 -0.15885814333081918
 -0.17096188875698104
 -0.18303988795154427
 -0.19509032201225679
 -0.2071113761880741
 -0.21910124015245405
 -0.23105810827598655
 -0.24298017989831244
 -0.25486565959929863
 -0.26671275746941986
 -0.27851968937931493
 -0.29028467724846685
 -0.30200594931297786
 -0.31368174039238944
 -0.3253102921555121
 -0.33688985338522398
 -0.34841868024219641
 -0.35989503652751076
 -0.37131719394412493
 -0.38268343235714541
 -0.39399204005287491
 -0.40524131399659252
 -0.41642956008901993
 -0.42755509342144848
 -0.43861623852948201
 -0.44961132964535355
 -0.46053871094878285
 -0.4713967368163397
 -0.48218377206926771
 -0.4928981922197368
 -0.5035383837154831
 -0.51410274418280533
 -0.52458968266787576
 -0.53499761987633221
 -0.54532498841111465
 -0.55557023300850861
 -0.56573181077236323
 -0.57580819140644524
 -0.5857978574448941
 -0.59569930448074881
 -0.60551104139250722
 -0.61523159056868104
 -0.62485948813031922
 -0.63439328415146135
 -0.64383154287749655
 -0.65317284294137723
 -0.662415777577674
 -0.6715589548344294
 -0.68060099778277916
 -0.68954054472431459
 -0.69837624939614784
 -0.70710678117365677
 -0.71573082527087029
 -0.7242470829384674
 -0.73265427165936969
 -0.74095112534187813
 -0.74913639451034975
 -0.75720884649335218
 -0.76516726560931159
 -0.77301045334958329
 -0.78073722855894101
 -0.78834642761346063
 -0.79583690459575318
 -0.80320753146753798
 -0.81045719823951878
 -0.81758481313854825
 -0.82458930277203657
 -0.83146961228961047
 -0.83822470554196571
 -0.84485356523690602
 -0.85135519309254248
 -0.85772860998763767
 -0.86397285610904728
 -0.87008699109627452
 -0.87607009418308124
 -0.88192126433615026
 -0.88763962039077737
 -0.89322430118357565
 -0.89867446568216014
 -0.90398929311180432
 -0.909167983079046
 -0.91420975569222662
 -0.91911385167893422
 -0.9238795325003506
 -0.92850608046247707
 -0.93299279882420727
 -0.93733901190225744
 -0.94154406517292732
 -0.9456073253706605
 -0.9495281805834177
 -0.95330604034482547
 -0.95694033572309978
 -0.96043051940672519
 -0.96377606578687791
 -0.96697647103657802
 -0.9700312531865668
 -0.97293995219789042
 -0.9757021300311729
 -0.97831737071259817
 -0.98078528039653534
 -0.98310548742486514
 -0.98527764238294324
 -0.98730141815222427
 -0.98917650995952089
 -0.99090263542290413
 -0.99247953459422689
 -0.99390696999827688
 -0.99518472666853164
 -0.99631261217953448
 -0.99729045667588045
 -0.99811811289778385
 -0.99879545620326116
 -0.9993223845869017
 -0.99969881869523058
 -0.99992470183865312
 -1


# name: nen
# type: scalar
3


# name: nel
# type: scalar
256


# name: h
# type: scalar
0.00390625


