# Created by Octave 6.3.0, Sat Sep 25 16:21:57 2021 -03 <kuroneko@kuroneko-VirtualBox>
# name: beta
# type: scalar
640


# name: Lambda
# type: matrix
# rows: 17
# columns: 1
 1
 0.98078528038820334
 0.92387953248658172
 0.83146961227320337
 0.70710678115710268
 0.55557023299391373
 0.3826834323461904
 0.19509032200610804
 -7.40642115538904e-14
 -0.19509032200625318
 -0.3826834323463264
 -0.55557023299403485
 -0.70710678115720482
 -0.8314696122732822
 -0.92387953248663646
 -0.9807852803882311
 -1


# name: nen
# type: scalar
3


# name: nel
# type: scalar
16


# name: h
# type: scalar
0.0625


# name: xl
# type: matrix
# rows: 33
# columns: 1
 0
 0.03125
 0.0625
 0.09375
 0.125
 0.15625
 0.1875
 0.21875
 0.25
 0.28125
 0.3125
 0.34375
 0.375
 0.40625
 0.4375
 0.46875
 0.5
 0.53125
 0.5625
 0.59375
 0.625
 0.65625
 0.6875
 0.71875
 0.75
 0.78125
 0.8125
 0.84375
 0.875
 0.90625
 0.9375
 0.96875
 1


# name: U
# type: matrix
# rows: 16
# columns: 3
 -5.7220275405281082e-08 0.3079296641685737 0.6128945217559868
 0.61289439611093899 0.91195541482231035 1.2022357801574999
 1.2022356615255421 1.4809352303257097 1.7453757917599488
 1.745375684700391 1.9930035354568829 2.2214419905142293
 2.2214418991410048 2.4284818324205482 2.6121394193829097
 2.6121393472073846 2.7706349344833781 2.9024537952801519
 2.9024537450762753 3.0063140898150524 3.0812284995506882
 3.0812284732474833 3.126462280646285 3.1415933205671265
 3.1415933191755583 3.1264622793834591 3.0812284721109333
 3.0812284956844018 3.0063140860750281 2.9024537414552074
 2.9024537890880344 2.7706349284101903 2.6121393412412615
 2.6121394111025613 2.4284818242472266 2.2214418910587432
 2.2214419804641081 1.9930035254977725 1.7453756748128348
 1.7453757803258876 1.4809352189631453 1.2022356502122769
 1.202235767779555 0.91195540249360107 0.61289438380737982
 0.61289450890915309 0.30792965134682271 -7.0041992148379615e-08


# name: P
# type: matrix
# rows: 16
# columns: 3
 0.99999999991014943 0.99518703550682264 0.98078528069917548
 0.98078528050285452 0.95694255602784573 0.92387953298669134
 0.92387953280132928 0.88192331078471897 0.83146961294323196
 0.83146961277595111 0.77301224730017482 0.70710678197130128
 0.70710678182853048 0.63439475666521461 0.55557023392099314
 0.55557023380821891 0.47139783130667523 0.38268343335052341
 0.38268343327207976 0.29028535165567443 0.19509032304909882
 0.19509032300800011 0.098017368735469595 1.0414928542907552e-09
 1.0393185734698301e-09 -0.098017366696124583 -0.19509032100613694
 -0.19509032096930329 -0.29028534969469999 -0.38268343142609479
 -0.38268343135166849 -0.47139782949942971 -0.55557023218905177
 -0.55557023207989331 -0.63439475508114973 -0.70710678049840547
 -0.70710678035870922 -0.77301224600016494 -0.83146961178598366
 -0.83146961162111899 -0.88192330981872435 -0.92387953218956576
 -0.92387953200586737 -0.95694255543298945 -0.98078528029280387
 -0.98078528009733179 -0.9951870353059642 -1.0000000001098839


# name: x
# type: range
# base, limit, increment
0 1 0.03125


# name: exata
# type: matrix
# rows: 33
# columns: 1
 1
 0.99518472667219693
 0.98078528040323043
 0.95694033573220882
 0.92387953251128674
 0.88192126434835505
 0.83146961230254524
 0.77301045336273699
 0.70710678118654757
 0.63439328416364549
 0.55557023301960229
 0.47139673682599781
 0.38268343236508984
 0.29028467725446233
 0.19509032201612833
 0.09801714032956077
 6.123233995736766e-17
 -0.098017140329560645
 -0.19509032201612819
 -0.29028467725446216
 -0.38268343236508973
 -0.4713967368259977
 -0.55557023301960196
 -0.63439328416364538
 -0.70710678118654746
 -0.77301045336273699
 -0.83146961230254535
 -0.88192126434835494
 -0.92387953251128674
 -0.95694033573220882
 -0.98078528040323043
 -0.99518472667219682
 -1


