# Created by Octave 6.2.0, Mon Aug 23 15:11:51 2021 -03 <kuroneko@kuroneko-VirtualBox>
# name: alfa
# type: scalar
-1


# name: beta
# type: scalar
100


# name: h
# type: scalar
0.0625


# name: xlU1
# type: matrix
# rows: 16
# columns: 1
 0
 0.0625
 0.125
 0.1875
 0.25
 0.3125
 0.375
 0.4375
 0.5
 0.5625
 0.625
 0.6875
 0.75
 0.8125
 0.875
 0.9375


# name: xlU2
# type: matrix
# rows: 16
# columns: 1
 0.0625
 0.125
 0.1875
 0.25
 0.3125
 0.375
 0.4375
 0.5
 0.5625
 0.625
 0.6875
 0.75
 0.8125
 0.875
 0.9375
 1


# name: U
# type: matrix
# rows: 16
# columns: 2
 0.99790627226281603 0.98482049377905412
 0.97875223793128763 0.92773989938252843
 0.92198530398663836 0.83500678093526171
 0.82978699186509797 0.71018482017385087
 0.70570043099608815 0.55807085504939413
 0.55449419832525992 0.38451053993513057
 0.38197906457672082 0.19617370040715487
 0.19478468959282561 0.00029801558801091784
 0.00010484822439057347 -0.19558912180305124
 -0.19457902240250818 -0.38395987893086536
 -0.38178533031965162 -0.55757527323854683
 -0.55431984210029039 -0.70976336248748695
 -0.70555215321516429 -0.83467564375591263
 -0.82967049076018551 -0.92751180812629197
 -0.92190505662986411 -0.98470421386499241
 -0.97871132818356932 -1.0040549888933463


# name: x
# type: range
# base, limit, increment
0 1 0.0625


# name: exata
# type: matrix
# rows: 17
# columns: 1
 1
 0.98078528040323043
 0.92387953251128674
 0.83146961230254524
 0.70710678118654757
 0.55557023301960229
 0.38268343236508984
 0.19509032201612833
 6.123233995736766e-17
 -0.19509032201612819
 -0.38268343236508973
 -0.55557023301960196
 -0.70710678118654746
 -0.83146961230254535
 -0.92387953251128674
 -0.98078528040323043
 -1


