# Created by Octave 6.2.0, Mon Aug 23 15:11:52 2021 -03 <kuroneko@kuroneko-VirtualBox>
# name: alfa
# type: scalar
-1


# name: beta
# type: scalar
100


# name: h
# type: scalar
0.015625


# name: xlU1
# type: matrix
# rows: 64
# columns: 1
 0
 0.015625
 0.03125
 0.046875
 0.0625
 0.078125
 0.09375
 0.109375
 0.125
 0.140625
 0.15625
 0.171875
 0.1875
 0.203125
 0.21875
 0.234375
 0.25
 0.265625
 0.28125
 0.296875
 0.3125
 0.328125
 0.34375
 0.359375
 0.375
 0.390625
 0.40625
 0.421875
 0.4375
 0.453125
 0.46875
 0.484375
 0.5
 0.515625
 0.53125
 0.546875
 0.5625
 0.578125
 0.59375
 0.609375
 0.625
 0.640625
 0.65625
 0.671875
 0.6875
 0.703125
 0.71875
 0.734375
 0.75
 0.765625
 0.78125
 0.796875
 0.8125
 0.828125
 0.84375
 0.859375
 0.875
 0.890625
 0.90625
 0.921875
 0.9375
 0.953125
 0.96875
 0.984375


# name: xlU2
# type: matrix
# rows: 64
# columns: 1
 0.015625
 0.03125
 0.046875
 0.0625
 0.078125
 0.09375
 0.109375
 0.125
 0.140625
 0.15625
 0.171875
 0.1875
 0.203125
 0.21875
 0.234375
 0.25
 0.265625
 0.28125
 0.296875
 0.3125
 0.328125
 0.34375
 0.359375
 0.375
 0.390625
 0.40625
 0.421875
 0.4375
 0.453125
 0.46875
 0.484375
 0.5
 0.515625
 0.53125
 0.546875
 0.5625
 0.578125
 0.59375
 0.609375
 0.625
 0.640625
 0.65625
 0.671875
 0.6875
 0.703125
 0.71875
 0.734375
 0.75
 0.765625
 0.78125
 0.796875
 0.8125
 0.828125
 0.84375
 0.859375
 0.875
 0.890625
 0.90625
 0.921875
 0.9375
 0.953125
 0.96875
 0.984375
 1


# name: U
# type: matrix
# rows: 64
# columns: 2
 1.0002156560961284 1.0005526187511864
 0.99901028315316487 0.99693734644601739
 0.99539820693511916 0.99092036475186118
 0.9893881292499811 0.98251616910464479
 0.98099452890131444 0.97174500594780255
 0.97023762680755199 0.95863282395682214
 0.95714333728803125 0.94321121152661191
 0.94174320563312852 0.92551732067228831
 0.924074332108893 0.90559377752672277
 0.90417928257925506 0.88348857965044814
 0.88210598596113188 0.85925498040133574
 0.85790761875946908 0.83295136064258879
 0.8316424769603824 0.80464108809813184
 0.80337383559102049 0.7743923646942108
 0.77316979628448224 0.74227806225498105
 0.74110312321701899 0.70837554694789984
 0.7072510678127587 0.67276649290185064
 0.67169518263826034 0.63553668544701658
 0.63452112493523716 0.59677581445050099
 0.59581845026475833 0.55657725824558613
 0.55568039676005909 0.51503785867514762
 0.51420366050771027 0.47225768779117261
 0.47148816259827742 0.42833980677242028
 0.4276368084076595 0.3833900176410171
 0.38275523968902692 0.3375166083761173
 0.33695158007258397 0.29083009203867621
 0.29033617458627342 0.24344294053580651
 0.24302132382493932 0.19546931366610265
 0.1951210134083568 0.14702478409868744
 0.14675063937989125 0.098226058948528538
 0.098026730207321874 0.049190698618775702
 0.049066666055555312 3.6833587453964608e-05
 -1.1603992471432547e-05 -0.04911712017920622
 -0.049089846085463927 -0.09815274650120305
 -0.098049826439473867 -0.14695191425971307
 -0.14677359617344035 -0.19539706198530413
 -0.19514377545837655 -0.24337148107381129
 -0.24304383629565759 -0.2907595969475873
 -0.29035838324317625 -0.337447247484784
 -0.33697343141307179 -0.38332195804590186
 -0.38277668107130647 -0.42827321243504857
 -0.42765778817756261 -0.47219271914313687
 -0.47150863021370126 -0.51497467223161142
 -0.51422356666037627 -0.55651600622822583
 -0.55569969349430159 -0.59671664442079198
 -0.59583709109305505 -0.63547973995074292
 -0.63453906495019952 -0.67271190912570145
 -0.67171237862082123 -0.70832345638897154
 -0.70726747833628945 -0.74222859040399336
 -0.74111870874713115 -0.77434563073318607
 -0.77318451927426901 -0.804597204613275
 -0.80338766057150957 -0.8329104333530597
 -0.83165537062598538 -0.85921710790455885
 -0.85791955004821552 -0.88345385318458525
 -0.8821169261295021 -0.90556228075087197
 -0.90418920527142554 -0.92548912946494233
 -0.92408321342022914 -0.94318639380285696
 -0.94175102416777334 -0.95861143950472993
 -0.95715007421045017 -0.97172710628439063
 -0.97024326588790877 -0.98250179735177001
 -0.98099905655457043 -0.99090955553233517
 -0.98939153456862305 -0.99693012580019669
 -0.99540048171543594 -1.0005490040742395
 -0.99901142191501191 -1.0017574721597251


# name: x
# type: range
# base, limit, increment
0 1 0.015625


# name: exata
# type: matrix
# rows: 65
# columns: 1
 1
 0.99879545620517241
 0.99518472667219693
 0.98917650996478101
 0.98078528040323043
 0.97003125319454397
 0.95694033573220882
 0.94154406518302081
 0.92387953251128674
 0.90398929312344334
 0.88192126434835505
 0.85772861000027212
 0.83146961230254524
 0.80320753148064494
 0.77301045336273699
 0.74095112535495911
 0.70710678118654757
 0.67155895484701833
 0.63439328416364549
 0.59569930449243347
 0.55557023301960229
 0.51410274419322166
 0.47139673682599781
 0.4275550934302822
 0.38268343236508984
 0.33688985339222005
 0.29028467725446233
 0.24298017990326398
 0.19509032201612833
 0.14673047445536175
 0.09801714032956077
 0.049067674327418126
 6.123233995736766e-17
 -0.049067674327418008
 -0.098017140329560645
 -0.14673047445536164
 -0.19509032201612819
 -0.24298017990326387
 -0.29028467725446216
 -0.33688985339221994
 -0.38268343236508973
 -0.42755509343028186
 -0.4713967368259977
 -0.51410274419322166
 -0.55557023301960196
 -0.59569930449243336
 -0.63439328416364538
 -0.67155895484701844
 -0.70710678118654746
 -0.74095112535495888
 -0.77301045336273699
 -0.80320753148064483
 -0.83146961230254535
 -0.85772861000027201
 -0.88192126434835494
 -0.90398929312344334
 -0.92387953251128674
 -0.9415440651830207
 -0.95694033573220882
 -0.97003125319454397
 -0.98078528040323043
 -0.98917650996478101
 -0.99518472667219682
 -0.99879545620517241
 -1


