# Created by Octave 6.2.0, Sun Jun 20 00:22:47 2021 -03 <kuroneko@kuroneko-VirtualBox>
# name: xlSU
# type: matrix
# rows: 51
# columns: 1
 0
 0.02
 0.040000000000000001
 0.059999999999999998
 0.080000000000000002
 0.10000000000000001
 0.12000000000000001
 0.14000000000000001
 0.16
 0.17999999999999999
 0.19999999999999998
 0.21999999999999997
 0.23999999999999996
 0.25999999999999995
 0.27999999999999997
 0.29999999999999999
 0.32000000000000001
 0.34000000000000002
 0.36000000000000004
 0.38000000000000006
 0.40000000000000008
 0.4200000000000001
 0.44000000000000011
 0.46000000000000013
 0.48000000000000015
 0.50000000000000011
 0.52000000000000013
 0.54000000000000015
 0.56000000000000016
 0.58000000000000018
 0.6000000000000002
 0.62000000000000022
 0.64000000000000024
 0.66000000000000025
 0.68000000000000027
 0.70000000000000029
 0.72000000000000031
 0.74000000000000032
 0.76000000000000034
 0.78000000000000036
 0.80000000000000038
 0.8200000000000004
 0.84000000000000041
 0.86000000000000043
 0.88000000000000045
 0.90000000000000047
 0.92000000000000048
 0.9400000000000005
 0.96000000000000052
 0.98000000000000054
 1.0000000000000004


# name: hSU
# type: scalar
0.02


# name: uSU
# type: matrix
# rows: 51
# columns: 1
 0
 0.10282708685811179
 0.18995898985895546
 0.26300632694036874
 0.32342412825380462
 0.37252668818393192
 0.41150100310313753
 0.4414189294640381
 0.46324818402357537
 0.47786229640172895
 0.48604961369033189
 0.48852144733795722
 0.48591944395037645
 0.47882225387674665
 0.46775156442168808
 0.45317755816242361
 0.43552385109449626
 0.41517196012164642
 0.39246534469311567
 0.36771306312775559
 0.34119308030621603
 0.31315525992152032
 0.28382407131959586
 0.25340103810317971
 0.2220669530863692
 0.18998388184704482
 0.15729697500704093
 0.12413610745408589
 0.090617360985999332
 0.056844365289076722
 0.02290951074330241
 -0.011104954737186272
 -0.045125933781966936
 -0.079088582565536608
 -0.11293549968821728
 -0.14661599275393969
 -0.18008541524090335
 -0.21330456696527228
 -0.24623915207106473
 -0.27885928902034918
 -0.31113906730350444
 -0.34305614394223227
 -0.37459135703611074
 -0.40572820941188081
 -0.43645112068381664
 -0.46673402391067914
 -0.49645474461841421
 -0.52474020349508799
 -0.54494777609779055
 -0.50619038024653751
 1


# name: x
# type: range
# base, limit, increment
0 1 0.02


# name: exata
# type: matrix
# rows: 51
# columns: 1
 1.0000000000065512e-05
 0.10285070538589913
 0.18999490558604393
 0.2630533447813499
 0.32348116734278776
 0.37259277099537869
 0.41157524560817293
 0.44150053222370556
 0.46333642412986453
 0.4779565201856979
 0.48614923012432243
 0.48862592206584576
 0.48602829388609248
 0.47893504231697825
 0.46786789662384098
 0.45329707734355251
 0.43564623481114584
 0.41529691699435256
 0.39259261144276225
 0.36784240189410777
 0.34132427622177541
 0.31328811891640118
 0.28395841813543399
 0.25353671449618176
 0.22220381620149832
 0.19012180274705548
 0.15743583734162314
 0.12427580625578249
 0.090757801580835906
 0.056985462310975787
 0.023051187242409288
 -0.010962768101204556
 -0.044983299469742999
 -0.078945556818258211
 -0.11279213312492953
 -0.14647233091184675
 -0.17994149906371937
 -0.21316043324190614
 -0.24609483380986896
 -0.27871481562277478
 -0.31099446351826954
 -0.34291142014927001
 -0.37444643656326604
 -0.40558239762699944
 -0.43629924100371831
 -0.46653832887610047
 -0.49594091932248263
 -0.52191728004295368
 -0.52538067341777994
 -0.36533624696412104
 1.0000064171739602


