# Created by Octave 6.2.0, Wed Aug 04 01:27:20 2021 -03 <kuroneko@kuroneko-VirtualBox>
# name: xl
# type: matrix
# rows: 33
# columns: 1
 0
 0.03125
 0.0625
 0.09375
 0.125
 0.15625
 0.1875
 0.21875
 0.25
 0.28125
 0.3125
 0.34375
 0.375
 0.40625
 0.4375
 0.46875
 0.5
 0.53125
 0.5625
 0.59375
 0.625
 0.65625
 0.6875
 0.71875
 0.75
 0.78125
 0.8125
 0.84375
 0.875
 0.90625
 0.9375
 0.96875
 1


# name: h
# type: scalar
0.03125


# name: u
# type: matrix
# rows: 33
# columns: 1
 -3.1416691315330949
 -3.1312471666486381
 -3.0816020781734488
 -3.0107306831419853
 -2.9029530303076818
 -2.7745680769134289
 -2.6127008834526486
 -2.4319144244596149
 -2.2219238667141221
 -1.9957024021166869
 -1.7458651850761955
 -1.4829700270443236
 -1.2025767607010995
 -0.91319840749042269
 -0.61305561400739439
 -0.30840264627474001
 1.3543620531741851e-06
 0.3082638558028834
 0.61310621270939603
 0.91308642133689988
 1.202593332527123
 1.4828613950240654
 1.7458201470963934
 1.9956910892198485
 2.2219589206929244
 2.4317425859797757
 2.612687410723618
 2.7745448188965716
 2.902932019919815
 3.010654494775495
 3.0815555242324892
 3.1312233484821763
 3.1416585320194894


# name: p
# type: matrix
# rows: 33
# columns: 1
 43655406156.291046
 -43655406156.193161
 43655406156.486389
 -43655406156.000824
 43655406156.674156
 -43655406155.819466
 43655406156.847206
 -43655406155.656464
 43655406156.998894
 -43655406155.517662
 43655406157.123352
 -43655406155.408691
 43655406157.215935
 -43655406155.333664
 43655406157.272934
 -43655406155.295433
 43655406157.292183
 -43655406155.295479
 43655406157.272987
 -43655406155.333725
 43655406157.216019
 -43655406155.408798
 43655406157.123528
 -43655406155.517754
 43655406156.999046
 -43655406155.656471
 43655406156.847343
 -43655406155.819557
 43655406156.674324
 -43655406156.000786
 43655406156.486526
 -43655406156.193123
 43655406156.291138


# name: x
# type: range
# base, limit, increment
0 1 0.03125


# name: exata
# type: matrix
# rows: 33
# columns: 1
 0
 0.098017140329560604
 0.19509032201612825
 0.29028467725446233
 0.38268343236508978
 0.47139673682599764
 0.55557023301960218
 0.63439328416364549
 0.70710678118654746
 0.77301045336273699
 0.83146961230254524
 0.88192126434835494
 0.92387953251128674
 0.95694033573220894
 0.98078528040323043
 0.99518472667219682
 1
 0.99518472667219693
 0.98078528040323043
 0.95694033573220894
 0.92387953251128674
 0.88192126434835505
 0.83146961230254546
 0.7730104533627371
 0.70710678118654757
 0.63439328416364549
 0.55557023301960218
 0.47139673682599786
 0.38268343236508989
 0.29028467725446239
 0.19509032201612861
 0.098017140329560826
 1.2246467991473532e-16


