# Created by Octave 6.2.0, Wed Aug 04 01:27:21 2021 -03 <kuroneko@kuroneko-VirtualBox>
# name: xl
# type: matrix
# rows: 49
# columns: 1
 0
 0.020833333333333332
 0.041666666666666664
 0.0625
 0.083333333333333329
 0.10416666666666666
 0.12499999999999999
 0.14583333333333331
 0.16666666666666666
 0.1875
 0.20833333333333334
 0.22916666666666669
 0.25
 0.27083333333333331
 0.29166666666666663
 0.31249999999999994
 0.33333333333333326
 0.35416666666666657
 0.37499999999999989
 0.3958333333333332
 0.41666666666666652
 0.43749999999999983
 0.45833333333333315
 0.47916666666666646
 0.49999999999999978
 0.52083333333333315
 0.54166666666666652
 0.56249999999999989
 0.58333333333333326
 0.60416666666666663
 0.625
 0.64583333333333337
 0.66666666666666674
 0.68750000000000011
 0.70833333333333348
 0.72916666666666685
 0.75000000000000022
 0.77083333333333359
 0.79166666666666696
 0.81250000000000033
 0.8333333333333337
 0.85416666666666707
 0.87500000000000044
 0.89583333333333381
 0.91666666666666718
 0.93750000000000056
 0.95833333333333393
 0.9791666666666673
 1.0000000000000007


# name: h
# type: scalar
0.020833333333333332


# name: u
# type: matrix
# rows: 49
# columns: 1
 -3.1416155381916688
 -3.1370434688031903
 -3.1148179606823603
 -3.0832848716734205
 -3.0347225309349519
 -2.9767936953015655
 -2.9026740096082793
 -2.8193889919502766
 -2.7209436046583697
 -2.6137552786917988
 -2.4926413721071565
 -2.3634089649913981
 -2.2216935170168748
 -2.0726358672670933
 -1.9127058247301501
 -1.7463974357537926
 -1.5710162645982901
 -1.3902822579079994
 -1.2024128161929166
 -1.0104143489740025
 -0.81322601056943311
 -0.61322602864213671
 -0.41013524530624723
 -0.20558735535574701
 -8.7043176395518174e-06
 0.20559297395936715
 0.41011085679561798
 0.61322743552822723
 0.81322320217943433
 1.0104190249555538
 1.2023988527842375
 1.3903056597820811
 1.5709891291941604
 1.7464153178188118
 1.9127040795418371
 2.0726301587047593
 2.2216886969968579
 2.3633852164615714
 2.4926704407114197
 2.6137535398388749
 2.7209495875443599
 2.81939512308929
 2.9026569749583135
 2.9768123652834486
 3.0346942778460955
 3.0832839314344094
 3.114803998249819
 3.1370345109613087
 3.1416024224893544


# name: p
# type: matrix
# rows: 49
# columns: 1
 12983645764.576878
 -12983645764.51153
 12983645764.707462
 -12983645764.3818
 12983645764.83584
 -12983645764.2554
 12983645764.959736
 -12983645764.134541
 12983645765.07711
 -12983645764.021202
 12983645765.185955
 -12983645763.917425
 12983645765.284311
 -12983645763.824862
 12983645765.370611
 -12983645763.74522
 12983645765.443317
 -12983645763.679802
 12983645765.501177
 -12983645763.629711
 12983645765.543259
 -12983645763.595865
 12983645765.56879
 -12983645763.578796
 12983645765.57737
 -12983645763.578812
 12983645765.568806
 -12983645763.595892
 12983645765.543274
 -12983645763.629745
 12983645765.50123
 -12983645763.679834
 12983645765.443325
 -12983645763.74523
 12983645765.370623
 -12983645763.8249
 12983645765.284353
 -12983645763.917421
 12983645765.185968
 -12983645764.021229
 12983645765.077147
 -12983645764.134521
 12983645764.959751
 -12983645764.25539
 12983645764.835842
 -12983645764.381777
 12983645764.707495
 -12983645764.511499
 12983645764.576893


# name: x
# type: range
# base, limit, increment
0 1 0.020833333333333332


# name: exata
# type: matrix
# rows: 49
# columns: 1
 0
 0.065403129230143062
 0.13052619222005157
 0.19509032201612825
 0.25881904510252074
 0.32143946530316153
 0.38268343236508973
 0.44228869021900119
 0.49999999999999994
 0.55557023301960218
 0.60876142900872066
 0.65934581510006895
 0.70710678118654746
 0.75183980747897727
 0.79335334029123505
 0.83146961230254512
 0.86602540378443849
 0.89687274153268814
 0.92387953251128652
 0.94693012949510558
 0.9659258262890682
 0.98078528040323032
 0.99144486137381038
 0.99785892323860348
 1
 0.99785892323860359
 0.99144486137381049
 0.98078528040323054
 0.96592582628906842
 0.94693012949510569
 0.92387953251128674
 0.89687274153268837
 0.86602540378443849
 0.83146961230254512
 0.79335334029123483
 0.75183980747897716
 0.70710678118654691
 0.65934581510006829
 0.6087614290087201
 0.5555702330196014
 0.49999999999999917
 0.44228869021900014
 0.38268343236508862
 0.32143946530316009
 0.2588190451025193
 0.19509032201612686
 0.1305261922200498
 0.065403129230141341
 -2.0979813693355779e-15


