# Created by Octave 6.2.0, Sun Aug 01 13:51:06 2021 -03 <kuroneko@kuroneko-VirtualBox>
# name: xl
# type: matrix
# rows: 33
# columns: 1
 0
 0.03125
 0.0625
 0.09375
 0.125
 0.15625
 0.1875
 0.21875
 0.25
 0.28125
 0.3125
 0.34375
 0.375
 0.40625
 0.4375
 0.46875
 0.5
 0.53125
 0.5625
 0.59375
 0.625
 0.65625
 0.6875
 0.71875
 0.75
 0.78125
 0.8125
 0.84375
 0.875
 0.90625
 0.9375
 0.96875
 1


# name: h
# type: scalar
0.03125


# name: u
# type: matrix
# rows: 33
# columns: 1
 0.097725777502015498
 0.27298553779236445
 0.41811152178601313
 0.53353973867917215
 0.61999220339949324
 0.67846998320799778
 0.71024355687374174
 0.71684057926912348
 0.70003116921799191
 0.66181086228409847
 0.60438139267238078
 0.53012948932534154
 0.4416038904182496
 0.34149079761759726
 0.23258800649025319
 0.11777796220309837
 -1.1185496973098452e-14
 -0.1177779622030736
 -0.2325880064902745
 -0.34149079761757245
 -0.44160389041827147
 -0.53012948932531889
 -0.60438139267240276
 -0.66181086228407571
 -0.70003116921801367
 -0.7168405792691015
 -0.71024355687376528
 -0.67846998320797591
 -0.61999220339951522
 -0.5335397386791495
 -0.41811152178603572
 -0.2729855377923423
 -0.097725777502037245


# name: p
# type: matrix
# rows: 33
# columns: 1
 -0.12498231008616913
 -0.1201027570362074
 -0.10823460747723571
 -0.094280138665211566
 -0.075190204561588314
 -0.05582202892057575
 -0.033063999425073431
 -0.01169406235836562
 0.011494719774595263
 0.031834855541896467
 0.052657803222790123
 0.069433458899177153
 0.085642211976873828
 0.096912998988928079
 0.10689382747040221
 0.11138821550748756
 0.11422403429647204
 0.11138821550748912
 0.10689382747040227
 0.096912998988930577
 0.085642211976872773
 0.069433458899181302
 0.052657803222789124
 0.031834855541901241
 0.011494719774593709
 -0.011694062358360346
 -0.033063999425075097
 -0.055822028920570588
 -0.075190204561586982
 -0.094280138665207985
 -0.10823460747723468
 -0.12010275703620416
 -0.1249823100861657


# name: x
# type: range
# base, limit, increment
0 1 0.03125


# name: exata
# type: matrix
# rows: 33
# columns: 1
 0
 0.098017140329560604
 0.19509032201612825
 0.29028467725446233
 0.38268343236508978
 0.47139673682599764
 0.55557023301960218
 0.63439328416364549
 0.70710678118654746
 0.77301045336273699
 0.83146961230254524
 0.88192126434835494
 0.92387953251128674
 0.95694033573220894
 0.98078528040323043
 0.99518472667219682
 1
 0.99518472667219693
 0.98078528040323043
 0.95694033573220894
 0.92387953251128674
 0.88192126434835505
 0.83146961230254546
 0.7730104533627371
 0.70710678118654757
 0.63439328416364549
 0.55557023301960218
 0.47139673682599786
 0.38268343236508989
 0.29028467725446239
 0.19509032201612861
 0.098017140329560826
 1.2246467991473532e-16


