# Created by Octave 6.2.0, Wed Aug 04 01:27:21 2021 -03 <kuroneko@kuroneko-VirtualBox>
# name: xl
# type: matrix
# rows: 65
# columns: 1
 0
 0.015625
 0.03125
 0.046875
 0.0625
 0.078125
 0.09375
 0.109375
 0.125
 0.140625
 0.15625
 0.171875
 0.1875
 0.203125
 0.21875
 0.234375
 0.25
 0.265625
 0.28125
 0.296875
 0.3125
 0.328125
 0.34375
 0.359375
 0.375
 0.390625
 0.40625
 0.421875
 0.4375
 0.453125
 0.46875
 0.484375
 0.5
 0.515625
 0.53125
 0.546875
 0.5625
 0.578125
 0.59375
 0.609375
 0.625
 0.640625
 0.65625
 0.671875
 0.6875
 0.703125
 0.71875
 0.734375
 0.75
 0.765625
 0.78125
 0.796875
 0.8125
 0.828125
 0.84375
 0.859375
 0.875
 0.890625
 0.90625
 0.921875
 0.9375
 0.953125
 0.96875
 0.984375
 1


# name: h
# type: scalar
0.015625


# name: u
# type: matrix
# rows: 65
# columns: 1
 -3.1416023569556062
 -3.139037805023567
 -3.1265132780616356
 -3.1087794928232952
 -3.0812997220044371
 -3.0485828186445261
 -3.0064130913977838
 -2.9590310455546081
 -2.9025679413023928
 -2.840987761588015
 -2.7707639131337047
 -2.6955850777768249
 -2.612273944493305
 -2.5242214109530723
 -2.4286272517190781
 -2.3285639405366418
 -2.2215778307583882
 -2.1104752815339234
 -1.9931401147794188
 -1.8720704243048294
 -1.7454967215252397
 -1.6156356430268088
 -1.4810460846823759
 -1.3436545813447074
 -1.2023146693352218
 -1.0587217637383526
 -0.91202043108412445
 -0.7635979072778869
 -0.61293756168464464
 -0.46112040776831442
 -0.30795010129106482
 -0.1541967537671094
 -5.643512893893643e-06
 0.15420137936547076
 0.30795686053831639
 0.46111879905177738
 0.61293812290974126
 0.76359403715116569
 0.91202706959810054
 1.0587160327702927
 1.2023225594639224
 1.3436474492768835
 1.4810416732389764
 1.6156339814829144
 1.7455021073629158
 1.8720806599400179
 1.9931327799355405
 2.1104783337000206
 2.2215811749350971
 2.3285693703615866
 2.428618631135496
 2.5242332490537041
 2.6122765868479503
 2.6955896485343844
 2.7707616680331966
 2.8409904246239455
 2.9025745885518743
 2.9590217547401432
 3.0064238257887395
 3.048579124311658
 3.081308101512696
 3.1087714135981446
 3.126515850510645
 3.1390421584735382
 3.1416053739445422


# name: p
# type: matrix
# rows: 65
# columns: 1
 5492098103.1024475
 -5492098103.0533905
 5492098103.2004881
 -5492098102.9557152
 5492098103.297596
 -5492098102.8594542
 5492098103.3928118
 -5492098102.7655287
 5492098103.485239
 -5492098102.6748533
 5492098103.5739813
 -5492098102.5882969
 5492098103.6581783
 -5492098102.50669
 5492098103.7370243
 -5492098102.4308205
 5492098103.8097486
 -5492098102.3614092
 5492098103.8756685
 -5492098102.2991476
 5492098103.9341373
 -5492098102.2446117
 5492098103.9845905
 -5492098102.1983385
 5492098104.0265636
 -5492098102.1607819
 5492098104.0596304
 -5492098102.1322851
 5492098104.0834799
 -5492098102.1131372
 5492098104.0978899
 -5492098102.1035252
 5492098104.1027107
 -5492098102.1035213
 5492098104.0978956
 -5492098102.113142
 5492098104.0835009
 -5492098102.1322918
 5492098104.0596495
 -5492098102.160779
 5492098104.0265751
 -5492098102.1983366
 5492098103.9846087
 -5492098102.2446032
 5492098103.9341602
 -5492098102.2991428
 5492098103.8756924
 -5492098102.361414
 5492098103.8097639
 -5492098102.4308167
 5492098103.7370424
 -5492098102.5066977
 5492098103.6581993
 -5492098102.5883055
 5492098103.5740032
 -5492098102.6748638
 5492098103.4852753
 -5492098102.7655525
 5492098103.3928518
 -5492098102.8594799
 5492098103.2976379
 -5492098102.9557486
 5492098103.2005281
 -5492098103.0534115
 5492098103.1024799


# name: x
# type: range
# base, limit, increment
0 1 0.015625


# name: exata
# type: matrix
# rows: 65
# columns: 1
 0
 0.049067674327418015
 0.098017140329560604
 0.14673047445536175
 0.19509032201612825
 0.24298017990326387
 0.29028467725446233
 0.33688985339222005
 0.38268343236508978
 0.42755509343028208
 0.47139673682599764
 0.51410274419322166
 0.55557023301960218
 0.59569930449243336
 0.63439328416364549
 0.67155895484701833
 0.70710678118654746
 0.74095112535495911
 0.77301045336273699
 0.80320753148064483
 0.83146961230254524
 0.85772861000027212
 0.88192126434835494
 0.90398929312344334
 0.92387953251128674
 0.94154406518302081
 0.95694033573220894
 0.97003125319454397
 0.98078528040323043
 0.98917650996478101
 0.99518472667219682
 0.99879545620517241
 1
 0.99879545620517241
 0.99518472667219693
 0.98917650996478101
 0.98078528040323043
 0.97003125319454397
 0.95694033573220894
 0.94154406518302081
 0.92387953251128674
 0.90398929312344345
 0.88192126434835505
 0.85772861000027212
 0.83146961230254546
 0.80320753148064494
 0.7730104533627371
 0.74095112535495899
 0.70710678118654757
 0.67155895484701855
 0.63439328416364549
 0.59569930449243347
 0.55557023301960218
 0.51410274419322177
 0.47139673682599786
 0.42755509343028203
 0.38268343236508989
 0.33688985339222033
 0.29028467725446239
 0.24298017990326407
 0.19509032201612861
 0.1467304744553618
 0.098017140329560826
 0.049067674327417966
 1.2246467991473532e-16


