# Created by Octave 6.2.0, Sun Aug 01 13:51:07 2021 -03 <kuroneko@kuroneko-VirtualBox>
# name: xl
# type: matrix
# rows: 49
# columns: 1
 0
 0.020833333333333332
 0.041666666666666664
 0.0625
 0.083333333333333329
 0.10416666666666666
 0.12499999999999999
 0.14583333333333331
 0.16666666666666666
 0.1875
 0.20833333333333334
 0.22916666666666669
 0.25
 0.27083333333333331
 0.29166666666666663
 0.31249999999999994
 0.33333333333333326
 0.35416666666666657
 0.37499999999999989
 0.3958333333333332
 0.41666666666666652
 0.43749999999999983
 0.45833333333333315
 0.47916666666666646
 0.49999999999999978
 0.52083333333333315
 0.54166666666666652
 0.56249999999999989
 0.58333333333333326
 0.60416666666666663
 0.625
 0.64583333333333337
 0.66666666666666674
 0.68750000000000011
 0.70833333333333348
 0.72916666666666685
 0.75000000000000022
 0.77083333333333359
 0.79166666666666696
 0.81250000000000033
 0.8333333333333337
 0.85416666666666707
 0.87500000000000044
 0.89583333333333381
 0.91666666666666718
 0.93750000000000056
 0.95833333333333393
 0.9791666666666673
 1.0000000000000007


# name: h
# type: scalar
0.020833333333333332


# name: u
# type: matrix
# rows: 49
# columns: 1
 0.065236134973776408
 0.18470773701273974
 0.29247824231702607
 0.43992098765084114
 0.49833538136139427
 0.56469089889771396
 0.58657112930922717
 0.66473959779052716
 0.66632034928377959
 0.74681155374706321
 0.71887481155562394
 0.74764547005872972
 0.70205321090936113
 0.72962899310948481
 0.6624034367939049
 0.67130010010395846
 0.60593822907314354
 0.57116948265445866
 0.48269008938061486
 0.45814635500278639
 0.36705523769664589
 0.31291515385537
 0.22538301168818514
 0.15843017941326665
 0.06988622858248289
 -0.014202218321432952
 -0.10282110988498677
 -0.1980576676901572
 -0.26676444977123442
 -0.34069693696946757
 -0.41497453842026583
 -0.51621165120326462
 -0.57199745812107616
 -0.57075058376573096
 -0.6164205081160602
 -0.62051145181694323
 -0.67632607987054327
 -0.70975020795985611
 -0.73057082398499462
 -0.7223585828123289
 -0.71893232085991843
 -0.62751539825073521
 -0.58052912835549819
 -0.56294792698787999
 -0.50507385742689481
 -0.37897026509202802
 -0.27113171260329211
 -0.11047226997131307
 -0.024977017166488008


# name: p
# type: matrix
# rows: 49
# columns: 1
 -36339820945576.562
 -36339820945576.664
 -36339820945576.523
 -36339820945576.672
 -36339820945576.586
 -36339820945576.672
 -36339820945576.539
 -36339820945576.57
 -36339820945576.586
 -36339820945576.609
 -36339820945576.562
 -36339820945576.633
 -36339820945576.5
 -36339820945576.594
 -36339820945576.43
 -36339820945576.523
 -36339820945576.43
 -36339820945576.492
 -36339820945576.375
 -36339820945576.477
 -36339820945576.422
 -36339820945576.516
 -36339820945576.469
 -36339820945576.586
 -36339820945576.445
 -36339820945576.516
 -36339820945576.516
 -36339820945576.523
 -36339820945576.523
 -36339820945576.516
 -36339820945576.523
 -36339820945576.5
 -36339820945576.523
 -36339820945576.547
 -36339820945576.547
 -36339820945576.562
 -36339820945576.609
 -36339820945576.617
 -36339820945576.609
 -36339820945576.625
 -36339820945576.633
 -36339820945576.633
 -36339820945576.742
 -36339820945576.688
 -36339820945576.812
 -36339820945576.758
 -36339820945576.805
 -36339820945576.773
 -36339820945576.781


# name: x
# type: range
# base, limit, increment
0 1 0.020833333333333332


# name: exata
# type: matrix
# rows: 49
# columns: 1
 0
 0.065403129230143062
 0.13052619222005157
 0.19509032201612825
 0.25881904510252074
 0.32143946530316153
 0.38268343236508973
 0.44228869021900119
 0.49999999999999994
 0.55557023301960218
 0.60876142900872066
 0.65934581510006895
 0.70710678118654746
 0.75183980747897727
 0.79335334029123505
 0.83146961230254512
 0.86602540378443849
 0.89687274153268814
 0.92387953251128652
 0.94693012949510558
 0.9659258262890682
 0.98078528040323032
 0.99144486137381038
 0.99785892323860348
 1
 0.99785892323860359
 0.99144486137381049
 0.98078528040323054
 0.96592582628906842
 0.94693012949510569
 0.92387953251128674
 0.89687274153268837
 0.86602540378443849
 0.83146961230254512
 0.79335334029123483
 0.75183980747897716
 0.70710678118654691
 0.65934581510006829
 0.6087614290087201
 0.5555702330196014
 0.49999999999999917
 0.44228869021900014
 0.38268343236508862
 0.32143946530316009
 0.2588190451025193
 0.19509032201612686
 0.1305261922200498
 0.065403129230141341
 -2.0979813693355779e-15


