# Created by Octave 6.2.0, Wed Aug 04 01:27:20 2021 -03 <kuroneko@kuroneko-VirtualBox>
# name: xl
# type: matrix
# rows: 17
# columns: 1
 0
 0.0625
 0.125
 0.1875
 0.25
 0.3125
 0.375
 0.4375
 0.5
 0.5625
 0.625
 0.6875
 0.75
 0.8125
 0.875
 0.9375
 1


# name: h
# type: scalar
0.0625


# name: u
# type: matrix
# rows: 17
# columns: 1
 -3.142187841710343
 -3.0996087978137261
 -2.9039855510463162
 -2.6262570452513438
 -2.2204831800929354
 -1.7682113561715991
 -1.187407053345811
 -0.61036642953247988
 0.017885091820364147
 0.61446151724566778
 1.2115742874479358
 1.7680050863394501
 2.2462424929158602
 2.6261286385675393
 2.9203110448728924
 3.1130326546729341
 3.1538081427116418


# name: p
# type: matrix
# rows: 17
# columns: 1
 10499111548353.844
 -10499111548353.641
 10499111548354.256
 -10499111548353.268
 10499111548354.561
 -10499111548352.994
 10499111548354.793
 -10499111548352.844
 10499111548354.857
 -10499111548352.842
 10499111548354.787
 -10499111548353.008
 10499111548354.566
 -10499111548353.281
 10499111548354.225
 -10499111548353.645
 10499111548353.838


# name: x
# type: range
# base, limit, increment
0 1 0.0625


# name: exata
# type: matrix
# rows: 17
# columns: 1
 0
 0.19509032201612825
 0.38268343236508978
 0.55557023301960218
 0.70710678118654746
 0.83146961230254524
 0.92387953251128674
 0.98078528040323043
 1
 0.98078528040323043
 0.92387953251128674
 0.83146961230254546
 0.70710678118654757
 0.55557023301960218
 0.38268343236508989
 0.19509032201612861
 1.2246467991473532e-16


