# Created by Octave 6.2.0, Sun Aug 01 13:51:06 2021 -03 <kuroneko@kuroneko-VirtualBox>
# name: xl
# type: matrix
# rows: 17
# columns: 1
 0
 0.0625
 0.125
 0.1875
 0.25
 0.3125
 0.375
 0.4375
 0.5
 0.5625
 0.625
 0.6875
 0.75
 0.8125
 0.875
 0.9375
 1


# name: h
# type: scalar
0.0625


# name: u
# type: matrix
# rows: 17
# columns: 1
 0.19493610006720727
 1.0031489704042047
 1.0383270962319913
 1.5463617951896249
 2.2332983468351322
 0.85878409905752517
 0.99975819559520007
 0.71219323859865846
 0.66895189180831549
 -0.34023657793958151
 -0.86961189178371334
 -0.38464608574604298
 -0.32222228436789963
 -0.71141049567958081
 -0.4714049791706757
 0.61304010223007821
 0.20467253625294402


# name: p
# type: matrix
# rows: 17
# columns: 1
 -2348776477615318
 -2348776477615316.5
 -2348776477615317
 -2348776477615318
 -2348776477615317.5
 -2348776477615318
 -2348776477615318
 -2348776477615317
 -2348776477615316.5
 -2348776477615318
 -2348776477615315
 -2348776477615318.5
 -2348776477615313
 -2348776477615315.5
 -2348776477615314
 -2348776477615314.5
 -2348776477615314.5


# name: x
# type: range
# base, limit, increment
0 1 0.0625


# name: exata
# type: matrix
# rows: 17
# columns: 1
 0
 0.19509032201612825
 0.38268343236508978
 0.55557023301960218
 0.70710678118654746
 0.83146961230254524
 0.92387953251128674
 0.98078528040323043
 1
 0.98078528040323043
 0.92387953251128674
 0.83146961230254546
 0.70710678118654757
 0.55557023301960218
 0.38268343236508989
 0.19509032201612861
 1.2246467991473532e-16


