# Created by Octave 6.2.0, Sun Aug 01 13:51:07 2021 -03 <kuroneko@kuroneko-VirtualBox>
# name: xl
# type: matrix
# rows: 65
# columns: 1
 0
 0.015625
 0.03125
 0.046875
 0.0625
 0.078125
 0.09375
 0.109375
 0.125
 0.140625
 0.15625
 0.171875
 0.1875
 0.203125
 0.21875
 0.234375
 0.25
 0.265625
 0.28125
 0.296875
 0.3125
 0.328125
 0.34375
 0.359375
 0.375
 0.390625
 0.40625
 0.421875
 0.4375
 0.453125
 0.46875
 0.484375
 0.5
 0.515625
 0.53125
 0.546875
 0.5625
 0.578125
 0.59375
 0.609375
 0.625
 0.640625
 0.65625
 0.671875
 0.6875
 0.703125
 0.71875
 0.734375
 0.75
 0.765625
 0.78125
 0.796875
 0.8125
 0.828125
 0.84375
 0.859375
 0.875
 0.890625
 0.90625
 0.921875
 0.9375
 0.953125
 0.96875
 0.984375
 1


# name: h
# type: scalar
0.015625


# name: u
# type: matrix
# rows: 65
# columns: 1
 0.048963187851862905
 0.59503635783363185
 0.66721328173879613
 0.99300891007804459
 1.1224835306288885
 1.6648308666156657
 1.8628258503654167
 2.0853371471511428
 2.2571688866976856
 2.0983206921522068
 2.0751446705202401
 2.3812397188548959
 2.4055084633642427
 2.626870889650486
 2.1818562742612837
 2.8373276010056308
 2.604643584775824
 3.155648756182833
 2.6380391550081042
 2.1951860419993041
 1.8708143081165012
 3.2405883175203991
 2.9153988641748692
 2.4303109829236176
 1.9114874963839621
 2.9448405626195138
 2.6732905602801997
 2.745882475698644
 2.4433929343950846
 1.5421388877631723
 0.92507416293352385
 -0.13702133787007259
 -0.30460475192784103
 0.0016207714507330273
 -0.62143497438759621
 -0.67096520896240475
 -0.91130007722291884
 -0.32814962911541357
 -0.87571649206195046
 -1.1104350853020817
 -1.4333135311316503
 -1.048348332219794
 -1.4514288554509329
 -1.5531199872148944
 -1.967424840792668
 -1.7750987963614964
 -2.1352897813870282
 -1.4228150342980734
 -2.1682291786781946
 -1.7540194097470412
 -2.0564414293322448
 -0.35024162340897413
 -0.84008228616205827
 -0.90121963801387261
 -1.4872321507008397
 -1.4914936237319365
 -1.7423552214682334
 -0.7802127278432146
 -1.446807410473901
 -0.43843305325089665
 -0.65103588406322743
 0.026056114450023204
 -0.63072462617139402
 -0.52647987219111614
 -0.96458550072232052


# name: p
# type: matrix
# rows: 65
# columns: 1
 353697478740848.5
 353697478740848.06
 353697478740849.44
 353697478740848.94
 353697478740849.44
 353697478740849.5
 353697478740848.62
 353697478740849.62
 353697478740848.12
 353697478740849.94
 353697478740848.25
 353697478740849.88
 353697478740847.62
 353697478740849.44
 353697478740848.44
 353697478740850.31
 353697478740847.06
 353697478740848.31
 353697478740847.69
 353697478740849.19
 353697478740847.38
 353697478740847.88
 353697478740847.12
 353697478740846.94
 353697478740848.5
 353697478740848.5
 353697478740847.56
 353697478740846.38
 353697478740850.38
 353697478740848.06
 353697478740856.62
 353697478740854.06
 353697478740857.5
 353697478740856.94
 353697478740857
 353697478740856.94
 353697478740857.5
 353697478740857.06
 353697478740858
 353697478740857.88
 353697478740857.12
 353697478740857.12
 353697478740857.5
 353697478740857.75
 353697478740857.44
 353697478740857.62
 353697478740856.88
 353697478740857.06
 353697478740856.75
 353697478740856.75
 353697478740856.56
 353697478740856.44
 353697478740856.19
 353697478740855.88
 353697478740857.06
 353697478740856.19
 353697478740857.25
 353697478740856.81
 353697478740856.56
 353697478740856.25
 353697478740857.06
 353697478740857
 353697478740856.25
 353697478740856.44
 353697478740855.75


# name: x
# type: range
# base, limit, increment
0 1 0.015625


# name: exata
# type: matrix
# rows: 65
# columns: 1
 0
 0.049067674327418015
 0.098017140329560604
 0.14673047445536175
 0.19509032201612825
 0.24298017990326387
 0.29028467725446233
 0.33688985339222005
 0.38268343236508978
 0.42755509343028208
 0.47139673682599764
 0.51410274419322166
 0.55557023301960218
 0.59569930449243336
 0.63439328416364549
 0.67155895484701833
 0.70710678118654746
 0.74095112535495911
 0.77301045336273699
 0.80320753148064483
 0.83146961230254524
 0.85772861000027212
 0.88192126434835494
 0.90398929312344334
 0.92387953251128674
 0.94154406518302081
 0.95694033573220894
 0.97003125319454397
 0.98078528040323043
 0.98917650996478101
 0.99518472667219682
 0.99879545620517241
 1
 0.99879545620517241
 0.99518472667219693
 0.98917650996478101
 0.98078528040323043
 0.97003125319454397
 0.95694033573220894
 0.94154406518302081
 0.92387953251128674
 0.90398929312344345
 0.88192126434835505
 0.85772861000027212
 0.83146961230254546
 0.80320753148064494
 0.7730104533627371
 0.74095112535495899
 0.70710678118654757
 0.67155895484701855
 0.63439328416364549
 0.59569930449243347
 0.55557023301960218
 0.51410274419322177
 0.47139673682599786
 0.42755509343028203
 0.38268343236508989
 0.33688985339222033
 0.29028467725446239
 0.24298017990326407
 0.19509032201612861
 0.1467304744553618
 0.098017140329560826
 0.049067674327417966
 1.2246467991473532e-16


