# Created by Octave 6.2.0, Wed Aug 04 01:17:10 2021 -03 <kuroneko@kuroneko-VirtualBox>
# name: xl
# type: matrix
# rows: 65
# columns: 1
 0
 0.015625
 0.03125
 0.046875
 0.0625
 0.078125
 0.09375
 0.109375
 0.125
 0.140625
 0.15625
 0.171875
 0.1875
 0.203125
 0.21875
 0.234375
 0.25
 0.265625
 0.28125
 0.296875
 0.3125
 0.328125
 0.34375
 0.359375
 0.375
 0.390625
 0.40625
 0.421875
 0.4375
 0.453125
 0.46875
 0.484375
 0.5
 0.515625
 0.53125
 0.546875
 0.5625
 0.578125
 0.59375
 0.609375
 0.625
 0.640625
 0.65625
 0.671875
 0.6875
 0.703125
 0.71875
 0.734375
 0.75
 0.765625
 0.78125
 0.796875
 0.8125
 0.828125
 0.84375
 0.859375
 0.875
 0.890625
 0.90625
 0.921875
 0.9375
 0.953125
 0.96875
 0.984375
 1


# name: h
# type: scalar
0.03125


# name: u
# type: matrix
# rows: 65
# columns: 1
 -3.1415926535913887
 -3.1378082568502523
 -3.1264650313072995
 -3.1075894526581589
 -3.0812278408628959
 -3.0474428624772001
 -3.0063167411921761
 -2.9579477309104005
 -2.9024531671949374
 -2.8399659450564725
 -2.7706373819244274
 -2.6946337340660103
 -2.6121388435074526
 -2.52335072663376
 -2.4284839795687767
 -2.3277664718092854
 -2.221441486898772
 -2.1097645529379898
 -1.9930052979365651
 -1.8714444477239391
 -1.745375378110763
 -1.6151013091119804
 -1.4809365389698492
 -1.3432038617103281
 -1.202235471143408
 -1.0583706266231465
 -0.91195621831929585
 -0.76334470366098828
 -0.61289432843578451
 -0.46096735379018872
 -0.30792993102681065
 -0.15415063623666569
 -2.2282720115948469e-13
 0.15415063623622
 0.3079299310263649
 0.46096735378974291
 0.61289432843533875
 0.76334470366054241
 0.91195621831884977
 1.0583706266227002
 1.2022354711429617
 1.3432038617098818
 1.4809365389694031
 1.6151013091115343
 1.7453753781103165
 1.8714444477234928
 1.993005297936119
 2.1097645529375431
 2.2214414868983243
 2.3277664718088373
 2.4284839795683286
 2.5233507266333133
 2.6121388435070068
 2.6946337340655662
 2.7706373819239856
 2.8399659450560337
 2.9024531671945013
 2.9579477309099667
 3.006316741191744
 3.047442862476772
 3.0812278408624709
 3.1075894526577374
 3.1264650313068825
 3.1378082568498407
 3.1415926535909819


# name: p
# type: matrix
# rows: 65
# columns: 1
 -8.7385694327927351e-08
 0.049067594684484607
 0.098017054146442989
 0.14673041010872218
 0.19509023687956156
 0.242980130498999
 0.29028459302267423
 0.33688981845589494
 0.38268334891004835
 0.42755507236965884
 0.4713966540328095
 0.51410273630214876
 0.55557015078582439
 0.59569930895587053
 0.63439320239851482
 0.67155897074714588
 0.70710669981012997
 0.74095115167830694
 0.77301037230500314
 0.80320756712617358
 0.83146953150237735
 0.85772865378831953
 0.88192118375249018
 0.90398934380545204
 0.92387945207320676
 0.94154412145194732
 0.9569402554109816
 0.97003131369584772
 0.98078520016231008
 0.98917657330788056
 0.99518464647819516
 0.99879552097525959
 0.99999991982142866
 0.99879552097526436
 0.99518464647820415
 0.9891765733078941
 0.98078520016232751
 0.97003131369586815
 0.95694025541100536
 0.94154412145197508
 0.92387945207323785
 0.9039893438054869
 0.88192118375252893
 0.85772865378836238
 0.83146953150242475
 0.80320756712622621
 0.77301037230506053
 0.74095115167836956
 0.70710669981019736
 0.67155897074721826
 0.63439320239859254
 0.59569930895595424
 0.5555701507859141
 0.51410273630224446
 0.4713966540329112
 0.42755507236976664
 0.38268334891016226
 0.33688981845601484
 0.29028459302280013
 0.24298013049913098
 0.19509023687969965
 0.14673041010886656
 0.09801705414659366
 0.049067594684641551
 -8.7385531033469228e-08


# name: x
# type: range
# base, limit, increment
0 1 0.015625


# name: exata
# type: matrix
# rows: 65
# columns: 1
 0
 0.049067674327418015
 0.098017140329560604
 0.14673047445536175
 0.19509032201612825
 0.24298017990326387
 0.29028467725446233
 0.33688985339222005
 0.38268343236508978
 0.42755509343028208
 0.47139673682599764
 0.51410274419322166
 0.55557023301960218
 0.59569930449243336
 0.63439328416364549
 0.67155895484701833
 0.70710678118654746
 0.74095112535495911
 0.77301045336273699
 0.80320753148064483
 0.83146961230254524
 0.85772861000027212
 0.88192126434835494
 0.90398929312344334
 0.92387953251128674
 0.94154406518302081
 0.95694033573220894
 0.97003125319454397
 0.98078528040323043
 0.98917650996478101
 0.99518472667219682
 0.99879545620517241
 1
 0.99879545620517241
 0.99518472667219693
 0.98917650996478101
 0.98078528040323043
 0.97003125319454397
 0.95694033573220894
 0.94154406518302081
 0.92387953251128674
 0.90398929312344345
 0.88192126434835505
 0.85772861000027212
 0.83146961230254546
 0.80320753148064494
 0.7730104533627371
 0.74095112535495899
 0.70710678118654757
 0.67155895484701855
 0.63439328416364549
 0.59569930449243347
 0.55557023301960218
 0.51410274419322177
 0.47139673682599786
 0.42755509343028203
 0.38268343236508989
 0.33688985339222033
 0.29028467725446239
 0.24298017990326407
 0.19509032201612861
 0.1467304744553618
 0.098017140329560826
 0.049067674327417966
 1.2246467991473532e-16


