# Created by Octave 6.2.0, Sat Jul 31 20:29:36 2021 -03 <kuroneko@kuroneko-VirtualBox>
# name: xl
# type: matrix
# rows: 97
# columns: 1
 0
 0.010416666666666666
 0.020833333333333332
 0.03125
 0.041666666666666664
 0.052083333333333329
 0.062499999999999993
 0.072916666666666657
 0.083333333333333329
 0.09375
 0.10416666666666667
 0.11458333333333334
 0.125
 0.13541666666666666
 0.14583333333333331
 0.15624999999999997
 0.16666666666666663
 0.17708333333333329
 0.18749999999999994
 0.1979166666666666
 0.20833333333333326
 0.21874999999999992
 0.22916666666666657
 0.23958333333333323
 0.24999999999999989
 0.26041666666666657
 0.27083333333333326
 0.28124999999999994
 0.29166666666666663
 0.30208333333333331
 0.3125
 0.32291666666666669
 0.33333333333333337
 0.34375000000000006
 0.35416666666666674
 0.36458333333333343
 0.37500000000000011
 0.3854166666666668
 0.39583333333333348
 0.40625000000000017
 0.41666666666666685
 0.42708333333333354
 0.43750000000000022
 0.44791666666666691
 0.45833333333333359
 0.46875000000000028
 0.47916666666666696
 0.48958333333333365
 0.50000000000000033
 0.51041666666666696
 0.52083333333333359
 0.53125000000000022
 0.54166666666666685
 0.55208333333333348
 0.56250000000000011
 0.57291666666666674
 0.58333333333333337
 0.59375
 0.60416666666666663
 0.61458333333333326
 0.62499999999999989
 0.63541666666666652
 0.64583333333333315
 0.65624999999999978
 0.66666666666666641
 0.67708333333333304
 0.68749999999999967
 0.6979166666666663
 0.70833333333333293
 0.71874999999999956
 0.72916666666666619
 0.73958333333333282
 0.74999999999999944
 0.76041666666666607
 0.7708333333333327
 0.78124999999999933
 0.79166666666666596
 0.80208333333333259
 0.81249999999999922
 0.82291666666666585
 0.83333333333333248
 0.84374999999999911
 0.85416666666666574
 0.86458333333333237
 0.874999999999999
 0.88541666666666563
 0.89583333333333226
 0.90624999999999889
 0.91666666666666552
 0.92708333333333215
 0.93749999999999878
 0.94791666666666541
 0.95833333333333204
 0.96874999999999867
 0.9791666666666653
 0.98958333333333193
 0.99999999999999856


# name: h
# type: scalar
0.020833333333333332


# name: u
# type: matrix
# rows: 97
# columns: 1
 -6.2831853072094033
 -6.1808958116803154
 -6.0772666653156575
 -5.9722797166472876
 -5.8659193238248406
 -5.7581724681788646
 -5.6490286147892173
 -5.5384798232671812
 -5.4265206015754499
 -5.3131480131670275
 -5.1983615250138859
 -5.0821631102752738
 -4.9645570914986683
 -4.8455502380281095
 -4.7251516053437088
 -4.6033726264617574
 -4.480226948377835
 -4.3557305167544289
 -4.2299014104275656
 -4.1027599187244688
 -3.9743283749846219
 -3.8446312258992985
 -3.7136948649851185
 -3.5815476933889623
 -3.4482199542353857
 -3.313743784394287
 -3.1781530506030919
 -3.0414833917503188
 -2.9037720576493125
 -2.7650579414483563
 -2.6253814219049683
 -2.4847843855922123
 -2.3433100734913417
 -2.2010030927241773
 -2.0579092682472635
 -1.9140756439014319
 -1.7695503399527648
 -1.6243825433124643
 -1.4786223716289557
 -1.3323208525936854
 -1.1855297952448005
 -1.0383017583372554
 -0.89068992947185077
 -0.74274808257077873
 -0.59453046539657606
 -0.44609174623673187
 -0.2974869103255029
 -0.14877119590319432
 -6.7724339358247363e-15
 0.14877119590318069
 0.29748691032548907
 0.44609174623671782
 0.59453046539656162
 0.74274808257076386
 0.89068992947183556
 1.03830175833724
 1.1855297952447852
 1.3323208525936698
 1.4786223716289399
 1.6243825433124479
 1.7695503399527477
 1.9140756439014133
 2.0579092682472435
 2.2010030927241551
 2.3433100734913173
 2.4847843855921865
 2.6253814219049412
 2.7650579414483278
 2.9037720576492827
 3.0414833917502873
 3.1781530506030582
 3.3137437843942519
 3.4482199542353493
 3.581547693388925
 3.7136948649850798
 3.8446312258992585
 3.9743283749845806
 4.102759918724427
 4.2299014104275239
 4.3557305167543872
 4.4802269483777932
 4.6033726264617147
 4.7251516053436653
 4.8455502380280668
 4.9645570914986275
 5.0821631102752329
 5.1983615250138451
 5.3131480131669893
 5.4265206015754144
 5.5384798232671457
 5.6490286147891817
 5.7581724681788309
 5.8659193238248086
 5.9722797166472583
 6.07726666531563
 6.1808958116802897
 6.2831853072093793


# name: p
# type: matrix
# rows: 97
# columns: 1
 9.7561335346141469
 9.8864899516849061
 10.015703804252951
 10.143691070877336
 10.270367655426835
 10.395649572084626
 10.519452990753303
 10.64169436589683
 10.762290535917669
 10.881158796052578
 10.99821705055296
 11.113383830077844
 11.226578495293987
 11.337721199434874
 11.446733141727773
 11.553536476010892
 11.65805461219146
 11.760212072033317
 11.859934836654052
 11.957150150811287
 12.051786914258738
 12.143775436070356
 12.233047867495836
 12.319537908066698
 12.403181277421824
 12.483915375137673
 12.561679788834816
 12.636415909864766
 12.708067474859778
 12.776580139590578
 12.84190205098454
 12.903983381641119
 12.96277692921857
 13.018237614256183
 13.070323103717495
 13.118993274920099
 13.164210859924204
 13.205940878510974
 13.244151300019869
 13.278812448444572
 13.309897678251129
 13.337382754776156
 13.361246540500598
 13.381470354037384
 13.398038663293041
 13.410938426420907
 13.420159788274995
 13.425695406779932
 13.427541149068432
 13.425695406779939
 13.420159788275015
 13.410938426420936
 13.398038663293077
 13.381470354037415
 13.361246540500622
 13.337382754776177
 13.309897678251151
 13.278812448444588
 13.244151300019883
 13.205940878510988
 13.164210859924216
 13.118993274920109
 13.070323103717518
 13.018237614256213
 12.962776929218613
 12.903983381641167
 12.84190205098459
 12.776580139590632
 12.70806747485984
 12.636415909864835
 12.561679788834887
 12.483915375137753
 12.403181277421913
 12.319537908066801
 12.23304786749595
 12.143775436070475
 12.051786914258859
 11.957150150811408
 11.859934836654173
 11.760212072033434
 11.658054612191572
 11.553536476010995
 11.446733141727861
 11.33772119943495
 11.226578495294056
 11.113383830077909
 10.998217050553027
 10.881158796052642
 10.762290535917726
 10.641694365896882
 10.519452990753345
 10.395649572084663
 10.270367655426865
 10.143691070877374
 10.015703804252995
 9.886489951684954
 9.7561335346141966


# name: x
# type: range
# base, limit, increment
0 1 0.010416666666666666


