# Created by Octave 6.2.0, Sat Jul 31 20:29:37 2021 -03 <kuroneko@kuroneko-VirtualBox>
# name: xl
# type: matrix
# rows: 129
# columns: 1
 0
 0.0078125
 0.015625
 0.0234375
 0.03125
 0.0390625
 0.046875
 0.0546875
 0.0625
 0.0703125
 0.078125
 0.0859375
 0.09375
 0.1015625
 0.109375
 0.1171875
 0.125
 0.1328125
 0.140625
 0.1484375
 0.15625
 0.1640625
 0.171875
 0.1796875
 0.1875
 0.1953125
 0.203125
 0.2109375
 0.21875
 0.2265625
 0.234375
 0.2421875
 0.25
 0.2578125
 0.265625
 0.2734375
 0.28125
 0.2890625
 0.296875
 0.3046875
 0.3125
 0.3203125
 0.328125
 0.3359375
 0.34375
 0.3515625
 0.359375
 0.3671875
 0.375
 0.3828125
 0.390625
 0.3984375
 0.40625
 0.4140625
 0.421875
 0.4296875
 0.4375
 0.4453125
 0.453125
 0.4609375
 0.46875
 0.4765625
 0.484375
 0.4921875
 0.5
 0.5078125
 0.515625
 0.5234375
 0.53125
 0.5390625
 0.546875
 0.5546875
 0.5625
 0.5703125
 0.578125
 0.5859375
 0.59375
 0.6015625
 0.609375
 0.6171875
 0.625
 0.6328125
 0.640625
 0.6484375
 0.65625
 0.6640625
 0.671875
 0.6796875
 0.6875
 0.6953125
 0.703125
 0.7109375
 0.71875
 0.7265625
 0.734375
 0.7421875
 0.75
 0.7578125
 0.765625
 0.7734375
 0.78125
 0.7890625
 0.796875
 0.8046875
 0.8125
 0.8203125
 0.828125
 0.8359375
 0.84375
 0.8515625
 0.859375
 0.8671875
 0.875
 0.8828125
 0.890625
 0.8984375
 0.90625
 0.9140625
 0.921875
 0.9296875
 0.9375
 0.9453125
 0.953125
 0.9609375
 0.96875
 0.9765625
 0.984375
 0.9921875
 1


# name: h
# type: scalar
0.015625


# name: u
# type: matrix
# rows: 129
# columns: 1
 -6.2831853071862493
 -6.2065930060847556
 -6.1292498857167717
 -6.0511478774952225
 -5.97227970850492
 -5.8926389384428068
 -5.8122199173905731
 -5.7310178224839339
 -5.6490286142541368
 -5.5662490728680361
 -5.4826767532059213
 -5.398310020517755
 -5.3131480044053347
 -5.2271906337440059
 -5.1404385897373333
 -5.0528933399579081
 -4.9645570906425043
 -4.8754328197102046
 -4.7855242284654622
 -4.6948357734566679
 -4.6033726177535907
 -4.5111406615147462
 -4.4181464930043433
 -4.3243974177423281
 -4.2299014094242953
 -4.1346671375338531
 -4.0387039183268501
 -3.942021740791795
 -3.844631217857335
 -3.7465436105927394
 -3.6477707797947518
 -3.5483252083267129
 -3.4482199532377589
 -3.3474686661459128
 -3.246085546039077
 -3.1440853576144194
 -3.0414833849067602
 -2.9382954475037306
 -2.8345378551429627
 -2.7302274217298597
 -2.6253814210404887
 -2.5200175984762843
 -2.4141541280047094
 -2.3078096215928832
 -2.2010030875129343
 -2.0937539374043079
 -1.9860819460653067
 -1.8780072561017114
 -1.7695503393202929
 -1.660731998929353
 -1.5515733326440007
 -1.4420957324122659
 -1.3323208493356964
 -1.2222705909027869
 -1.1119670878219683
 -1.0014326887522278
 -0.8906899291388547
 -0.77976152343927063
 -0.6686703360449705
 -0.55743937100872842
 -0.44609174512905297
 -0.33465067519305608
 -0.22313945329244053
 -0.11158143160440187
 -7.0302526569395869e-13
 0.1115814316029958
 0.22313945329103463
 0.33465067519165054
 0.44609174512764804
 0.55743937100732399
 0.66867033604356685
 0.7797615234378682
 0.89068992913745337
 1.0014326887508274
 1.1119670878205685
 1.222270590901388
 1.3323208493342984
 1.442095732410869
 1.5515733326426049
 1.6607319989279585
 1.7695503393188996
 1.8780072561003183
 1.9860819460639136
 2.0937539374029153
 2.2010030875115425
 2.3078096215914914
 2.4141541280033181
 2.5200175984748934
 2.6253814210390978
 2.7302274217284683
 2.8345378551415705
 2.9382954475023384
 3.0414833849053688
 3.1440853576130285
 3.2460855460376865
 3.3474686661445237
 3.448219953236372
 3.5483252083253287
 3.6477707797933703
 3.7465436105913614
 3.8446312178559601
 3.9420217407904219
 4.0387039183254787
 4.1346671375324844
 4.2299014094229292
 4.3243974177409639
 4.4181464930029817
 4.51114066151339
 4.6033726177522398
 4.6948357734553197
 4.7855242284641175
 4.8754328197088661
 4.964557090641172
 5.0528933399565821
 5.1404385897360143
 5.2271906337426914
 5.3131480044040247
 5.3983100205164494
 5.4826767532046201
 5.5662490728667393
 5.6490286142528445
 5.7310178224826434
 5.8122199173892843
 5.8926389384415163
 5.9722797085036285
 6.0511478774939285
 6.1292498857154767
 6.2065930060834527
 6.2831853071849393


# name: p
# type: matrix
# rows: 129
# columns: 1
 9.7561335374232669
 9.8540046796715615
 9.9512449465397506
 10.047818902204547
 10.143691068919658
 10.238825983057197
 10.333188193889219
 10.426742306330201
 10.519452992712854
 10.611285022266372
 10.702203285723993
 10.792172811601858
 10.881158803446455
 10.969126643009094
 11.056041939912445
 11.141870521845588
 11.22657849640046
 11.310132228442114
 11.392498413838036
 11.473644044187633
 11.553536492140042
 11.632143463695936
 11.709433094782899
 11.785373891371183
 11.859934836949753
 11.933085320725709
 12.004795255619117
 12.075034994843227
 12.143775460011968
 12.210988046424914
 12.27664476085798
 12.340718115903259
 12.403181276991106
 12.464007946160196
 12.523172517838034
 12.580649952440963
 12.636415940419816
 12.690446766113318
 12.742719479546514
 12.793211750983508
 12.841902049948466
 12.88876949094519
 12.933794019153744
 12.976956247804946
 13.018237649990279
 13.057620388198716
 13.095087511663394
 13.130622778586478
 13.164210858433357
 13.195837147388152
 13.22548797499476
 13.253150413401457
 13.278812487738021
 13.302462979722337
 13.324091641154302
 13.343688992470394
 13.361246538727869
 13.376756563705163
 13.39021234774405
 13.401607958004147
 13.410938467526565
 13.418199742259679
 13.423388660704951
 13.426502898338812
 13.427541147200071
 13.426502898338782
 13.423388660704896
 13.418199742259588
 13.41093846752643
 13.401607958003979
 13.39021234774385
 13.376756563704943
 13.361246538727643
 13.343688992470168
 13.324091641154075
 13.30246297972211
 13.278812487737781
 13.253150413401206
 13.225487974994502
 13.195837147387879
 13.164210858433075
 13.130622778586188
 13.095087511663099
 13.057620388198417
 13.018237649989974
 12.976956247804628
 12.933794019153416
 12.888769490944856
 12.841902049948128
 12.793211750983165
 12.742719479546164
 12.690446766112967
 12.636415940419466
 12.580649952440606
 12.523172517837663
 12.464007946159802
 12.403181276990679
 12.340718115902813
 12.276644760857518
 12.210988046424447
 12.143775460011495
 12.075034994842751
 12.004795255618632
 11.933085320725212
 11.859934836949238
 11.785373891370654
 11.709433094782353
 11.632143463695375
 11.553536492139466
 11.473644044187047
 11.392498413837439
 11.310132228441507
 11.226578496399849
 11.141870521844986
 11.056041939911857
 10.96912664300851
 10.881158803445878
 10.792172811601292
 10.70220328572344
 10.611285022265845
 10.519452992712353
 10.426742306329722
 10.333188193888756
 10.238825983056747
 10.143691068919226
 10.047818902204131
 9.9512449465393491
 9.8540046796711689
 9.756133537422885


# name: x
# type: range
# base, limit, increment
0 1 0.0078125


