# Created by Octave 6.2.0, Sat Jul 31 20:29:35 2021 -03 <kuroneko@kuroneko-VirtualBox>
# name: xl
# type: matrix
# rows: 65
# columns: 1
 0
 0.015625
 0.03125
 0.046875
 0.0625
 0.078125
 0.09375
 0.109375
 0.125
 0.140625
 0.15625
 0.171875
 0.1875
 0.203125
 0.21875
 0.234375
 0.25
 0.265625
 0.28125
 0.296875
 0.3125
 0.328125
 0.34375
 0.359375
 0.375
 0.390625
 0.40625
 0.421875
 0.4375
 0.453125
 0.46875
 0.484375
 0.5
 0.515625
 0.53125
 0.546875
 0.5625
 0.578125
 0.59375
 0.609375
 0.625
 0.640625
 0.65625
 0.671875
 0.6875
 0.703125
 0.71875
 0.734375
 0.75
 0.765625
 0.78125
 0.796875
 0.8125
 0.828125
 0.84375
 0.859375
 0.875
 0.890625
 0.90625
 0.921875
 0.9375
 0.953125
 0.96875
 0.984375
 1


# name: h
# type: scalar
0.03125


# name: u
# type: matrix
# rows: 65
# columns: 1
 -6.2831853071826602
 -6.1292499257013198
 -5.9722797104617502
 -5.812219960325355
 -5.649028617827847
 -5.4826767981074056
 -5.3131480092640233
 -5.1404386356496667
 -4.9645570964679253
 -4.7855242744680435
 -4.6033726242431037
 -4.4181465382192338
 -4.2299014162928001
 -4.038703961925882
 -3.8446312248391066
 -3.6477708210062887
 -3.4482199600882009
 -3.2460855841543719
 -3.0414833914040433
 -2.8345378895220072
 -2.625381426987031
 -2.4141541580815549
 -2.201003092736761
 -1.9860819713527864
 -1.7695503436762234
 -1.5515733527378135
 -1.3323208527063457
 -1.1119671024040714
 -0.89068993143545649
 -0.66867034488625365
 -0.4460917462920802
 -0.22313945625466253
 -2.8985855277883639e-13
 0.22313945625408271
 0.44609174629149989
 0.66867034488567223
 0.89068993143487352
 1.1119671024034867
 1.3323208527057591
 1.5515733527372244
 1.7695503436756319
 1.9860819713521924
 2.201003092736165
 2.4141541580809576
 2.625381426986432
 2.8345378895214073
 3.0414833914034416
 3.2460855841537684
 3.4482199600875951
 3.6477708210056825
 3.8446312248384995
 4.0387039619252754
 4.2299014162921926
 4.4181465382186271
 4.6033726242424988
 4.7855242744674369
 4.9645570964673178
 5.1404386356490601
 5.3131480092634176
 5.4826767981068016
 5.649028617827244
 5.8122199603247537
 5.9722797104611507
 6.1292499257007229
 6.283185307182066


# name: p
# type: matrix
# rows: 65
# columns: 1
 9.7561335175464077
 9.951244963317766
 10.143691051957431
 10.333188187286931
 10.519452978713446
 10.70220325622309
 10.881158792416393
 11.056041888189599
 11.226578488305664
 11.392498340760522
 11.553536486907234
 11.709433001402246
 11.859934834468099
 12.004795143162971
 12.143775460135188
 12.27664463072024
 12.40318127953979
 12.523172371567238
 12.636415945184091
 12.742719318832815
 12.841902056690927
 12.933793845814517
 13.018237658449211
 13.095087327627432
 13.164210868326018
 13.225487782285414
 13.278812498764218
 13.324091441871698
 13.361246550573632
 13.390212144046609
 13.41093847986814
 13.423388454790361
 13.427541159707635
 13.423388454790373
 13.41093847986817
 13.390212144046659
 13.361246550573705
 13.324091441871783
 13.278812498764315
 13.225487782285516
 13.164210868326117
 13.095087327627525
 13.018237658449296
 12.933793845814584
 12.841902056690984
 12.742719318832867
 12.636415945184135
 12.523172371567275
 12.403181279539821
 12.276644630720273
 12.143775460135226
 12.004795143163021
 11.859934834468161
 11.709433001402315
 11.553536486907309
 11.392498340760605
 11.226578488305755
 11.0560418881897
 10.881158792416509
 10.702203256223218
 10.519452978713581
 10.333188187287082
 10.1436910519576
 9.9512449633179436
 9.7561335175465924


# name: x
# type: range
# base, limit, increment
0 1 0.015625


# name: exata
# type: matrix
# rows: 65
# columns: 1
 0
 0.049067674327418015
 0.098017140329560604
 0.14673047445536175
 0.19509032201612825
 0.24298017990326387
 0.29028467725446233
 0.33688985339222005
 0.38268343236508978
 0.42755509343028208
 0.47139673682599764
 0.51410274419322166
 0.55557023301960218
 0.59569930449243336
 0.63439328416364549
 0.67155895484701833
 0.70710678118654746
 0.74095112535495911
 0.77301045336273699
 0.80320753148064483
 0.83146961230254524
 0.85772861000027212
 0.88192126434835494
 0.90398929312344334
 0.92387953251128674
 0.94154406518302081
 0.95694033573220894
 0.97003125319454397
 0.98078528040323043
 0.98917650996478101
 0.99518472667219682
 0.99879545620517241
 1
 0.99879545620517241
 0.99518472667219693
 0.98917650996478101
 0.98078528040323043
 0.97003125319454397
 0.95694033573220894
 0.94154406518302081
 0.92387953251128674
 0.90398929312344345
 0.88192126434835505
 0.85772861000027212
 0.83146961230254546
 0.80320753148064494
 0.7730104533627371
 0.74095112535495899
 0.70710678118654757
 0.67155895484701855
 0.63439328416364549
 0.59569930449243347
 0.55557023301960218
 0.51410274419322177
 0.47139673682599786
 0.42755509343028203
 0.38268343236508989
 0.33688985339222033
 0.29028467725446239
 0.24298017990326407
 0.19509032201612861
 0.1467304744553618
 0.098017140329560826
 0.049067674327417966
 1.2246467991473532e-16


