# Created by Octave 6.2.0, Wed Aug 04 01:17:09 2021 -03 <kuroneko@kuroneko-VirtualBox>
# name: xl
# type: matrix
# rows: 33
# columns: 1
 0
 0.03125
 0.0625
 0.09375
 0.125
 0.15625
 0.1875
 0.21875
 0.25
 0.28125
 0.3125
 0.34375
 0.375
 0.40625
 0.4375
 0.46875
 0.5
 0.53125
 0.5625
 0.59375
 0.625
 0.65625
 0.6875
 0.71875
 0.75
 0.78125
 0.8125
 0.84375
 0.875
 0.90625
 0.9375
 0.96875
 1


# name: h
# type: scalar
0.0625


# name: u
# type: matrix
# rows: 33
# columns: 1
 -3.1415926536792278
 -3.1264617006765909
 -3.0812279790635029
 -3.006313654125754
 -2.9024533933342433
 -2.7706346157541257
 -2.6121391110726648
 -2.4284816061807253
 -2.2214417545301703
 -1.9930033807395957
 -1.7453756109481708
 -1.4809351302413989
 -1.2022356419737259
 -0.91195535702912645
 -0.6128944185959937
 -0.30792964122085925
 -1.2241404296130645e-14
 0.30792964122083483
 0.61289441859596927
 0.91195535702910213
 1.2022356419737017
 1.4809351302413747
 1.7453756109481466
 1.9930033807395715
 2.2214417545301459
 2.4284816061807009
 2.6121391110726409
 2.7706346157541026
 2.9024533933342207
 3.0063136541257305
 3.0812279790634789
 3.126461700676566
 3.1415926536792025


# name: p
# type: matrix
# rows: 33
# columns: 1
 -1.3996103225461349e-06
 0.098015987545038014
 0.19508895858045364
 0.29028400210725486
 0.38268209600724268
 0.47139650520451359
 0.55556891635637662
 0.63439344743398796
 0.70710547837288995
 0.77301094978789153
 0.83146831881492345
 0.88192202102712625
 0.92387824489476511
 0.95694127097999804
 0.98078399598863486
 0.99518575274884491
 0.99999871659879247
 0.99518575274884458
 0.98078399598863431
 0.95694127097999704
 0.92387824489476367
 0.88192202102712447
 0.83146831881492178
 0.77301094978788931
 0.70710547837288695
 0.63439344743398451
 0.55556891635637307
 0.47139650520450993
 0.38268209600723896
 0.29028400210725186
 0.19508895858045139
 0.098015987545036695
 -1.3996103229717874e-06


# name: x
# type: range
# base, limit, increment
0 1 0.03125


# name: exata
# type: matrix
# rows: 33
# columns: 1
 0
 0.098017140329560604
 0.19509032201612825
 0.29028467725446233
 0.38268343236508978
 0.47139673682599764
 0.55557023301960218
 0.63439328416364549
 0.70710678118654746
 0.77301045336273699
 0.83146961230254524
 0.88192126434835494
 0.92387953251128674
 0.95694033573220894
 0.98078528040323043
 0.99518472667219682
 1
 0.99518472667219693
 0.98078528040323043
 0.95694033573220894
 0.92387953251128674
 0.88192126434835505
 0.83146961230254546
 0.7730104533627371
 0.70710678118654757
 0.63439328416364549
 0.55557023301960218
 0.47139673682599786
 0.38268343236508989
 0.29028467725446239
 0.19509032201612861
 0.098017140329560826
 1.2246467991473532e-16


