# Created by Octave 6.2.0, Wed Aug 04 01:17:12 2021 -03 <kuroneko@kuroneko-VirtualBox>
# name: xl
# type: matrix
# rows: 129
# columns: 1
 0
 0.0078125
 0.015625
 0.0234375
 0.03125
 0.0390625
 0.046875
 0.0546875
 0.0625
 0.0703125
 0.078125
 0.0859375
 0.09375
 0.1015625
 0.109375
 0.1171875
 0.125
 0.1328125
 0.140625
 0.1484375
 0.15625
 0.1640625
 0.171875
 0.1796875
 0.1875
 0.1953125
 0.203125
 0.2109375
 0.21875
 0.2265625
 0.234375
 0.2421875
 0.25
 0.2578125
 0.265625
 0.2734375
 0.28125
 0.2890625
 0.296875
 0.3046875
 0.3125
 0.3203125
 0.328125
 0.3359375
 0.34375
 0.3515625
 0.359375
 0.3671875
 0.375
 0.3828125
 0.390625
 0.3984375
 0.40625
 0.4140625
 0.421875
 0.4296875
 0.4375
 0.4453125
 0.453125
 0.4609375
 0.46875
 0.4765625
 0.484375
 0.4921875
 0.5
 0.5078125
 0.515625
 0.5234375
 0.53125
 0.5390625
 0.546875
 0.5546875
 0.5625
 0.5703125
 0.578125
 0.5859375
 0.59375
 0.6015625
 0.609375
 0.6171875
 0.625
 0.6328125
 0.640625
 0.6484375
 0.65625
 0.6640625
 0.671875
 0.6796875
 0.6875
 0.6953125
 0.703125
 0.7109375
 0.71875
 0.7265625
 0.734375
 0.7421875
 0.75
 0.7578125
 0.765625
 0.7734375
 0.78125
 0.7890625
 0.796875
 0.8046875
 0.8125
 0.8203125
 0.828125
 0.8359375
 0.84375
 0.8515625
 0.859375
 0.8671875
 0.875
 0.8828125
 0.890625
 0.8984375
 0.90625
 0.9140625
 0.921875
 0.9296875
 0.9375
 0.9453125
 0.953125
 0.9609375
 0.96875
 0.9765625
 0.984375
 0.9921875
 1


# name: h
# type: scalar
0.015625


# name: u
# type: matrix
# rows: 129
# columns: 1
 -3.1415926535895764
 -3.1406464513542178
 -3.1378084678166127
 -3.1330803591219869
 -3.1264650265919909
 -3.1179664018663198
 -3.1075896572596742
 -3.0953409904345515
 -3.0812278322381466
 -3.0652586314250487
 -3.0474430594733821
 -3.0277917958760385
 -3.0063167294426338
 -2.9830307446765287
 -2.9579479190776476
 -2.9310833111199233
 -2.9024531530796573
 -2.8720746411241715
 -2.8399661232011706
 -2.8061468917442896
 -2.7706373661708246
 -2.7334588887035669
 -2.6946339010372347
 -2.654185743768485
 -2.6121388268054559
 -2.5685184328891335
 -2.5233508813354644
 -2.4766633361214243
 -2.4284839625652319
 -2.3788417404394533
 -2.3277666132118613
 -2.2752893066358011
 -2.221441470192163
 -2.166255501594041
 -2.1097646800890719
 -2.05200299730117
 -1.9930052820720947
 -1.9328070380477818
 -1.8714445597583831
 -1.8089547773404617
 -1.7453753635758613
 -1.6807445861238395
 -1.615101405260899
 -1.5484853339788478
 -1.4809365261901311
 -1.4124956450288502
 -1.3432039413090981
 -1.273103130346219
 -1.2022354604791297
 -1.130643598708567
 -1.058370689118324
 -0.98546024760598827
 -0.91195621006235184
 -0.83790283644824537
 -0.76334474861605006
 -0.68832684396371635
 -0.61289432280726441
 -0.53709261182000001
 -0.46096738089006239
 -0.38456447652927844
 -0.30792992817514492
 -0.23110989172974702
 -0.1541506452909927
 -0.077098542957614494
 5.9744241162550677e-14
 0.077098542957733968
 0.15415064529111219
 0.23110989172986657
 0.30792992817526449
 0.3845644765293979
 0.46096738089018174
 0.53709261182011947
 0.61289432280738398
 0.68832684396383625
 0.7633447486161703
 0.83790283644836583
 0.91195621006247263
 0.98546024760610929
 1.0583706891184455
 1.1306435987086891
 1.2022354604792524
 1.2731031303463418
 1.3432039413092212
 1.4124956450289727
 1.4809365261902532
 1.5484853339789697
 1.6151014052610202
 1.6807445861239607
 1.7453753635759826
 1.8089547773405827
 1.8714445597585037
 1.9328070380479023
 1.9930052820722153
 2.0520029973012908
 2.1097646800891932
 2.1662555015941627
 2.2214414701922851
 2.2752893066359245
 2.3277666132119865
 2.3788417404395799
 2.4284839625653598
 2.4766633361215526
 2.5233508813355936
 2.5685184328892632
 2.6121388268055861
 2.6541857437686165
 2.6946339010373674
 2.7334588887037028
 2.7706373661709636
 2.8061468917444303
 2.8399661232013131
 2.8720746411243177
 2.902453153079807
 2.931083311120076
 2.957947919077804
 2.9830307446766873
 3.006316729442795
 3.0277917958762006
 3.047443059473546
 3.0652586314252148
 3.0812278322383144
 3.0953409904347207
 3.1075896572598447
 3.1179664018664908
 3.1264650265921627
 3.1330803591221597
 3.1378084678167859
 3.1406464513543892
 3.1415926535897456


# name: p
# type: matrix
# rows: 129
# columns: 1
 -5.4589157827230548e-09
 0.024541223306352385
 0.049067668907307585
 0.073564558865341648
 0.098017134945705423
 0.12241067094302395
 0.14673046910532561
 0.17096188497718734
 0.19509031669758709
 0.21910123684082947
 0.24298017461400417
 0.26671275461898442
 0.29028467199237912
 0.31368173799522359
 0.33688984815531492
 0.35989503457476502
 0.38268342715146825
 0.40524131247850287
 0.42755508823815119
 0.4496113285512558
 0.47139673165366253
 0.49289819153809772
 0.51410273903908432
 0.53499761959475189
 0.55557022788215693
 0.57580819151168849
 0.59569929937026378
 0.61523159104670233
 0.63439327905542253
 0.65317284377735241
 0.67155894975149666
 0.68954054590266223
 0.70710677610255934
 0.72424708444288266
 0.74095112028141141
 0.75720884830683644
 0.77301044829860943
 0.78834642971836011
 0.80320752642498483
 0.8175848155165909
 0.8314696072544645
 0.84485356786924226
 0.85772860495894165
 0.87008699396350953
 0.88192125931300047
 0.89322430426581367
 0.90398928809334234
 0.91420975896910905
 0.92387952748576141
 0.93299280227496129
 0.94154406016143466
 0.94952818418689666
 0.95694033071396367
 0.96377606952160388
 0.97003124817907216
 0.97570213387537963
 0.9807852753899895
 0.98527764631462589
 0.98917650495325193
 0.99247953859118698
 0.99518472166187921
 0.99729046071577565
 0.99879545119557733
 0.9996988227556185
 0.99999999499064607
 0.99969882275562072
 0.998795451195582
 0.99729046071578276
 0.9951847216618892
 0.99247953859119986
 0.98917650495326748
 0.98527764631464332
 0.98078527539000826
 0.97570213387539972
 0.97003124817909336
 0.96377606952162675
 0.95694033071398865
 0.94952818418692364
 0.9415440601614633
 0.93299280227499015
 0.92387952748579039
 0.9142097589691377
 0.90398928809337065
 0.89322430426584187
 0.88192125931302834
 0.87008699396353617
 0.85772860495896686
 0.8448535678692658
 0.8314696072544866
 0.81758481551661133
 0.80320752642500304
 0.78834642971837576
 0.77301044829862253
 0.75720884830684709
 0.74095112028141974
 0.72424708444288799
 0.70710677610256201
 0.68954054590266312
 0.6715589497514961
 0.65317284377735096
 0.63439327905542009
 0.61523159104669811
 0.59569929937025767
 0.57580819151168083
 0.55557022788214772
 0.53499761959474157
 0.514102739039073
 0.49289819153808551
 0.47139673165364937
 0.44961132855124164
 0.42755508823813571
 0.40524131247848627
 0.38268342715145048
 0.35989503457474609
 0.33688984815529482
 0.3136817379952021
 0.29028467199235625
 0.2667127546189601
 0.24298017461397867
 0.21910123684080279
 0.19509031669755911
 0.17096188497715781
 0.14673046910529466
 0.12241067094299157
 0.098017134945671699
 0.073564558865306606
 0.049067668907271232
 0.024541223306314679
 -5.4589548437127134e-09


# name: x
# type: range
# base, limit, increment
0 1 0.0078125


