# Created by Octave 6.2.0, Sat Jul 31 20:29:35 2021 -03 <kuroneko@kuroneko-VirtualBox>
# name: xl
# type: matrix
# rows: 33
# columns: 1
 0
 0.03125
 0.0625
 0.09375
 0.125
 0.15625
 0.1875
 0.21875
 0.25
 0.28125
 0.3125
 0.34375
 0.375
 0.40625
 0.4375
 0.46875
 0.5
 0.53125
 0.5625
 0.59375
 0.625
 0.65625
 0.6875
 0.71875
 0.75
 0.78125
 0.8125
 0.84375
 0.875
 0.90625
 0.9375
 0.96875
 1


# name: h
# type: scalar
0.0625


# name: u
# type: matrix
# rows: 33
# columns: 1
 -6.2831853073588473
 -5.9722803713326789
 -5.6490286753720484
 -5.3131487334941223
 -4.9645571901132044
 -4.6033733519552991
 -4.2299015266472582
 -3.844631901595041
 -3.4482200701255716
 -3.0414839699697955
 -2.6253815224932464
 -2.2010035346356589
 -1.7695504136323561
 -1.332321129496407
 -0.89068996832038194
 -0.44609184051683326
 2.6814504648667125e-14
 0.44609184051688716
 0.89068996832043601
 1.3323211294964616
 1.7695504136324114
 2.2010035346357153
 2.6253815224933041
 3.0414839699698537
 3.4482200701256311
 3.8446319015951005
 4.2299015266473194
 4.6033733519553612
 4.9645571901132683
 5.3131487334941871
 5.6490286753721142
 5.9722803713327455
 6.2831853073589157


# name: p
# type: matrix
# rows: 33
# columns: 1
 9.7561331970294862
 10.143691130348477
 10.51945275213186
 10.881158138860997
 11.226578356104129
 11.553535150773273
 11.859934791995016
 12.143773514286567
 12.403181317485279
 12.63641348368027
 12.841902161687068
 13.018234793406096
 13.164211023689381
 13.278809356502006
 13.361246737164759
 13.410935196499139
 13.427541356877692
 13.410935196499139
 13.361246737164757
 13.278809356502
 13.16421102368937
 13.018234793406084
 12.841902161687054
 12.636413483680252
 12.403181317485259
 12.143773514286547
 11.859934791994997
 11.553535150773259
 11.22657835610412
 10.881158138860989
 10.519452752131857
 10.143691130348474
 9.7561331970294809


# name: x
# type: range
# base, limit, increment
0 1 0.03125


# name: exata
# type: matrix
# rows: 33
# columns: 1
 0
 0.098017140329560604
 0.19509032201612825
 0.29028467725446233
 0.38268343236508978
 0.47139673682599764
 0.55557023301960218
 0.63439328416364549
 0.70710678118654746
 0.77301045336273699
 0.83146961230254524
 0.88192126434835494
 0.92387953251128674
 0.95694033573220894
 0.98078528040323043
 0.99518472667219682
 1
 0.99518472667219693
 0.98078528040323043
 0.95694033573220894
 0.92387953251128674
 0.88192126434835505
 0.83146961230254546
 0.7730104533627371
 0.70710678118654757
 0.63439328416364549
 0.55557023301960218
 0.47139673682599786
 0.38268343236508989
 0.29028467725446239
 0.19509032201612861
 0.098017140329560826
 1.2246467991473532e-16


