# Created by Octave 6.2.0, Wed Aug 04 01:17:10 2021 -03 <kuroneko@kuroneko-VirtualBox>
# name: xl
# type: matrix
# rows: 97
# columns: 1
 0
 0.010416666666666666
 0.020833333333333332
 0.03125
 0.041666666666666664
 0.052083333333333329
 0.062499999999999993
 0.072916666666666657
 0.083333333333333329
 0.09375
 0.10416666666666667
 0.11458333333333334
 0.125
 0.13541666666666666
 0.14583333333333331
 0.15624999999999997
 0.16666666666666663
 0.17708333333333329
 0.18749999999999994
 0.1979166666666666
 0.20833333333333326
 0.21874999999999992
 0.22916666666666657
 0.23958333333333323
 0.24999999999999989
 0.26041666666666657
 0.27083333333333326
 0.28124999999999994
 0.29166666666666663
 0.30208333333333331
 0.3125
 0.32291666666666669
 0.33333333333333337
 0.34375000000000006
 0.35416666666666674
 0.36458333333333343
 0.37500000000000011
 0.3854166666666668
 0.39583333333333348
 0.40625000000000017
 0.41666666666666685
 0.42708333333333354
 0.43750000000000022
 0.44791666666666691
 0.45833333333333359
 0.46875000000000028
 0.47916666666666696
 0.48958333333333365
 0.50000000000000033
 0.51041666666666696
 0.52083333333333359
 0.53125000000000022
 0.54166666666666685
 0.55208333333333348
 0.56250000000000011
 0.57291666666666674
 0.58333333333333337
 0.59375
 0.60416666666666663
 0.61458333333333326
 0.62499999999999989
 0.63541666666666652
 0.64583333333333315
 0.65624999999999978
 0.66666666666666641
 0.67708333333333304
 0.68749999999999967
 0.6979166666666663
 0.70833333333333293
 0.71874999999999956
 0.72916666666666619
 0.73958333333333282
 0.74999999999999944
 0.76041666666666607
 0.7708333333333327
 0.78124999999999933
 0.79166666666666596
 0.80208333333333259
 0.81249999999999922
 0.82291666666666585
 0.83333333333333248
 0.84374999999999911
 0.85416666666666574
 0.86458333333333237
 0.874999999999999
 0.88541666666666563
 0.89583333333333226
 0.90624999999999889
 0.91666666666666552
 0.92708333333333215
 0.93749999999999878
 0.94791666666666541
 0.95833333333333204
 0.96874999999999867
 0.9791666666666653
 0.98958333333333193
 0.99999999999999856


# name: h
# type: scalar
0.020833333333333332


# name: u
# type: matrix
# rows: 97
# columns: 1
 -3.1415926535907541
 -3.1399105637119109
 -3.1348662632473463
 -3.1264649852747231
 -3.1147158942184214
 -3.0996314037158954
 -3.0812278334813099
 -3.059524724554807
 -3.0345454820568154
 -3.0063166907524335
 -2.9748687409440344
 -2.9402351472816264
 -2.9024531551135877
 -2.8615630654599626
 -2.8176088192248323
 -2.7706373312231207
 -2.7206990497529184
 -2.6678473025275893
 -2.612138829211875
 -2.5536331420601255
 -2.4923930291357785
 -2.4284839323935579
 -2.3619744194274728
 -2.2929355816601267
 -2.2214414725991336
 -2.1475685287105915
 -2.071395972307231
 -1.9930052575859603
 -1.9124804364225245
 -1.8299076319452674
 -1.7453753656699107
 -1.6589740608637766
 -1.5707963296198437
 -1.4809365081381005
 -1.3894909025095823
 -1.2965573579048533
 -1.2022354620155387
 -1.1066261499947365
 -1.0098318646848785
 -0.91195619900177516
 -0.81310401226268614
 -0.71338111154536565
 -0.61289432361820684
 -0.51175121663875689
 -0.41006012737792041
 -0.30792992444967338
 -0.20546999071274652
 -0.10279002904542607
 -7.5607008365518778e-14
 0.10279002904527486
 0.20546999071259528
 0.30792992444952205
 0.41006012737776898
 0.51175121663860501
 0.61289432361805463
 0.71338111154521311
 0.81310401226253326
 0.91195619900162206
 1.0098318646847251
 1.1066261499945826
 1.2022354620153843
 1.2965573579046981
 1.3894909025094262
 1.4809365081379435
 1.5707963296196856
 1.6589740608636172
 1.7453753656697499
 1.8299076319451058
 1.912480436422362
 1.9930052575857973
 2.0713959723070672
 2.1475685287104276
 2.2214414725989697
 2.2929355816599624
 2.361974419427308
 2.4284839323933922
 2.492393029135612
 2.5536331420599594
 2.6121388292117094
 2.6678473025274236
 2.7206990497527532
 2.7706373312229555
 2.8176088192246675
 2.8615630654597992
 2.9024531551134256
 2.9402351472814643
 2.9748687409438723
 3.0063166907522718
 3.0345454820566542
 3.0595247245546457
 3.0812278334811487
 3.0996314037157351
 3.114715894218262
 3.1264649852745654
 3.1348662632471904
 3.1399105637117559
 3.1415926535906


# name: p
# type: matrix
# rows: 97
# columns: 1
 -1.7259260996955022e-08
 0.032719066583279964
 0.065403112132681337
 0.098017126117773079
 0.13052617527026944
 0.1628954611837829
 0.19509030520075393
 0.22707625279169638
 0.25881902840911269
 0.29028466894000282
 0.32143944872008817
 0.35225004148811906
 0.3826834158815075
 0.41270702519892161
 0.44228867382483023
 0.47139673398779075
 0.49999998368589732
 0.52806784951256935
 0.55557021677693197
 0.58247769735728816
 0.60876141282952356
 0.63439328620127333
 0.65934579897702905
 0.68359230552374994
 0.70710676511295667
 0.7298640775716233
 0.75183979144869706
 0.77301045951396219
 0.79335332429865912
 0.81284669192002168
 0.83146959634255868
 0.8492021899274903
 0.86602538785237693
 0.88192127371306051
 0.89687272562429277
 0.91086383513733149
 0.92387951662266032
 0.93590593770937269
 0.94693011362266655
 0.95694034730180644
 0.9659258104295031
 0.9738769913438029
 0.98078526455344672
 0.98664334452565905
 0.99144484553088918
 0.99518473936330953
 0.99785890739975025
 0.99946460029288153
 0.99999998416249303
 0.99946460029287887
 0.99785890739974548
 0.99518473936330243
 0.9914448455308803
 0.98664334452564806
 0.98078526455343384
 0.97387699134378825
 0.96592581042948744
 0.95694034730179023
 0.94693011362265023
 0.93590593770935737
 0.92387951662264589
 0.9108638351373185
 0.89687272562428166
 0.88192127371305162
 0.86602538785236971
 0.84920218992748497
 0.83146959634255468
 0.8128466919200189
 0.79335332429865735
 0.77301045951396152
 0.75183979144869761
 0.72986407757162541
 0.70710676511296011
 0.68359230552375494
 0.65934579897703538
 0.63439328620128099
 0.60876141282953244
 0.58247769735729793
 0.55557021677694274
 0.52806784951258157
 0.49999998368591081
 0.47139673398780568
 0.44228867382484643
 0.41270702519893887
 0.3826834158815256
 0.35225004148813793
 0.32143944872010821
 0.29028466894002414
 0.2588190284091354
 0.22707625279172083
 0.19509030520078022
 0.16289546118381093
 0.13052617527029919
 0.098017126117804582
 0.065403112132714492
 0.032719066583314804
 -1.7259224494060631e-08


# name: x
# type: range
# base, limit, increment
0 1 0.010416666666666666


