# Created by Octave 6.2.0, Tue Jul 06 15:31:28 2021 -03 <kuroneko@kuroneko-VirtualBox>
# name: xlSUPG
# type: matrix
# rows: 11
# columns: 1
 0
 0.20000000000000001
 0.40000000000000002
 0.60000000000000009
 0.80000000000000004
 1
 1.2
 1.3999999999999999
 1.5999999999999999
 1.7999999999999998
 1.9999999999999998


# name: hSUPG
# type: scalar
0.20000000000000001


# name: deltaT
# type: scalar
0.040000000000000008


# name: U
# type: matrix
# rows: 11
# columns: 32
 0 1.12332718893748e-11 7.4436160781634811e-12 4.3146969877460411e-12 2.2766325176964056e-12 1.1217674942553966e-12 5.2506845684702247e-13 2.3626525672562774e-13 1.0307538391995259e-13 4.3873125859559464e-14 1.8305004978569142e-14 7.513251299296763e-15 3.042177761510972e-15 1.2178546378285334e-15 4.8286285214060582e-16 1.8988310841439806e-16 7.4145799918071839e-17 2.8776592978041216e-17 1.1109375092914497e-17 4.2690000732567307e-18 1.6337764460465181e-18 6.230113180658747e-19 2.3681697682685172e-19 8.9762546587076876e-20 3.3937047981538072e-20 1.2801572265929117e-20 4.8190574206185142e-21 1.8107448339913663e-21 6.7924285715700817e-22 2.5440924487758496e-22 9.5156896002755636e-23 3.5546769254327428e-23
 0 -0.025547988123686974 -0.040953267628846886 -0.047637017824997144 -0.047374417229346127 -0.042014762133065535 -0.033345619125740272 -0.022984169345847755 -0.012299259542798867 -0.0023648140986540947 0.0060572098438680042 0.012508088319050072 0.01680292855024711 0.018986443267244992 0.019279902917291182 0.018024927517602086 0.015629049691257779 0.012516981669948794 0.0090903760918982397 0.0056976994202831551 0.0026147372635357477 3.5299834877852062e-05 -0.0019290553662401132 -0.0032419926778029539 -0.0039300682374753537 -0.0040672017875938576 -0.0037579652406599133 -0.0031214731742627618 -0.0022773208674744974 -0.0013345988295961023 -0.00038455337035060298 0.00050300050211368101
 0 0.29952886778981253 0.22968739867845414 0.16268917449341463 0.10197122707836707 0.049981745661835594 0.0081728070557799022 -0.022934543576159712 -0.043628711476424387 -0.054847268344404294 -0.057996026164705165 -0.054764333581065708 -0.046951118017273315 -0.036313069524021066 -0.024442820351482059 -0.012681366670418274 -0.002065607257259283 0.0066910257136182988 0.013189135781413166 0.017310974615523608 0.019171766064271376 0.01906156052084201 0.017384015205402222 0.014597634226393963 0.011163852937515619 0.0075050623140561811 0.003974367496563931 0.00083765272873288906 -0.0017325599957327053 -0.0036528850102363901 -0.0049166205814362915 -0.0055756927208497568
 0 0.40584844139326232 0.42296808522500101 0.42011249384251054 0.39947683191179756 0.364236351335192 0.31817796599602688 0.26533688419165163 0.20966587535022904 0.15475825631771037 0.10363840091764664 0.058626216322633443 0.021275208718423644 -0.0076220365913495297 -0.027971579716681776 -0.04027259711810547 -0.045483525516377556 -0.044874767272815315 -0.039881602248284749 -0.031968788619439699 -0.02251557464602021 -0.012726809223985648 -0.0035728323417245438 0.0042418958639905205 0.010283712599547285 0.014372152641178203 0.016544803745684782 0.017010076237914402 0.016093401991041492 0.014182124178645797 0.011673848622565925 0.008932313807833157
 0 0.056513112248660798 0.11777239619905282 0.17879901926622813 0.23488047155388841 0.28205498744618784 0.31736558421904965 0.33899924931154496 0.34631418232263744 0.33976709621987133 0.32075943873185414 0.29142572299862607 0.25438892789571887 0.21250734001888938 0.16863463543588642 0.12541093458400909 0.085097563233441531 0.049462875028536891 0.019721249958473464 -0.0034772923642212321 -0.020013214542637728 -0.030228367978234544 -0.034832257421596499 -0.034794602775506521 -0.031234464153877792 -0.02531470430673062 -0.01814857199169943 -0.010723078458424606 -0.003841946075412266 0.0019105835559980271 0.0061849202308748115 0.0088610755621908437
 0 -0.0070929050667960158 -0.0049082998332314843 0.0074847133632990667 0.02984094954941157 0.060846655687625893 0.098321862499154075 0.13948751444485982 0.18126494712722221 0.22057619240446735 0.25461727938613188 0.28108247140869635 0.29832444279582615 0.30544294794930282 0.3023018230095027 0.28948056126569477 0.26817175330888321 0.24003909946459129 0.20705238694917821 0.17131584695030855 0.13490487385680763 0.099723500569123727 0.067391627000463666 0.039167151808213729 0.015904230281732951 -0.0019547090290356599 -0.014358333295276669 -0.021603824116792732 -0.024279075622588592 -0.023195270151719096 -0.019313813628046472 -0.013670387394380139
 0 0.00089475047945109128 -0.00062522641368623294 -0.0029784399771706255 -0.0043418932743178942 -0.002916621874375734 0.0028303644707928072 0.013972309921695562 0.030993854362822499 0.053735240878017891 0.0814093264239307 0.11268370228671752 0.14581439454540479 0.17881375558873211 0.20963342189836651 0.23634352590956242 0.25729144906936846 0.27122688828671809 0.27738439370935947 0.27551931063230595 0.26589774228454327 0.24924535087700778 0.22666326884684013 0.19952195833477224 0.16934541178262411 0.13769837062508575 0.10608781794220593 0.075886540592032342 0.048281354383858659 0.024242930579289675 0.0045100339716465515 -0.010419920797645655
 0 -0.00011286106051799597 0.00023579943714506374 0.00041403485432145735 5.8006217531830216e-05 -0.00085933695678592006 -0.0020186611143255379 -0.0027996550952393492 -0.0023710551791972716 0.00018950486086291815 0.0057628799311703911 0.015060222148080461 0.028514601485305685 0.04620450466902816 0.06781693416482644 0.092653019534548436 0.11967432183380602 0.14758383647933368 0.17493245362016116 0.20023955389775366 0.22211557635908971 0.23937468215880711 0.25112675758055891 0.25683959759688424 0.25636408743060674 0.24991806262253191 0.23802929624210553 0.22144532829147962 0.20102644081768478 0.17764459200574531 0.15211138742947869 0.12515005466599607
 0 1.4209884527353974e-05 -4.9394395027598911e-05 -2.961806289992018e-05 8.6710324151571905e-05 0.00020727224094376897 0.00019592944288145025 -5.9074412148239925e-05 -0.00058261769996494918 -0.0012662454788217466 -0.0018450564952319627 -0.0019015485868708528 -0.00089619818979204478 0.001778985139495893 0.0067305387972988826 0.014485771290160036 0.025416451073885966 0.039672994506078883 0.057136915491234556 0.077397263558998411 0.09975431875862549 0.12325142669415473 0.146734164287142 0.1689354375917802 0.18858507809199468 0.20454090011979698 0.21593211686883962 0.22229465772595008 0.22366556107476379 0.22059926232005478 0.21408062661244687 0.20533845096963366
 0 -1.7157017345588055e-06 8.2712220549929211e-06 -2.1976891098847767e-06 -2.0900644974105889e-05 -2.1103393045332349e-05 1.3819011985103612e-05 7.5437150847032446e-05 0.00012726178398253862 0.00011370363643282604 -2.0988250554686268e-05 -0.00030735147824916296 -0.00072338668105198457 -0.0011700465607793128 -0.0014539193226032856 -0.0012805502110174152 -0.00026049763258260343 0.0020713517851031894 0.0062242787674036395 0.012710489360147169 0.021997413925496732 0.034456508935366267 0.050309316047830836 0.069567427630214437 0.091959536476880349 0.11684186401548936 0.14310407584168189 0.16910980361635566 0.1927341346505751 0.21155671808506216 0.22322426803021206 0.22592152300987056
 0 1.4535033522001284e-80 3.9622403281429166e-67 1.0758042141813852e-56 2.2010432769344063e-48 1.2500788026109838e-41 4.7426265711290953e-36 2.218613982414948e-31 1.9888057853983341e-27 4.7291625223286955e-24 3.8116786852254326e-21 1.2570546516311827e-18 1.9648829840834523e-16 1.635434178352792e-14 7.9582936058320875e-13 2.4424921606231163e-11 5.031357148891784e-10 7.3238429662420093e-09 7.8644357811319706e-08 6.4592800190722582e-07 4.1841418479136506e-06 2.1943014463880156e-05 9.5280939201895681e-05 0.00034926373167220936 0.0010991141423155552 0.0030133015037492107 0.0072900601384936065 0.01574037635784566 0.030635707246983449 0.054226398992859685 0.087979354788221734 0.13176128659718059


# name: x
# type: range
# base, limit, increment
0 2 0.20000000000000001


