# Created by Octave 6.2.0, Sat Jul 31 20:40:53 2021 -03 <kuroneko@kuroneko-VirtualBox>
# name: xl
# type: matrix
# rows: 49
# columns: 1
 0
 0.020833333333333332
 0.041666666666666664
 0.0625
 0.083333333333333329
 0.10416666666666666
 0.12499999999999999
 0.14583333333333331
 0.16666666666666666
 0.1875
 0.20833333333333334
 0.22916666666666669
 0.25
 0.27083333333333331
 0.29166666666666663
 0.31249999999999994
 0.33333333333333326
 0.35416666666666657
 0.37499999999999989
 0.3958333333333332
 0.41666666666666652
 0.43749999999999983
 0.45833333333333315
 0.47916666666666646
 0.49999999999999978
 0.52083333333333315
 0.54166666666666652
 0.56249999999999989
 0.58333333333333326
 0.60416666666666663
 0.625
 0.64583333333333337
 0.66666666666666674
 0.68750000000000011
 0.70833333333333348
 0.72916666666666685
 0.75000000000000022
 0.77083333333333359
 0.79166666666666696
 0.81250000000000033
 0.8333333333333337
 0.85416666666666707
 0.87500000000000044
 0.89583333333333381
 0.91666666666666718
 0.93750000000000056
 0.95833333333333393
 0.9791666666666673
 1.0000000000000007


# name: h
# type: scalar
0.0625


# name: u
# type: matrix
# rows: 49
# columns: 1
 -3.9627604792383058
 1.7554793955950527
 2.3668772218763352
 1.3455496739981667
 1.1493289421548669
 1.1955841349150464
 -0.32882401100961023
 -2.089367838033886
 -1.9536770585663603
 -1.417412886706384
 -0.42295815343156207
 -0.32249562690599909
 0.26822493303357275
 0.71080416580638439
 0.78457807719844719
 0.35088034992281347
 1.6767418454130751
 1.3225071544005538
 -1.2132201536195384
 -2.9005491514818362
 -3.0439666908262266
 -4.0940350320628234
 -1.6654133140600258
 -0.94949674483563573
 -0.55545375606005454
 -1.3139715595743136
 -0.91013272703457837
 0.27821988152860389
 -0.67829555479051784
 -0.34247570099187286
 1.9720022759469977
 -1.3503682902059815
 -0.9073890125565004
 3.6332994356797554
 2.7361052098788932
 2.2520838588144598
 -1.3395843266073886
 1.6429195436532882
 1.1589829108525977
 -0.46050115786195917
 0.22306403077433501
 0.2250254703161314
 -0.153280041370774
 -0.1303548428123289
 -0.10624419132462992
 0.23490395032425304
 0.11723643693558694
 0.16917223588442898
 0.84287350920301729


# name: p
# type: matrix
# rows: 49
# columns: 1
 -0.00082925710550085796
 -166903456586.78973
 -111268971057.58548
 500710369763.35144
 1242191689743.5283
 995031249759.35339
 -1723733590094.2766
 1710537734769.062
 565780626491.58154
 -12026547564591.789
 -16021064711365.281
 -14689558995778.387
 -42996124309.618797
 4096064301231.3516
 2716377492719.9912
 -12460177400911.768
 -15964967299924.031
 -14796704000261.354
 -1945807703947.6897
 -2673804766664.4341
 -2431139079084.9009
 238183484267.81302
 189552101344.5043
 205762562332.68179
 384077633162.05139
 -304989913220.13898
 -75300731079.399033
 2451280272428.769
 3389810882184.0986
 3076967345605.4858
 -364311556778.7099
 -1589510880230.9731
 -1181111105735.554
 3311286413679.7852
 -401883591859.58276
 835839743323.53894
 14450796430327.564
 19367229602144.051
 17728418544847.633
 -298503085340.00348
 -535225314329.40723
 -456317904667.02539
 411663601621.53235
 1308553305594.4817
 1009590070936.7
 -2279005510298.4932
 -3038674013731.1763
 -2785451179253.5659
 1.2246467991473532e-16


# name: x
# type: range
# base, limit, increment
0 1 0.020833333333333332


# name: exata
# type: matrix
# rows: 49
# columns: 1
 0
 0.065403129230143062
 0.13052619222005157
 0.19509032201612825
 0.25881904510252074
 0.32143946530316153
 0.38268343236508973
 0.44228869021900119
 0.49999999999999994
 0.55557023301960218
 0.60876142900872066
 0.65934581510006895
 0.70710678118654746
 0.75183980747897727
 0.79335334029123505
 0.83146961230254512
 0.86602540378443849
 0.89687274153268814
 0.92387953251128652
 0.94693012949510558
 0.9659258262890682
 0.98078528040323032
 0.99144486137381038
 0.99785892323860348
 1
 0.99785892323860359
 0.99144486137381049
 0.98078528040323054
 0.96592582628906842
 0.94693012949510569
 0.92387953251128674
 0.89687274153268837
 0.86602540378443849
 0.83146961230254512
 0.79335334029123483
 0.75183980747897716
 0.70710678118654691
 0.65934581510006829
 0.6087614290087201
 0.5555702330196014
 0.49999999999999917
 0.44228869021900014
 0.38268343236508862
 0.32143946530316009
 0.2588190451025193
 0.19509032201612686
 0.1305261922200498
 0.065403129230141341
 -2.0979813693355779e-15


