# Created by Octave 6.2.0, Sat Jul 31 20:40:54 2021 -03 <kuroneko@kuroneko-VirtualBox>
# name: xl
# type: matrix
# rows: 97
# columns: 1
 0
 0.010416666666666666
 0.020833333333333332
 0.03125
 0.041666666666666664
 0.052083333333333329
 0.062499999999999993
 0.072916666666666657
 0.083333333333333329
 0.09375
 0.10416666666666667
 0.11458333333333334
 0.125
 0.13541666666666666
 0.14583333333333331
 0.15624999999999997
 0.16666666666666663
 0.17708333333333329
 0.18749999999999994
 0.1979166666666666
 0.20833333333333326
 0.21874999999999992
 0.22916666666666657
 0.23958333333333323
 0.24999999999999989
 0.26041666666666657
 0.27083333333333326
 0.28124999999999994
 0.29166666666666663
 0.30208333333333331
 0.3125
 0.32291666666666669
 0.33333333333333337
 0.34375000000000006
 0.35416666666666674
 0.36458333333333343
 0.37500000000000011
 0.3854166666666668
 0.39583333333333348
 0.40625000000000017
 0.41666666666666685
 0.42708333333333354
 0.43750000000000022
 0.44791666666666691
 0.45833333333333359
 0.46875000000000028
 0.47916666666666696
 0.48958333333333365
 0.50000000000000033
 0.51041666666666696
 0.52083333333333359
 0.53125000000000022
 0.54166666666666685
 0.55208333333333348
 0.56250000000000011
 0.57291666666666674
 0.58333333333333337
 0.59375
 0.60416666666666663
 0.61458333333333326
 0.62499999999999989
 0.63541666666666652
 0.64583333333333315
 0.65624999999999978
 0.66666666666666641
 0.67708333333333304
 0.68749999999999967
 0.6979166666666663
 0.70833333333333293
 0.71874999999999956
 0.72916666666666619
 0.73958333333333282
 0.74999999999999944
 0.76041666666666607
 0.7708333333333327
 0.78124999999999933
 0.79166666666666596
 0.80208333333333259
 0.81249999999999922
 0.82291666666666585
 0.83333333333333248
 0.84374999999999911
 0.85416666666666574
 0.86458333333333237
 0.874999999999999
 0.88541666666666563
 0.89583333333333226
 0.90624999999999889
 0.91666666666666552
 0.92708333333333215
 0.93749999999999878
 0.94791666666666541
 0.95833333333333204
 0.96874999999999867
 0.9791666666666653
 0.98958333333333193
 0.99999999999999856


# name: h
# type: scalar
0.03125


# name: u
# type: matrix
# rows: 97
# columns: 1
 -1.006873230377842
 0.31386608234912161
 0.44157291422508532
 0.10126172450571783
 -5.7880420494905556
 -4.1888590089180884
 14.012684885917833
 7.1290598771373119
 6.7015737615478841
 9.2953260810497049
 3.4850802358894173
 3.6410330309601449
 7.4337744971017532
 0.19242823362723513
 0.63357668609272355
 0.90694265923983619
 -3.0850276334024338
 -3.2507240438703242
 1.1540278919470031
 -4.8430814152418673
 -4.7838402357116516
 2.0032359527101562
 -3.3216530913614646
 -3.3829499365542164
 -0.27362928348765708
 2.8835691337427227
 1.9789904771090918
 -9.5683486739116113
 3.9114005854471623
 4.4700087782534448
 -4.3042127965143031
 4.2188644644175524
 5.0129976754413459
 4.9032344022834398
 -3.3639779624183688
 -3.4004430078003685
 3.2022563570321374
 -7.3771429161161324
 -8.4783773191269827
 -8.6447063865557485
 5.5864261560721529
 7.6539907112446777
 8.4500595179028419
 -1.4590773729307545
 -2.6007091034299488
 -3.3199949683826167
 1.3299197008742762
 1.9710144527419633
 1.1148791946492251
 0.46019211228160151
 0.52349334338514764
 0.31742063845428803
 -0.77429458181450572
 -0.60700102879079543
 0.35773840664581324
 -0.0019618763631541469
 0.18561006876374364
 0.60693630102258078
 0.91713221442184722
 0.66804511326995764
 -2.8767378927678959
 -4.1304071961051356
 -2.8580415083721009
 7.4594297843008475
 5.9621533663322106
 5.0685939527277348
 -1.6998463886167041
 1.0636492997839921
 1.6314628426395412
 2.494682960896518
 -1.0472802627754416
 -1.0553215855918943
 1.5246870582028329
 0.85386148933235706
 0.669961963130977
 -0.88457083671954573
 -1.7841050634850812
 -1.5732282994356876
 0.37657244606511159
 -1.6638780103006736
 -1.4729517912282968
 1.4759023142578407
 0.70814799971039888
 0.85746106999863159
 2.4151867880090827
 -1.6346775124247543
 -1.7657210073318839
 1.0072772895326934
 0.87356448281993504
 0.78410317048472022
 0.15247441252427671
 -3.2438693944430059
 -2.8662414299387264
 3.5393585736402358
 8.0383746866668453
 7.591380613377031
 -0.45481382442430307


# name: p
# type: matrix
# rows: 97
# columns: 1
 0.00045837389006919693
 -299878299775.95447
 -199918866517.26035
 899634899328.28918
 1201826729025.0737
 1101096119130.3679
 -6940589724.1440001
 -4589897578.6903753
 -5373461619.3244009
 -13992666090.424843
 -38697500924.993729
 -30462555949.547554
 60121838688.210716
 104051921119.56186
 89408560408.277298
 -71668407713.792618
 -228188022013.40369
 -176014817263.68338
 397890435033.38153
 582186523988.30225
 520754494333.34613
 -154997831861.63336
 -97369400892.020569
 -116578877865.83289
 -327883124626.33612
 -416424814936.14771
 -386910918155.5271
 -62258053600.724236
 1063692464127.2799
 688375624882.23706
 -3440109606805.0415
 -4770757447357.7207
 -4327208167193.1519
 551833914676.84607
 733634357750.70544
 673034210072.22754
 6432585569.9533997
 -18029357222.333241
 -9875376273.4210091
 79818414109.183655
 121949334580.18845
 107905694437.56522
 -46574347172.994133
 -98263852019.773056
 -81034017056.804657
 108494167492.78181
 106313716221.23822
 107040533324.4252
 115035521421.92484
 202176862345.8877
 173129748717.54156
 -146388501233.2247
 -128800901363.95824
 -134663434639.77197
 -199151300715.59445
 -281099135330.2226
 -253783190444.95331
 46692203251.839172
 53315697804.978088
 51107866299.151154
 26821719699.362991
 799685059.12703133
 9473696616.6161041
 104887823716.94221
 191589289930.96518
 162688801203.70554
 -155216574828.69186
 -216977711660.6936
 -196390666041.10852
 30066835747.886528
 18654150038.301487
 22458378616.893585
 64304892954.96093
 72139565452.965866
 69528007961.031128
 40800875527.460503
 16296517651.834759
 24464636950.026859
 114313949211.16885
 83750018308.223053
 93937995282.041092
 206005741975.42685
 299376249485.20142
 268252746986.09525
 -74105780516.551392
 -93782427889.858322
 -87223545429.61554
 -15075838374.678705
 -2379130895.5911331
 -6611366721.1449451
 -53165960804.690514
 -49464787609.084503
 -50698512007.156624
 -64269480387.498062
 -85692640516.305542
 -78551587139.941666
 1.2246467991473532e-16


# name: x
# type: range
# base, limit, increment
0 1 0.010416666666666666


