# Created by Octave 6.2.0, Sat Jul 31 20:40:56 2021 -03 <kuroneko@kuroneko-VirtualBox>
# name: xl
# type: matrix
# rows: 145
# columns: 1
 0
 0.0069444444444444441
 0.013888888888888888
 0.020833333333333332
 0.027777777777777776
 0.034722222222222224
 0.041666666666666671
 0.048611111111111119
 0.055555555555555566
 0.062500000000000014
 0.069444444444444461
 0.076388888888888909
 0.083333333333333356
 0.090277777777777804
 0.097222222222222252
 0.1041666666666667
 0.11111111111111115
 0.11805555555555559
 0.12500000000000003
 0.13194444444444448
 0.13888888888888892
 0.14583333333333337
 0.15277777777777782
 0.15972222222222227
 0.16666666666666671
 0.17361111111111116
 0.18055555555555561
 0.18750000000000006
 0.1944444444444445
 0.20138888888888895
 0.2083333333333334
 0.21527777777777785
 0.22222222222222229
 0.22916666666666674
 0.23611111111111119
 0.24305555555555564
 0.25000000000000006
 0.25694444444444448
 0.2638888888888889
 0.27083333333333331
 0.27777777777777773
 0.28472222222222215
 0.29166666666666657
 0.29861111111111099
 0.30555555555555541
 0.31249999999999983
 0.31944444444444425
 0.32638888888888867
 0.33333333333333309
 0.34027777777777751
 0.34722222222222193
 0.35416666666666635
 0.36111111111111077
 0.36805555555555519
 0.37499999999999961
 0.38194444444444403
 0.38888888888888845
 0.39583333333333287
 0.40277777777777729
 0.40972222222222171
 0.41666666666666613
 0.42361111111111055
 0.43055555555555497
 0.43749999999999939
 0.44444444444444381
 0.45138888888888823
 0.45833333333333265
 0.46527777777777707
 0.47222222222222149
 0.47916666666666591
 0.48611111111111033
 0.49305555555555475
 0.49999999999999917
 0.50694444444444364
 0.51388888888888806
 0.52083333333333248
 0.5277777777777769
 0.53472222222222132
 0.54166666666666574
 0.54861111111111016
 0.55555555555555458
 0.562499999999999
 0.56944444444444342
 0.57638888888888784
 0.58333333333333226
 0.59027777777777668
 0.5972222222222211
 0.60416666666666552
 0.61111111111110994
 0.61805555555555436
 0.62499999999999878
 0.6319444444444432
 0.63888888888888762
 0.64583333333333204
 0.65277777777777646
 0.65972222222222088
 0.6666666666666653
 0.67361111111110972
 0.68055555555555414
 0.68749999999999856
 0.69444444444444298
 0.7013888888888874
 0.70833333333333182
 0.71527777777777624
 0.72222222222222066
 0.72916666666666508
 0.7361111111111095
 0.74305555555555391
 0.74999999999999833
 0.75694444444444275
 0.76388888888888717
 0.77083333333333159
 0.77777777777777601
 0.78472222222222043
 0.79166666666666485
 0.79861111111110927
 0.80555555555555369
 0.81249999999999811
 0.81944444444444253
 0.82638888888888695
 0.83333333333333137
 0.84027777777777579
 0.84722222222222021
 0.85416666666666463
 0.86111111111110905
 0.86805555555555347
 0.87499999999999789
 0.88194444444444231
 0.88888888888888673
 0.89583333333333115
 0.90277777777777557
 0.90972222222221999
 0.91666666666666441
 0.92361111111110883
 0.93055555555555325
 0.93749999999999767
 0.94444444444444209
 0.95138888888888651
 0.95833333333333093
 0.96527777777777535
 0.97222222222221977
 0.97916666666666419
 0.98611111111110861
 0.99305555555555303
 0.99999999999999745


# name: h
# type: scalar
0.020833333333333332


# name: u
# type: matrix
# rows: 145
# columns: 1
 -0.45586421113931608
 0.028946432387599919
 0.087666791630962179
 0.055368788917704359
 1.9400223042010396
 1.4016558784296957
 -5.039592912092056
 -10.766151955846214
 -8.2864013931141152
 16.99916685415155
 8.3167240706309613
 7.8705004249230903
 12.58258852368346
 7.6756151909283634
 7.0123062625045662
 6.0034782256094354
 3.8325690658623546
 3.5635232436176114
 2.0578952798261758
 1.6713941041716365
 1.5279883106026051
 0.11149214188028521
 0.85332051732519409
 0.73434491284587411
 -1.2596748684604762
 0.80689732419863947
 0.77012032330240898
 -2.2870892876119924
 1.5975802104364911
 1.5704543332095637
 -3.1416572374991305
 3.0794337261950675
 3.0276018668767479
 -4.2509345634221507
 3.0583180811461288
 3.3895854807752679
 -1.93592970232549
 2.4927618294180278
 3.1137962383467412
 2.9312100660227065
 0.20999728174922594
 0.61835180195096506
 5.8566151656434782
 -2.7376330677663883
 -3.0823500755458006
 1.9481038688949357
 -2.6988602515524365
 -3.3958603439579256
 -5.1462085716587787
 2.2997506266759826
 2.8633020464177563
 -0.91915909965154863
 1.5872857884182878
 2.593926140018274
 7.2789159410403972
 -3.4904971012147055
 -4.9311889105560347
 -6.5958177849344626
 2.1086506808008147
 3.3903832880673535
 4.0454292873794593
 -0.84081075954722651
 -1.3148697153512345
 -1.1316989150105625
 0.39891478600041497
 0.65672813237176708
 0.27320771629506285
 -0.005059937816746185
 0.065557185950878338
 -0.0015105610511934042
 -0.0079329341795206787
 0.096111456632790748
 0.018222899320005648
 -0.18270837681277863
 -0.060895062269879618
 0.19890575782964071
 -0.053542407629245226
 0.013721606421658983
 -0.081127512134555491
 -0.41685139515382974
 -0.28544120862811861
 0.20180926233316979
 0.17745636679081364
 0.29551977603439067
 0.40992096181186533
 0.17681698142023999
 0.25234221976773336
 0.2457237112543634
 0.30385670411387522
 0.37929821123457913
 0.090795834958285984
 -0.22200523478020145
 -0.10620076975198595
 0.32658296599049585
 -0.13970651084958879
 -0.06155735158519187
 0.26314953885535364
 -0.32484456447683918
 -0.26163913335646977
 0.11134084043586001
 0.39509955973576799
 0.42081127196070506
 -0.3468181721556462
 -0.62568760688987179
 -0.47465414738112027
 0.34129508496345473
 0.88321753660027513
 0.81452818650327552
 -0.89229286930942919
 0.31230186431932616
 0.47809994831716973
 0.044665657534179344
 -0.2621140583588043
 -0.19136719829506266
 0.17424383137508423
 -0.00022398753939978372
 0.050248607847610982
 0.17584740917894182
 -0.21741539576613356
 -0.17132884858169195
 0.21040254058111174
 0.22771946396065967
 0.26541565141716195
 0.20997941847822194
 0.25938163478432852
 0.25355766728876139
 -0.11721544455289395
 -0.21081225933719477
 -0.166654820274444
 0.054924636700048046
 -0.020885757261580595
 -0.0062142545835042196
 0.00760713500747634
 0.0079124553028497857
 0.018793723577192889
 -0.0067070107719506833
 -0.023619217660591829
 -0.01592613201765225
 0.0078102432102769015
 -0.045157596083601703
 -0.030250572734459524
 0.14733986942637678
 0.021417336666270215
 -0.0072750092702946745
 -0.09201798323020785


