# Created by Octave 6.2.0, Mon Aug 23 15:22:47 2021 -03 <kuroneko@kuroneko-VirtualBox>
# name: alfa
# type: scalar
0


# name: beta
# type: scalar
1


# name: h
# type: scalar
0.015625


# name: xlU1
# type: matrix
# rows: 64
# columns: 1
 0
 0.015625
 0.03125
 0.046875
 0.0625
 0.078125
 0.09375
 0.109375
 0.125
 0.140625
 0.15625
 0.171875
 0.1875
 0.203125
 0.21875
 0.234375
 0.25
 0.265625
 0.28125
 0.296875
 0.3125
 0.328125
 0.34375
 0.359375
 0.375
 0.390625
 0.40625
 0.421875
 0.4375
 0.453125
 0.46875
 0.484375
 0.5
 0.515625
 0.53125
 0.546875
 0.5625
 0.578125
 0.59375
 0.609375
 0.625
 0.640625
 0.65625
 0.671875
 0.6875
 0.703125
 0.71875
 0.734375
 0.75
 0.765625
 0.78125
 0.796875
 0.8125
 0.828125
 0.84375
 0.859375
 0.875
 0.890625
 0.90625
 0.921875
 0.9375
 0.953125
 0.96875
 0.984375


# name: xlU2
# type: matrix
# rows: 64
# columns: 1
 0.015625
 0.03125
 0.046875
 0.0625
 0.078125
 0.09375
 0.109375
 0.125
 0.140625
 0.15625
 0.171875
 0.1875
 0.203125
 0.21875
 0.234375
 0.25
 0.265625
 0.28125
 0.296875
 0.3125
 0.328125
 0.34375
 0.359375
 0.375
 0.390625
 0.40625
 0.421875
 0.4375
 0.453125
 0.46875
 0.484375
 0.5
 0.515625
 0.53125
 0.546875
 0.5625
 0.578125
 0.59375
 0.609375
 0.625
 0.640625
 0.65625
 0.671875
 0.6875
 0.703125
 0.71875
 0.734375
 0.75
 0.765625
 0.78125
 0.796875
 0.8125
 0.828125
 0.84375
 0.859375
 0.875
 0.890625
 0.90625
 0.921875
 0.9375
 0.953125
 0.96875
 0.984375
 1


# name: U
# type: matrix
# rows: 64
# columns: 2
 0.92290919682016581 1.0758552980138985
 0.92185941015144723 1.0720279632012528
 0.91858878341832595 1.0656180191266955
 0.91310519584707506 1.056640907906947
 0.90542185788045915 1.045118256189238
 0.89555727935262108 1.0310778230508213
 0.8835352248972691 1.0145534331249244
 0.86938465669659393 0.99558489511424386
 0.85313966470883429 0.9742179058882956
 0.834839384542582 0.95050394039565189
 0.81452790317567281 0.92450012765628264
 0.79225415274579525 0.89626911313274193
 0.76807179266868486 0.86587890781176202
 0.74203908036789223 0.83340272435982843
 0.71421873092754617 0.79891880074745469
 0.6846777660062231 0.76251021176705813
 0.65348735237590172 0.72426466889850805
 0.62072263047497478 0.68427430900448893
 0.58646253338835264 0.6426354723647274
 0.55078959669074679 0.59944847058381945
 0.51378975961124196 0.55481734493179025
 0.47555215799816569 0.50884961569956078
 0.43616890958302268 0.46165602317314836
 0.39573489206080936 0.41335026085061993
 0.35434751452133889 0.36404870154449553
 0.31210648278220987 0.31387011702945022
 0.26911355918875934 0.26293539191070581
 0.22547231745965934 0.21136723240242797
 0.18128789316875632 0.15928987071770967
 0.1366667304642657 0.10682876578228778
 0.091716325635495102 0.054110300993001369
 0.046544968144866999 0.0012614797491202366
 0.001261479749120227 -0.051590380509969121
 -0.044025047661834758 -0.10431795502362631
 -0.089205514876833633 -0.15679421844645766
 -0.13417107819301374 -0.20889275086350018
 -0.17881341162982856 -0.26048804234686851
 -0.22302496789582207 -0.31145579532016515
 -0.26669923747947427 -0.36167322400223012
 -0.30973100523994446 -0.41101935020884062
 -0.35201660387955963 -0.45937529479975464
 -0.3934541636874157 -0.50662456406897283
 -0.43394385795243473 -0.55265333038827757
 -0.47338814345465302 -0.59735070642796229
 -0.5116919954553848 -0.64060901229411993
 -0.54876313662013942 -0.68232403493893823
 -0.58451225932280193 -0.72239527921906199
 -0.61885324079552873 -0.76072620999719331
 -0.6517033506060369 -0.79722448470369489
 -0.6829834499624633 -0.83180217579792781
 -0.71261818236564556 -0.86437598259339754
 -0.74053615514952775 -0.89486743193640572
 -0.76667011147234865 -0.92320306725474888
 -0.79095709234426148 -0.94931462552103718
 -0.8133385883010581 -0.97313920170430468
 -0.83376068035859108 -0.99461940031373919
 -0.85217416990832962 -1.0137034736694475
 -0.8685346972411172 -1.0303454465671487
 -0.88280284841359635 -1.044505227036467
 -0.89494425019984991 -1.0561487029260017
 -0.90492965289951388 -1.065247824082487
 -0.91273500080286663 -1.0717806699260679
 -0.91834149014314104 -1.0757315022588976
 -0.92173561439644636 -1.0770908031798341


# name: x
# type: range
# base, limit, increment
0 1 0.015625


# name: exata
# type: matrix
# rows: 65
# columns: 1
 1
 0.99879545620517241
 0.99518472667219693
 0.98917650996478101
 0.98078528040323043
 0.97003125319454397
 0.95694033573220882
 0.94154406518302081
 0.92387953251128674
 0.90398929312344334
 0.88192126434835505
 0.85772861000027212
 0.83146961230254524
 0.80320753148064494
 0.77301045336273699
 0.74095112535495911
 0.70710678118654757
 0.67155895484701833
 0.63439328416364549
 0.59569930449243347
 0.55557023301960229
 0.51410274419322166
 0.47139673682599781
 0.4275550934302822
 0.38268343236508984
 0.33688985339222005
 0.29028467725446233
 0.24298017990326398
 0.19509032201612833
 0.14673047445536175
 0.09801714032956077
 0.049067674327418126
 6.123233995736766e-17
 -0.049067674327418008
 -0.098017140329560645
 -0.14673047445536164
 -0.19509032201612819
 -0.24298017990326387
 -0.29028467725446216
 -0.33688985339221994
 -0.38268343236508973
 -0.42755509343028186
 -0.4713967368259977
 -0.51410274419322166
 -0.55557023301960196
 -0.59569930449243336
 -0.63439328416364538
 -0.67155895484701844
 -0.70710678118654746
 -0.74095112535495888
 -0.77301045336273699
 -0.80320753148064483
 -0.83146961230254535
 -0.85772861000027201
 -0.88192126434835494
 -0.90398929312344334
 -0.92387953251128674
 -0.9415440651830207
 -0.95694033573220882
 -0.97003125319454397
 -0.98078528040323043
 -0.98917650996478101
 -0.99518472667219682
 -0.99879545620517241
 -1


