# Created by Octave 6.2.0, Sat Jun 19 19:45:48 2021 -03 <kuroneko@kuroneko-VirtualBox>
# name: xl
# type: matrix
# rows: 9
# columns: 1
 0
 0.125
 0.25
 0.375
 0.5
 0.625
 0.75
 0.875
 1


# name: h
# type: scalar
0.25


# name: u
# type: matrix
# rows: 9
# columns: 1
 0
 1.042146917152748
 0.91354613561805054
 1.0039137233463358
 0.98556677367640322
 1.0037759693433514
 0.91709712769497875
 1.0403927838394194
 0


# name: x
# type: range
# base, limit, increment
0 1 0.125


# name: exata
# type: matrix
# rows: 9
# columns: 1
 0
 0.98080003984402897
 0.99963136147995013
 0.99999291954689973
 0.99999972821135696
 0.99999291954689973
 0.99963136147995013
 0.98080003984402897
 0


