# Created by Octave 6.2.0, Mon May 31 23:45:48 2021 -03 <kuroneko@kuroneko-VirtualBox>
# name: xl
# type: matrix
# rows: 33
# columns: 1
 0
 0.03125
 0.0625
 0.09375
 0.125
 0.15625
 0.1875
 0.21875
 0.25
 0.28125
 0.3125
 0.34375
 0.375
 0.40625
 0.4375
 0.46875
 0.5
 0.53125
 0.5625
 0.59375
 0.625
 0.65625
 0.6875
 0.71875
 0.75
 0.78125
 0.8125
 0.84375
 0.875
 0.90625
 0.9375
 0.96875
 1


# name: h
# type: scalar
0.0625


# name: u
# type: matrix
# rows: 33
# columns: 1
 0
 0.62920547548143591
 0.85799250409710826
 0.94734439807820192
 0.97983387110611653
 0.99252250982244128
 0.99713625852457377
 0.99893814032034434
 0.99959332717969596
 0.99984920779756481
 0.99994224895717243
 0.99997858519158767
 0.9999917957222566
 0.99999695058963534
 0.99999881241981559
 0.99999950818195227
 0.99999967283317437
 0.99999951624395733
 0.99999883724992922
 0.9999970165681924
 0.99999197409904572
 0.99997905111223306
 0.99994350556616263
 0.99985248894134304
 0.99960217614277402
 0.99896124577334744
 0.99719857188666805
 0.9926852156950301
 0.9802726744376008
 0.94849015360068345
 0.86108250528841224
 0.63727375043557932
 0.021759423132318219


# name: x
# type: range
# base, limit, increment
0 1 0.03125


# name: exata
# type: matrix
# rows: 33
# columns: 1
 0
 0.62775824948396419
 0.86143607917265852
 0.94842072355256246
 0.98080003984402897
 0.99285297321947819
 0.99733957823425423
 0.99900967992874412
 0.99963136147995013
 0.99986277723605799
 0.99994891964669919
 0.99998098492320886
 0.99999291954689973
 0.99999735832165304
 0.99999900043614343
 0.99999958434439096
 0.99999972821135696
 0.99999958434439096
 0.99999900043614343
 0.99999735832165304
 0.99999291954689973
 0.99998098492320886
 0.99994891964669919
 0.99986277723605799
 0.99963136147995013
 0.99900967992874412
 0.99733957823425423
 0.99285297321947819
 0.98080003984402897
 0.94842072355256257
 0.86143607917265874
 0.62775824948396397
 0


