# Created by Octave 6.2.0, Mon May 31 20:05:22 2021 -03 <kuroneko@kuroneko-VirtualBox>
# name: xl
# type: matrix
# rows: 1
# columns: 33
 0 0.03125 0.0625 0.09375 0.125 0.15625 0.1875 0.21875 0.25 0.28125 0.3125 0.34375 0.375 0.40625 0.4375 0.46875 0.5 0.53125 0.5625 0.59375 0.625 0.65625 0.6875 0.71875 0.75 0.78125 0.8125 0.84375 0.875 0.90625 0.9375 0.96875 1


# name: h
# type: scalar
0.0625


# name: u
# type: matrix
# rows: 33
# columns: 1
 -0.0034466305941714733
 1.0164188845458386
 1.0505684091480509
 1.0187513981916163
 1.0071838926727206
 1.0026701488982479
 1.0010398804828697
 1.0004306558807841
 1.0002864935908804
 1.0004236352713223
 1.0010182577562621
 1.0026126930076653
 1.0070285573986288
 1.0183456620440849
 1.049474120462778
 1.0160635836794278
 0.018268067753048869
 0.63597917497779921
 0.86058670665369885
 0.94830631418167599
 0.98020226731503757
 0.99265910911955202
 0.99718857354766999
 0.99895753844438362
 0.99960075630489365
 0.99985196247598407
 0.99994330394701825
 0.99997897637234123
 0.99999194552731363
 0.99999700611044395
 0.99999883361291353
 0.99999951585654023
 0.99999967527698741


# name: x
# type: range
# base, limit, increment
0 1 0.03125


# name: exata
# type: matrix
# rows: 33
# columns: 1
 0
 0.62775824948396419
 0.86143607917265852
 0.94842072355256246
 0.98080003984402897
 0.99285297321947819
 0.99733957823425423
 0.99900967992874412
 0.99963136147995013
 0.99986277723605799
 0.99994891964669919
 0.99998098492320886
 0.99999291954689973
 0.99999735832165304
 0.99999900043614343
 0.99999958434439096
 0.99999972821135696
 0.99999958434439096
 0.99999900043614343
 0.99999735832165304
 0.99999291954689973
 0.99998098492320886
 0.99994891964669919
 0.99986277723605799
 0.99963136147995013
 0.99900967992874412
 0.99733957823425423
 0.99285297321947819
 0.98080003984402897
 0.94842072355256257
 0.86143607917265874
 0.62775824948396397
 0


