# Created by Octave 6.2.0, Wed Jun 02 15:13:59 2021 -03 <kuroneko@kuroneko-VirtualBox>
# name: xl
# type: matrix
# rows: 33
# columns: 1
 0
 0.03125
 0.0625
 0.09375
 0.125
 0.15625
 0.1875
 0.21875
 0.25
 0.28125
 0.3125
 0.34375
 0.375
 0.40625
 0.4375
 0.46875
 0.5
 0.53125
 0.5625
 0.59375
 0.625
 0.65625
 0.6875
 0.71875
 0.75
 0.78125
 0.8125
 0.84375
 0.875
 0.90625
 0.9375
 0.96875
 1


# name: h
# type: scalar
0.0625


# name: u
# type: matrix
# rows: 33
# columns: 1
 0
 0.62920547548143524
 0.85799250409710615
 0.94734439807819615
 0.9798338711061011
 0.99252250982240131
 0.99713625852446564
 0.9989381403200619
 0.99959332717893423
 0.99984920779557618
 0.9999422489518095
 0.99997858517758453
 0.99999179568449115
 0.99999695049102622
 0.99999881215387509
 0.99999950748755728
 0.9999996709604525
 0.99999951135410969
 0.99999882406244323
 0.99999698213446342
 0.99999188123432725
 0.99997880863398325
 0.99994285162379348
 0.99985078143817008
 0.99959757115791015
 0.99894922173783995
 0.99716614412759252
 0.99260054385829921
 0.98004432199134794
 0.94789390453514777
 0.85947447435454083
 0.63307503499632967
 0


# name: x
# type: range
# base, limit, increment
0 1 0.03125


# name: exata
# type: matrix
# rows: 33
# columns: 1
 0
 0.62775824948396419
 0.86143607917265852
 0.94842072355256246
 0.98080003984402897
 0.99285297321947819
 0.99733957823425423
 0.99900967992874412
 0.99963136147995013
 0.99986277723605799
 0.99994891964669919
 0.99998098492320886
 0.99999291954689973
 0.99999735832165304
 0.99999900043614343
 0.99999958434439096
 0.99999972821135696
 0.99999958434439096
 0.99999900043614343
 0.99999735832165304
 0.99999291954689973
 0.99998098492320886
 0.99994891964669919
 0.99986277723605799
 0.99963136147995013
 0.99900967992874412
 0.99733957823425423
 0.99285297321947819
 0.98080003984402897
 0.94842072355256257
 0.86143607917265874
 0.62775824948396397
 0


