# Created by Octave 6.2.0, Sat Jun 19 19:45:48 2021 -03 <kuroneko@kuroneko-VirtualBox>
# name: xl
# type: matrix
# rows: 17
# columns: 1
 0
 0.0625
 0.125
 0.1875
 0.25
 0.3125
 0.375
 0.4375
 0.5
 0.5625
 0.625
 0.6875
 0.75
 0.8125
 0.875
 0.9375
 1


# name: h
# type: scalar
0.125


# name: u
# type: matrix
# rows: 17
# columns: 1
 0
 0.87572749027091878
 0.9548363284323429
 0.99438739620167538
 0.99796023449456606
 0.99974649138880389
 0.99990769308306604
 0.99998804537561004
 0.9999917654605287
 0.99998827311097505
 0.99990960839587673
 0.99975177185534569
 0.99800272925933753
 0.99450432540399136
 0.95577723824089711
 0.8783165008883993
 0


# name: x
# type: range
# base, limit, increment
0 1 0.0625


# name: exata
# type: matrix
# rows: 17
# columns: 1
 0
 0.86143607917265852
 0.98080003984402897
 0.99733957823425423
 0.99963136147995013
 0.99994891964669919
 0.99999291954689973
 0.99999900043614343
 0.99999972821135696
 0.99999900043614343
 0.99999291954689973
 0.99994891964669919
 0.99963136147995013
 0.99733957823425423
 0.98080003984402897
 0.86143607917265874
 0


