# Created by Octave 6.2.0, Mon May 31 23:45:48 2021 -03 <kuroneko@kuroneko-VirtualBox>
# name: xl
# type: matrix
# rows: 25
# columns: 1
 0
 0.041666666666666664
 0.083333333333333329
 0.125
 0.16666666666666666
 0.20833333333333331
 0.24999999999999997
 0.29166666666666663
 0.33333333333333331
 0.375
 0.41666666666666669
 0.45833333333333337
 0.5
 0.54166666666666663
 0.58333333333333326
 0.62499999999999989
 0.66666666666666652
 0.70833333333333315
 0.74999999999999978
 0.79166666666666641
 0.83333333333333304
 0.87499999999999967
 0.9166666666666663
 0.95833333333333293
 0.99999999999999956


# name: h
# type: scalar
0.083333333333333329


# name: u
# type: matrix
# rows: 25
# columns: 1
 0
 0.73622291244641702
 0.91958763318627534
 0.97878906007591115
 0.99353385125246307
 0.99829437808221977
 0.99948004153796455
 0.99986284645503143
 0.9999581872046821
 0.9999889655667612
 0.99999661653417804
 0.99999904315268373
 0.99999946428662778
 0.99999905823515878
 0.99999667831093475
 0.99998916942618077
 0.99995896042174648
 0.99986538294034644
 0.99948965758604857
 0.9983259216605096
 0.99365343547872498
 0.97918133280984054
 0.92107477044151898
 0.74110117619529192
 0.018493887373337577


# name: x
# type: range
# base, limit, increment
0 1 0.041666666666666664


# name: exata
# type: matrix
# rows: 25
# columns: 1
 0
 0.73222700520017903
 0.92829762325571308
 0.98080003984402897
 0.99485876916566518
 0.9986233172100808
 0.99963136147995013
 0.99990128838581871
 0.9999735670468809
 0.99999291954689973
 0.99999809500058701
 0.99999945611293817
 0.99999972821135696
 0.99999945611293817
 0.99999809500058701
 0.99999291954689973
 0.9999735670468809
 0.99990128838581871
 0.99963136147995013
 0.9986233172100808
 0.99485876916566529
 0.98080003984402919
 0.92829762325571408
 0.73222700520018313
 1.4321877017664519e-14


