# Created by Octave 6.2.0, Sat Jun 19 19:45:48 2021 -03 <kuroneko@kuroneko-VirtualBox>
# name: xl
# type: matrix
# rows: 33
# columns: 1
 0
 0.03125
 0.0625
 0.09375
 0.125
 0.15625
 0.1875
 0.21875
 0.25
 0.28125
 0.3125
 0.34375
 0.375
 0.40625
 0.4375
 0.46875
 0.5
 0.53125
 0.5625
 0.59375
 0.625
 0.65625
 0.6875
 0.71875
 0.75
 0.78125
 0.8125
 0.84375
 0.875
 0.90625
 0.9375
 0.96875
 1


# name: h
# type: scalar
0.0625


# name: u
# type: matrix
# rows: 33
# columns: 1
 0
 0.99745739257755506
 0.93549502580301491
 0.99983598917382221
 0.99583910830384603
 0.99998942048588946
 0.99973160178850284
 0.9999993175687153
 0.99998268698028758
 0.9999999559797873
 0.99999888322403074
 0.99999999716047416
 0.99999992796116588
 0.999999999816788
 0.9999999953340829
 0.99999999998743094
 0.99999999940364082
 0.99999999998754596
 0.99999999538228568
 0.99999999981869536
 0.99999992871154442
 0.9999999971900525
 0.99999889485711213
 0.99999995643833117
 0.99998286732424302
 0.9999993246773744
 0.99973439760320582
 0.99998953068916119
 0.99588245092568117
 0.99983769761992791
 0.93616695261756711
 0.99748387807153871
 0


# name: x
# type: range
# base, limit, increment
0 1 0.03125


# name: exata
# type: matrix
# rows: 33
# columns: 1
 0
 0.95606306637659255
 0.99806954586377228
 0.99991518176475358
 0.99999627334682795
 0.99999983626228695
 0.99999999280586693
 0.99999999968391184
 0.99999999998611211
 0.99999999999938982
 0.99999999999997324
 0.99999999999999878
 1
 1
 1
 1
 1
 1
 1
 1
 1
 0.99999999999999878
 0.99999999999997324
 0.99999999999938982
 0.99999999998611211
 0.99999999968391184
 0.99999999280586693
 0.99999983626228695
 0.99999627334682795
 0.99991518176475358
 0.99806954586377228
 0.95606306637659255
 0


