# Created by Octave 6.2.0, Wed Jun 02 15:13:59 2021 -03 <kuroneko@kuroneko-VirtualBox>
# name: xl
# type: matrix
# rows: 17
# columns: 1
 0
 0.0625
 0.125
 0.1875
 0.25
 0.3125
 0.375
 0.4375
 0.5
 0.5625
 0.625
 0.6875
 0.75
 0.8125
 0.875
 0.9375
 1


# name: h
# type: scalar
0.125


# name: u
# type: matrix
# rows: 17
# columns: 1
 0
 0.46489863887973526
 0.71272741379944704
 0.84608805516499463
 0.91701259123413237
 0.95486953141615805
 0.97441879124499386
 0.98377482916228676
 0.98654894469557175
 0.98396328255081222
 0.97487214625107677
 0.95576843424092117
 0.91872169188234487
 0.84928837079824715
 0.71871718831995079
 0.47606458909482829
 0


# name: x
# type: range
# base, limit, increment
0 1 0.0625


# name: exata
# type: matrix
# rows: 17
# columns: 1
 0
 0.46467805682438379
 0.71334975571565107
 0.84635596385346412
 0.91736566859879498
 0.95503181029059925
 0.97455295530180519
 0.98380602982665877
 0.98652471777869544
 0.98380602982665877
 0.97455295530180519
 0.95503181029059925
 0.91736566859879498
 0.84635596385346412
 0.71334975571565096
 0.46467805682438379
 0


