# Created by Octave 6.2.0, Sat Jun 19 19:45:48 2021 -03 <kuroneko@kuroneko-VirtualBox>
# name: xl
# type: matrix
# rows: 25
# columns: 1
 0
 0.041666666666666664
 0.083333333333333329
 0.125
 0.16666666666666666
 0.20833333333333331
 0.24999999999999997
 0.29166666666666663
 0.33333333333333331
 0.375
 0.41666666666666669
 0.45833333333333337
 0.5
 0.54166666666666663
 0.58333333333333326
 0.62499999999999989
 0.66666666666666652
 0.70833333333333315
 0.74999999999999978
 0.79166666666666641
 0.83333333333333304
 0.87499999999999967
 0.9166666666666663
 0.95833333333333293
 0.99999999999999956


# name: h
# type: scalar
0.083333333333333329


# name: u
# type: matrix
# rows: 25
# columns: 1
 0
 1.0505369721089628
 0.90916422466691904
 1.0045905650462226
 0.99174886188254419
 1.0004169875559836
 0.99925050105999247
 1.0000378776170333
 0.99993191414970395
 1.0000034431646536
 0.99999376546606811
 1.0000003405262949
 0.99999888430597861
 1.0000003365798715
 0.99999385064924884
 1.000003395414057
 0.99993285965865619
 1.0000373515454806
 0.99926091075587864
 1.0004111960627378
 0.99186346102200973
 1.0045268071984117
 0.91042583265756116
 1.049835069718565
 0


# name: x
# type: range
# base, limit, increment
0 1 0.041666666666666664


# name: exata
# type: matrix
# rows: 25
# columns: 1
 0
 0.9844961464009907
 0.99975963052358052
 0.99999627334682795
 0.99999994222251476
 0.99999999910422632
 0.99999999998611211
 0.99999999999978473
 0.99999999999999667
 1
 1
 1
 1
 1
 1
 1
 0.99999999999999667
 0.99999999999978473
 0.99999999998611211
 0.99999999910422632
 0.99999994222251476
 0.99999627334682795
 0.99975963052358052
 0.98449614640099137
 4.2743586448068527e-14


