# Created by Octave 6.2.0, Wed Jun 02 15:13:59 2021 -03 <kuroneko@kuroneko-VirtualBox>
# name: xl
# type: matrix
# rows: 25
# columns: 1
 0
 0.041666666666666664
 0.083333333333333329
 0.125
 0.16666666666666666
 0.20833333333333331
 0.24999999999999997
 0.29166666666666663
 0.33333333333333331
 0.375
 0.41666666666666669
 0.45833333333333337
 0.5
 0.54166666666666663
 0.58333333333333326
 0.62499999999999989
 0.66666666666666652
 0.70833333333333315
 0.74999999999999978
 0.79166666666666641
 0.83333333333333304
 0.87499999999999967
 0.9166666666666663
 0.95833333333333293
 0.99999999999999956


# name: h
# type: scalar
0.083333333333333329


# name: u
# type: matrix
# rows: 25
# columns: 1
 0
 0.73622291244641602
 0.91958763318627113
 0.97878906007589739
 0.99353385125241123
 0.99829437808205002
 0.99948004153732084
 0.99986284645291978
 0.9999581871966764
 0.99998896554050043
 0.99999661643462168
 0.9999990428261083
 0.99999946304855436
 0.99999905417390023
 0.99999666291437883
 0.99998911892078168
 0.99995876895174585
 0.99986475486034954
 0.99948727648463198
 0.99831811092166856
 0.99362382434413588
 0.97908419925749446
 0.92070652938901842
 0.73989323323581835
 0


# name: x
# type: range
# base, limit, increment
0 1 0.041666666666666664


# name: exata
# type: matrix
# rows: 25
# columns: 1
 0
 0.73222700520017903
 0.92829762325571308
 0.98080003984402897
 0.99485876916566518
 0.9986233172100808
 0.99963136147995013
 0.99990128838581871
 0.9999735670468809
 0.99999291954689973
 0.99999809500058701
 0.99999945611293817
 0.99999972821135696
 0.99999945611293817
 0.99999809500058701
 0.99999291954689973
 0.9999735670468809
 0.99990128838581871
 0.99963136147995013
 0.9986233172100808
 0.99485876916566529
 0.98080003984402919
 0.92829762325571408
 0.73222700520018313
 1.4321877017664519e-14


