# Created by Octave 6.2.0, Mon May 31 23:45:48 2021 -03 <kuroneko@kuroneko-VirtualBox>
# name: xl
# type: matrix
# rows: 17
# columns: 1
 0
 0.0625
 0.125
 0.1875
 0.25
 0.3125
 0.375
 0.4375
 0.5
 0.5625
 0.625
 0.6875
 0.75
 0.8125
 0.875
 0.9375
 1


# name: h
# type: scalar
0.125


# name: u
# type: matrix
# rows: 17
# columns: 1
 0
 0.46490278816460306
 0.71273739557308957
 0.84610784681701801
 0.91705022146998261
 0.95493999457594947
 0.97455067149916863
 0.98402067620501399
 0.98700848913491446
 0.98481963686176299
 0.97647270015694054
 0.95875095280198508
 0.92429606717765911
 0.85967579749251821
 0.738131442462448
 0.51224157568585127
 0.08848703783167236


# name: x
# type: range
# base, limit, increment
0 1 0.0625


# name: exata
# type: matrix
# rows: 17
# columns: 1
 0
 0.46467805682438379
 0.71334975571565107
 0.84635596385346412
 0.91736566859879498
 0.95503181029059925
 0.97455295530180519
 0.98380602982665877
 0.98652471777869544
 0.98380602982665877
 0.97455295530180519
 0.95503181029059925
 0.91736566859879498
 0.84635596385346412
 0.71334975571565096
 0.46467805682438379
 0


