# Created by Octave 6.2.0, Mon May 31 23:45:48 2021 -03 <kuroneko@kuroneko-VirtualBox>
# name: xl
# type: matrix
# rows: 9
# columns: 1
 0
 0.125
 0.25
 0.375
 0.5
 0.625
 0.75
 0.875
 1


# name: h
# type: scalar
0.25


# name: u
# type: matrix
# rows: 9
# columns: 1
 0
 0.71666213624770936
 0.90983066953524327
 0.97252923472948283
 0.9844729530526074
 0.97394990457855291
 0.91529683165583509
 0.73408302090459809
 0.061562345509817026


# name: x
# type: range
# base, limit, increment
0 1 0.125


# name: exata
# type: matrix
# rows: 9
# columns: 1
 0
 0.71334975571565107
 0.91736566859879498
 0.97455295530180519
 0.98652471777869544
 0.97455295530180519
 0.91736566859879498
 0.71334975571565096
 0


