# Created by Octave 6.2.0, Mon May 31 20:05:22 2021 -03 <kuroneko@kuroneko-VirtualBox>
# name: xl
# type: matrix
# rows: 1
# columns: 25
 0 0.041666666666666664 0.083333333333333329 0.125 0.16666666666666666 0.20833333333333331 0.24999999999999997 0.29166666666666663 0.33333333333333331 0.375 0.41666666666666669 0.45833333333333337 0.5 0.54166666666666663 0.58333333333333326 0.62499999999999989 0.66666666666666652 0.70833333333333315 0.74999999999999978 0.79166666666666641 0.83333333333333304 0.87499999999999967 0.9166666666666663 0.95833333333333293 0.99999999999999956


# name: h
# type: scalar
0.083333333333333329


# name: u
# type: matrix
# rows: 25
# columns: 1
 -0.001268814212739934
 1.004683475724639
 1.0191831866046526
 1.0050624597924065
 1.0015522920411293
 1.0004389905988682
 1.0002457825237678
 1.0004320828368789
 1.0015239983346913
 1.0049690923366996
 1.0188290537905027
 1.0045970160309214
 0.017216713696475747
 0.7407642870425134
 0.92097206988334701
 0.9791542427557629
 0.99364517708396216
 0.99832374328577833
 0.99948899351138387
 0.99986520777996579
 0.99995890705183377
 0.99998915543921119
 0.99999667439120499
 0.99999905833028535
 0.99999946859598843


# name: x
# type: range
# base, limit, increment
0 1 0.041666666666666664


# name: exata
# type: matrix
# rows: 25
# columns: 1
 0
 0.73222700520017903
 0.92829762325571308
 0.98080003984402897
 0.99485876916566518
 0.9986233172100808
 0.99963136147995013
 0.99990128838581871
 0.9999735670468809
 0.99999291954689973
 0.99999809500058701
 0.99999945611293817
 0.99999972821135696
 0.99999945611293817
 0.99999809500058701
 0.99999291954689973
 0.9999735670468809
 0.99990128838581871
 0.99963136147995013
 0.9986233172100808
 0.99485876916566529
 0.98080003984402919
 0.92829762325571408
 0.73222700520018313
 1.4321877017664519e-14


