# Created by Octave 6.2.0, Sat Jul 31 20:23:31 2021 -03 <kuroneko@kuroneko-VirtualBox>
# name: xl
# type: matrix
# rows: 97
# columns: 1
 0
 0.010416666666666666
 0.020833333333333332
 0.03125
 0.041666666666666664
 0.052083333333333329
 0.062499999999999993
 0.072916666666666657
 0.083333333333333329
 0.09375
 0.10416666666666667
 0.11458333333333334
 0.125
 0.13541666666666666
 0.14583333333333331
 0.15624999999999997
 0.16666666666666663
 0.17708333333333329
 0.18749999999999994
 0.1979166666666666
 0.20833333333333326
 0.21874999999999992
 0.22916666666666657
 0.23958333333333323
 0.24999999999999989
 0.26041666666666657
 0.27083333333333326
 0.28124999999999994
 0.29166666666666663
 0.30208333333333331
 0.3125
 0.32291666666666669
 0.33333333333333337
 0.34375000000000006
 0.35416666666666674
 0.36458333333333343
 0.37500000000000011
 0.3854166666666668
 0.39583333333333348
 0.40625000000000017
 0.41666666666666685
 0.42708333333333354
 0.43750000000000022
 0.44791666666666691
 0.45833333333333359
 0.46875000000000028
 0.47916666666666696
 0.48958333333333365
 0.50000000000000033
 0.51041666666666696
 0.52083333333333359
 0.53125000000000022
 0.54166666666666685
 0.55208333333333348
 0.56250000000000011
 0.57291666666666674
 0.58333333333333337
 0.59375
 0.60416666666666663
 0.61458333333333326
 0.62499999999999989
 0.63541666666666652
 0.64583333333333315
 0.65624999999999978
 0.66666666666666641
 0.67708333333333304
 0.68749999999999967
 0.6979166666666663
 0.70833333333333293
 0.71874999999999956
 0.72916666666666619
 0.73958333333333282
 0.74999999999999944
 0.76041666666666607
 0.7708333333333327
 0.78124999999999933
 0.79166666666666596
 0.80208333333333259
 0.81249999999999922
 0.82291666666666585
 0.83333333333333248
 0.84374999999999911
 0.85416666666666574
 0.86458333333333237
 0.874999999999999
 0.88541666666666563
 0.89583333333333226
 0.90624999999999889
 0.91666666666666552
 0.92708333333333215
 0.93749999999999878
 0.94791666666666541
 0.95833333333333204
 0.96874999999999867
 0.9791666666666653
 0.98958333333333193
 0.99999999999999856


# name: h
# type: scalar
0.020833333333333332


# name: u
# type: matrix
# rows: 97
# columns: 1
 -1.5204862521730185
 4.0263005168150396
 1.9706560249380038
 3.4042855323752073
 2.7500762233728362
 3.1864507858427036
 2.9675311810849401
 3.0864022487953573
 2.9995967616476502
 3.0143881355909707
 2.9646197648393935
 2.9424129210382377
 2.8999373117506986
 2.8619013705157847
 2.8174979778261742
 2.7704100951316493
 2.7213180201150839
 2.6674557871206277
 2.6129590377823453
 2.5532046582680445
 2.4932458978319607
 2.4280597466079454
 2.3628044887135853
 2.2925298862998869
 2.2222289277735565
 2.1471869453707537
 2.0721323379673318
 1.9926506394249976
 1.913160957611296
 1.8295818801580062
 1.7459966255945001
 1.658678690490758
 1.5713555101896186
 1.4806728217189811
 1.3899855597287849
 1.2963264964372421
 1.2026634621639682
 1.1064291057952413
 1.0101913701392957
 0.91179381702547246
 0.81339348204959072
 0.71325408751547847
 0.61311251771428465
 0.51166009461725537
 0.41020611130088003
 0.3078750946781259
 0.20554313929599738
 0.10277172632873639
 -1.2789769243681801e-13
 -0.10277172632868851
 -0.20554313929604001
 -0.30787509467789681
 -0.41020611130092266
 -0.51166009461704753
 -0.61311251771428465
 -0.71325408751563302
 -0.81339348204946282
 -0.91179381702528595
 -1.0101913701392957
 -1.1064291057952467
 -1.202663462163883
 -1.2963264964372154
 -1.3899855597289981
 -1.4806728217188798
 -1.5713555101896612
 -1.6586786904910031
 -1.7459966255940684
 -1.8295818801579655
 -1.9131609576118023
 -1.9926506394249162
 -2.0721323379676888
 -2.1471869453704286
 -2.2222289277730396
 -2.2925298862999521
 -2.3628044887132176
 -2.4280597466080041
 -2.493245897831998
 -2.553204658267838
 -2.6129590377819136
 -2.6674557871207694
 -2.7213180201148015
 -2.7704100951314783
 -2.8174979778256892
 -2.8619013705157355
 -2.8999373117499738
 -2.9424129210379899
 -2.9646197648394415
 -3.0143881355903743
 -2.99959676164793
 -3.0864022487949088
 -2.9675311810852358
 -3.1864507858420867
 -2.750076223374287
 -3.4042855323742187
 -1.9706560249384295
 -4.026300516814266
 1.5204862521720521


# name: p
# type: matrix
# rows: 97
# columns: 1
 0
 0.039188383673114641
 0.068042862306832333
 0.10346403527100287
 0.13461581336370423
 0.16786612935084497
 0.19963500855368696
 0.23189744429363104
 0.26350656258094907
 0.29505894188548043
 0.3261718159376209
 0.35700958478821188
 0.38742985853113071
 0.41746194175042961
 0.44703953822632586
 0.47615019480082177
 0.50475223980754247
 0.53282084997450663
 0.56032291346349306
 0.5872305500301177
 0.61351425138379967
 0.63914608934937744
 0.66409868546588879
 0.6883450901650624
 0.71185966985522009
 0.73461685363029883
 0.75659270491500508
 0.7777632303050761
 0.7981062432712005
 0.81759945869488848
 0.83622251957216853
 0.85395495329940108
 0.87077831469656153
 0.8866740341038799
 0.90162565562086416
 0.91561659291670927
 0.92863244935708811
 0.94065869323747076
 0.95168304868763254
 0.96169310094170735
 0.97067874741344107
 0.97862974346437381
 0.98553820303820705
 0.99139609550140495
 0.9961977850922723
 0.99993748957325246
 1.0026118476089811
 1.0042173501191414
 1.0047529245879874
 1.0042173501191423
 1.0026118476089825
 0.99993748957325357
 0.99619778509227341
 0.9913960955014065
 0.98553820303820827
 0.97862974346437726
 0.97067874741344617
 0.96169310094171168
 0.95168304868763631
 0.94065869323747509
 0.92863244935709266
 0.91561659291671327
 0.90162565562086905
 0.8866740341038849
 0.87077831469656597
 0.85395495329940774
 0.83622251957217497
 0.81759945869489259
 0.7981062432712076
 0.77776323030508543
 0.75659270491501573
 0.73461685363030982
 0.71185966985522675
 0.68834509016506795
 0.66409868546589401
 0.63914608934938166
 0.61351425138380511
 0.58723055003012259
 0.56032291346349528
 0.53282084997450907
 0.50475223980754613
 0.47615019480082488
 0.44703953822632758
 0.4174619417504315
 0.38742985853113143
 0.35700958478820988
 0.32617181593762018
 0.29505894188547793
 0.26350656258094607
 0.23189744429362874
 0.19963500855368546
 0.16786612935084236
 0.13461581336370659
 0.10346403527100777
 0.068042862306834442
 0.039188383673116924
 1.2246467991473532e-16


# name: x
# type: range
# base, limit, increment
0 1 0.010416666666666666


