# Created by Octave 6.2.0, Sat Jul 31 20:23:32 2021 -03 <kuroneko@kuroneko-VirtualBox>
# name: xl
# type: matrix
# rows: 129
# columns: 1
 0
 0.0078125
 0.015625
 0.0234375
 0.03125
 0.0390625
 0.046875
 0.0546875
 0.0625
 0.0703125
 0.078125
 0.0859375
 0.09375
 0.1015625
 0.109375
 0.1171875
 0.125
 0.1328125
 0.140625
 0.1484375
 0.15625
 0.1640625
 0.171875
 0.1796875
 0.1875
 0.1953125
 0.203125
 0.2109375
 0.21875
 0.2265625
 0.234375
 0.2421875
 0.25
 0.2578125
 0.265625
 0.2734375
 0.28125
 0.2890625
 0.296875
 0.3046875
 0.3125
 0.3203125
 0.328125
 0.3359375
 0.34375
 0.3515625
 0.359375
 0.3671875
 0.375
 0.3828125
 0.390625
 0.3984375
 0.40625
 0.4140625
 0.421875
 0.4296875
 0.4375
 0.4453125
 0.453125
 0.4609375
 0.46875
 0.4765625
 0.484375
 0.4921875
 0.5
 0.5078125
 0.515625
 0.5234375
 0.53125
 0.5390625
 0.546875
 0.5546875
 0.5625
 0.5703125
 0.578125
 0.5859375
 0.59375
 0.6015625
 0.609375
 0.6171875
 0.625
 0.6328125
 0.640625
 0.6484375
 0.65625
 0.6640625
 0.671875
 0.6796875
 0.6875
 0.6953125
 0.703125
 0.7109375
 0.71875
 0.7265625
 0.734375
 0.7421875
 0.75
 0.7578125
 0.765625
 0.7734375
 0.78125
 0.7890625
 0.796875
 0.8046875
 0.8125
 0.8203125
 0.828125
 0.8359375
 0.84375
 0.8515625
 0.859375
 0.8671875
 0.875
 0.8828125
 0.890625
 0.8984375
 0.90625
 0.9140625
 0.921875
 0.9296875
 0.9375
 0.9453125
 0.953125
 0.9609375
 0.96875
 0.9765625
 0.984375
 0.9921875
 1


# name: h
# type: scalar
0.015625


# name: u
# type: matrix
# rows: 129
# columns: 1
 -1.5202481105496444
 4.0271425547772512
 1.973292667355925
 3.411100139265959
 2.7614002477112205
 3.2050114829540299
 2.9934369764221787
 3.122448671621489
 3.0458221588273204
 3.0735567040133493
 3.0367477549212039
 3.03018910697249
 3.0033708853065439
 2.9835793554610022
 2.9574272057826851
 2.9310554898312575
 2.9026855071228601
 2.8718701828736681
 2.8404257983657777
 2.8058917474890008
 2.7711584203924806
 2.7331930494041585
 2.6951633441548202
 2.6539222084792704
 2.612659145871489
 2.5682617153655189
 2.5238557265774295
 2.47641527224545
 2.4289705182565475
 2.3786033099234571
 2.3282332051841972
 2.2750612038112137
 2.2218868168263692
 2.1660383136280887
 2.1101876590587447
 2.0517972592376981
 1.9934048588681104
 1.932613249240958
 1.8718197668990082
 1.8087734058153688
 1.745725295630947
 1.6805760691889939
 1.6154252187378542
 1.5483300777265074
 1.4812334408477592
 1.4123540235245708
 1.3434732418103148
 1.272975484784133
 1.2024764980447737
 1.130530236604034
 1.0585828830661368
 0.98536144206244058
 0.91213904920078881
 0.83781882550026365
 0.76349779246964977
 0.68825783000332619
 0.61301720268293969
 0.53703876110958815
 0.46105980076077901
 0.38452591880085718
 0.30799166539466671
 0.23108671987392837
 0.15418155112941173
 0.077090812797489416
 3.112177182629238e-12
 -0.077090812799266661
 -0.15418155112433846
 -0.23108671987481566
 -0.3079916653898066
 -0.38452591880256515
 -0.46105980075489572
 -0.53703876111112558
 -0.61301720267718429
 -0.68825783000479968
 -0.76349779246427807
 -0.83781882550166253
 -0.91213904919499078
 -0.9853614420636263
 -1.0585828830613193
 -1.1305302366053795
 -1.2024764980394873
 -1.2729754847851056
 -1.3434732418054121
 -1.4123540235257779
 -1.4812334408426859
 -1.5483300777277251
 -1.6154252187325251
 -1.6805760691907552
 -1.7457252956255327
 -1.8087734058166931
 -1.8718197668938497
 -1.9326132492433161
 -1.9934048588625894
 -2.0517972592392995
 -2.1101876590535649
 -2.1660383136293064
 -2.2218868168217223
 -2.2750612038127884
 -2.3282332051807653
 -2.3786033099240087
 -2.4289705182546291
 -2.4764152722457724
 -2.5238557265740829
 -2.5682617153664382
 -2.6126591458677799
 -2.6539222084802589
 -2.6951633441515801
 -2.7331930494045396
 -2.7711584203888995
 -2.8058917474888276
 -2.8404257983638379
 -2.8718701828735562
 -2.9026855071214746
 -2.9310554898315133
 -2.9574272057805322
 -2.983579355461258
 -3.003370885303922
 -3.030189106972847
 -3.0367477549186779
 -3.0735567040144418
 -3.0458221588245626
 -3.1224486716220086
 -2.9934369764198712
 -3.2050114829551775
 -2.761400247709445
 -3.4111001392655624
 -1.973292667356048
 -4.0271425547742004
 1.5202481105480667


# name: p
# type: matrix
# rows: 129
# columns: 1
 0
 0.029392451838258612
 0.051047164054669539
 0.077649103480334644
 0.10108387347528287
 0.12613809343410853
 0.15013845017493591
 0.17457722039659687
 0.19860540096903559
 0.22268139173845389
 0.24652887525945047
 0.27028186684637334
 0.29384392447196045
 0.31724738345730513
 0.34045241343254856
 0.36345959105697118
 0.38624703316935727
 0.4088055262899874
 0.4311190218701007
 0.4531754339491243
 0.47496076905550788
 0.49646226206911914
 0.51766680993015723
 0.53856167836720636
 0.55913431017681925
 0.57937224580512092
 0.5992633861070914
 0.61879564317447977
 0.63795736801770664
 0.65673689449592021
 0.67512304020962544
 0.6931045954814794
 0.71067086779166722
 0.72781113300017752
 0.74451521308058322
 0.76077289591490449
 0.77657454213031485
 0.79191047643653967
 0.80677162122360502
 0.82114886140151433
 0.83503370295649371
 0.84841761297797003
 0.86129270150006387
 0.87365103835443692
 0.8854853566272457
 0.89678834799884477
 0.90755338611295766
 0.91777380210562787
 0.92744362614127551
 0.93655684487771673
 0.94510815938181369
 0.95309222631987545
 0.96050443042676625
 0.96734011124986874
 0.97359534831063044
 0.97926617526494286
 0.98434937586559668
 0.98884168743227785
 0.99274060569734257
 0.99604357950435152
 0.99874882259822373
 1.0008545014923487
 1.0023595522474615
 1.0032628634638152
 1.0035640960810741
 1.0032628634638128
 1.0023595522474615
 1.0008545014923456
 0.99874882259821807
 0.99604357950434808
 0.99274060569733746
 0.98884168743227074
 0.98434937586558791
 0.97926617526493231
 0.97359534831061956
 0.96734011124985786
 0.96050443042675349
 0.95309222631985957
 0.94510815938179848
 0.93655684487770252
 0.92744362614126064
 0.91777380210561066
 0.9075533861129399
 0.89678834799882734
 0.88548535662722749
 0.87365103835441782
 0.86129270150004278
 0.84841761297794971
 0.83503370295647372
 0.82114886140149179
 0.80677162122358093
 0.79191047643651946
 0.77657454213029709
 0.76077289591488562
 0.74451521308056401
 0.72781113300015554
 0.71067086779164446
 0.69310459548145675
 0.67512304020960767
 0.65673689449590023
 0.63795736801769021
 0.61879564317446589
 0.59926338610707464
 0.57937224580510571
 0.55913431017680459
 0.53856167836719282
 0.51766680993014658
 0.4964622620691081
 0.47496076905549484
 0.45317543394910542
 0.43111902187008272
 0.40880552628996919
 0.386247033169341
 0.36345959105695902
 0.34045241343253763
 0.31724738345729614
 0.29384392447195135
 0.27028186684636485
 0.24652887525944295
 0.22268139173845122
 0.198605400969037
 0.17457722039659931
 0.15013845017494104
 0.12613809343411905
 0.10108387347530058
 0.077649103480349951
 0.051047164054690036
 0.029392451838269319
 1.2246467991473532e-16


# name: x
# type: range
# base, limit, increment
0 1 0.0078125


