# Created by Octave 6.2.0, Sat Jul 31 20:23:30 2021 -03 <kuroneko@kuroneko-VirtualBox>
# name: xl
# type: matrix
# rows: 33
# columns: 1
 0
 0.03125
 0.0625
 0.09375
 0.125
 0.15625
 0.1875
 0.21875
 0.25
 0.28125
 0.3125
 0.34375
 0.375
 0.40625
 0.4375
 0.46875
 0.5
 0.53125
 0.5625
 0.59375
 0.625
 0.65625
 0.6875
 0.71875
 0.75
 0.78125
 0.8125
 0.84375
 0.875
 0.90625
 0.9375
 0.96875
 1


# name: h
# type: scalar
0.0625


# name: u
# type: matrix
# rows: 33
# columns: 1
 -1.5249130545842633
 4.0109777669878968
 1.9223033156387399
 3.2807427997720424
 2.5447845242853422
 2.8538933882096216
 2.505217916149455
 2.4521609672789313
 2.1922825412607936
 1.9984975096821489
 1.739520887282247
 1.4813068699155059
 1.202481751652837
 0.91134515099464197
 0.61380966393765557
 0.30762848860842507
 1.8907511063267629e-13
 -0.30762848860851033
 -0.61380966393728797
 -0.91134515099470725
 -1.2024817516525548
 -1.4813068699155192
 -1.7395208872820072
 -1.9984975096821858
 -2.1922825412606337
 -2.4521609672789797
 -2.5052179161492045
 -2.8538933882096469
 -2.544784524285097
 -3.2807427997720069
 -1.9223033156388518
 -4.0109777669876729
 1.5249130545841236


# name: p
# type: matrix
# rows: 33
# columns: 1
 0
 0.11747809047432095
 0.20303257748097095
 0.30666908268200271
 0.39498901646909829
 0.48634757402750822
 0.56924620113229629
 0.64889367979470203
 0.72121362735505756
 0.78736906833032116
 0.84571227426756113
 0.89623510619490931
 0.93816513425667769
 0.97124005186592621
 0.9950842131538512
 1.0094803266697683
 1.0143019479838837
 1.0094803266697683
 0.99508421315385132
 0.97124005186592577
 0.93816513425667825
 0.89623510619490931
 0.84571227426756101
 0.78736906833032116
 0.72121362735505889
 0.64889367979470503
 0.56924620113229951
 0.4863475740275115
 0.39498901646910173
 0.3066690826820041
 0.20303257748097581
 0.11747809047432466
 1.2246467991473532e-16


# name: x
# type: range
# base, limit, increment
0 1 0.03125


# name: exata
# type: matrix
# rows: 33
# columns: 1
 0
 0.098017140329560604
 0.19509032201612825
 0.29028467725446233
 0.38268343236508978
 0.47139673682599764
 0.55557023301960218
 0.63439328416364549
 0.70710678118654746
 0.77301045336273699
 0.83146961230254524
 0.88192126434835494
 0.92387953251128674
 0.95694033573220894
 0.98078528040323043
 0.99518472667219682
 1
 0.99518472667219693
 0.98078528040323043
 0.95694033573220894
 0.92387953251128674
 0.88192126434835505
 0.83146961230254546
 0.7730104533627371
 0.70710678118654757
 0.63439328416364549
 0.55557023301960218
 0.47139673682599786
 0.38268343236508989
 0.29028467725446239
 0.19509032201612861
 0.098017140329560826
 1.2246467991473532e-16


