# Created by Octave 6.2.0, Sat Jul 31 20:23:30 2021 -03 <kuroneko@kuroneko-VirtualBox>
# name: xl
# type: matrix
# rows: 65
# columns: 1
 0
 0.015625
 0.03125
 0.046875
 0.0625
 0.078125
 0.09375
 0.109375
 0.125
 0.140625
 0.15625
 0.171875
 0.1875
 0.203125
 0.21875
 0.234375
 0.25
 0.265625
 0.28125
 0.296875
 0.3125
 0.328125
 0.34375
 0.359375
 0.375
 0.390625
 0.40625
 0.421875
 0.4375
 0.453125
 0.46875
 0.484375
 0.5
 0.515625
 0.53125
 0.546875
 0.5625
 0.578125
 0.59375
 0.609375
 0.625
 0.640625
 0.65625
 0.671875
 0.6875
 0.703125
 0.71875
 0.734375
 0.75
 0.765625
 0.78125
 0.796875
 0.8125
 0.828125
 0.84375
 0.859375
 0.875
 0.890625
 0.90625
 0.921875
 0.9375
 0.953125
 0.96875
 0.984375
 1


# name: h
# type: scalar
0.03125


# name: u
# type: matrix
# rows: 65
# columns: 1
 -1.5211689841016962
 4.0238970645988372
 1.9631181927908892
 3.3848488007154804
 2.7177770079991781
 3.1336356327830828
 2.8938722688444649
 2.9842006765266493
 2.8687252367610485
 2.8474421216147032
 2.7615361649298782
 2.696259904824434
 2.6106734449559417
 2.5231910141678271
 2.4293082516505455
 2.3271028927026491
 2.2228651239433712
 2.1090053882259032
 1.9944865630656738
 1.8707231458772846
 1.7467342801331038
 1.6144644062314069
 1.4821079765620264
 1.3426699172173004
 1.2031918378241211
 1.0579486826525513
 0.91268318059050535
 0.76304004757601462
 0.6133832787740443
 0.46078330271591583
 0.30817566083281622
 0.15408907960676133
 2.9842794901924198e-13
 -0.15408907960695983
 -0.30817566083196357
 -0.460783302716125
 -0.61338327877295717
 -0.76304004757642629
 -0.9126831805893969
 -1.0579486826528883
 -1.2031918378230126
 -1.3426699172177174
 -1.482107976560918
 -1.6144644062317253
 -1.7467342801323151
 -1.8707231458773206
 -1.9944865630651516
 -2.1090053882258779
 -2.2228651239428809
 -2.3271028927026585
 -2.42930825164997
 -2.5231910141678178
 -2.6106734449552809
 -2.6962599048246432
 -2.7615361649294092
 -2.8474421216146233
 -2.8687252367605529
 -2.9842006765265801
 -2.8938722688443823
 -3.1336356327828465
 -2.7177770079991523
 -3.3848488007151607
 -1.9631181927918848
 -4.023897064597814
 1.5211689841009224


# name: p
# type: matrix
# rows: 65
# columns: 1
 0
 0.058775892965294431
 0.10197851789209504
 0.15490438502007292
 0.20122753541244928
 0.25043939196095
 0.29710483022215711
 0.34412473126263221
 0.38971796434033817
 0.4347195432982634
 0.47849858426098396
 0.52124507189536307
 0.5626932369124924
 0.60283467238014743
 0.64152295506857782
 0.67869212303893467
 0.71423856918487238
 0.74808358927909024
 0.78014292791241691
 0.81033976204497604
 0.83860232169434012
 0.86486075667627405
 0.88905406390229735
 0.91112140459934887
 0.93101237375268897
 0.94867615860099863
 0.96407320025155119
 0.97716333586409798
 0.98791815912646697
 0.99630858616097617
 1.0023176133806375
 1.0059275292891678
 1.0071328893109111
 1.005927529289169
 1.0023176133806384
 0.99630858616097739
 0.98791815912646663
 0.97716333586409843
 0.9640732002515523
 0.94867615860099996
 0.93101237375268986
 0.91112140459935032
 0.88905406390229924
 0.86486075667627527
 0.83860232169434268
 0.8103397620449766
 0.78014292791241768
 0.74808358927909036
 0.71423856918487216
 0.67869212303893467
 0.64152295506857782
 0.60283467238014743
 0.56269323691249173
 0.52124507189536384
 0.47849858426098785
 0.43471954329826712
 0.38971796434034139
 0.34412473126263454
 0.29710483022216172
 0.25043939196095455
 0.20122753541245433
 0.15490438502007625
 0.10197851789210456
 0.058775892965302869
 1.2246467991473532e-16


# name: x
# type: range
# base, limit, increment
0 1 0.015625


# name: exata
# type: matrix
# rows: 65
# columns: 1
 0
 0.049067674327418015
 0.098017140329560604
 0.14673047445536175
 0.19509032201612825
 0.24298017990326387
 0.29028467725446233
 0.33688985339222005
 0.38268343236508978
 0.42755509343028208
 0.47139673682599764
 0.51410274419322166
 0.55557023301960218
 0.59569930449243336
 0.63439328416364549
 0.67155895484701833
 0.70710678118654746
 0.74095112535495911
 0.77301045336273699
 0.80320753148064483
 0.83146961230254524
 0.85772861000027212
 0.88192126434835494
 0.90398929312344334
 0.92387953251128674
 0.94154406518302081
 0.95694033573220894
 0.97003125319454397
 0.98078528040323043
 0.98917650996478101
 0.99518472667219682
 0.99879545620517241
 1
 0.99879545620517241
 0.99518472667219693
 0.98917650996478101
 0.98078528040323043
 0.97003125319454397
 0.95694033573220894
 0.94154406518302081
 0.92387953251128674
 0.90398929312344345
 0.88192126434835505
 0.85772861000027212
 0.83146961230254546
 0.80320753148064494
 0.7730104533627371
 0.74095112535495899
 0.70710678118654757
 0.67155895484701855
 0.63439328416364549
 0.59569930449243347
 0.55557023301960218
 0.51410274419322177
 0.47139673682599786
 0.42755509343028203
 0.38268343236508989
 0.33688985339222033
 0.29028467725446239
 0.24298017990326407
 0.19509032201612861
 0.1467304744553618
 0.098017140329560826
 0.049067674327417966
 1.2246467991473532e-16


