# Created by Octave 6.2.0, Mon Aug 23 15:04:06 2021 -03 <kuroneko@kuroneko-VirtualBox>
# name: alfa
# type: scalar
-1


# name: beta
# type: scalar
10


# name: h
# type: scalar
0.0625


# name: xlU1
# type: matrix
# rows: 16
# columns: 1
 0
 0.0625
 0.125
 0.1875
 0.25
 0.3125
 0.375
 0.4375
 0.5
 0.5625
 0.625
 0.6875
 0.75
 0.8125
 0.875
 0.9375


# name: xlU2
# type: matrix
# rows: 16
# columns: 1
 0.0625
 0.125
 0.1875
 0.25
 0.3125
 0.375
 0.4375
 0.5
 0.5625
 0.625
 0.6875
 0.75
 0.8125
 0.875
 0.9375
 1


# name: U
# type: matrix
# rows: 16
# columns: 2
 1.0673194746554704 1.1093941661887778
 1.0453199502256594 1.0473482957655615
 0.98314936633085814 0.94505341769576579
 0.88319690364447867 0.80644066677598436
 0.74930367925357177 0.6368368532891383
 0.58661513468329451 0.44275975667261247
 0.40138329946469575 0.23166765090968996
 0.20072652914601635 0.011672687243023521
 -0.0076440491190098861 -0.2087708512482736
 -0.21572087086322475 -0.42119144300614197
 -0.41550766051782417 -0.6174258838161667
 -0.5993267237981037 -0.78993299416756102
 -0.76011399718912154 -0.93208342255262289
 -0.89169051594500215 -1.0384144077273929
 -0.98899986823891828 -1.1048397095627078
 -1.048302510233929 -1.1288066409607755


# name: x
# type: range
# base, limit, increment
0 1 0.0625


# name: exata
# type: matrix
# rows: 17
# columns: 1
 1
 0.98078528040323043
 0.92387953251128674
 0.83146961230254524
 0.70710678118654757
 0.55557023301960229
 0.38268343236508984
 0.19509032201612833
 6.123233995736766e-17
 -0.19509032201612819
 -0.38268343236508973
 -0.55557023301960196
 -0.70710678118654746
 -0.83146961230254535
 -0.92387953251128674
 -0.98078528040323043
 -1


