# Created by Octave 6.3.0, Sat Sep 25 14:52:44 2021 -03 <kuroneko@kuroneko-VirtualBox>
# name: beta
# type: scalar
0


# name: Lambda
# type: matrix
# rows: 17
# columns: 1
 1
 0.98078528040337154
 0.92387953251152088
 0.83146961230282734
 0.70710678118683501
 0.55557023301985664
 0.38268343236528068
 0.19509032201623655
 1.5765166949696941e-14
 -0.19509032201620558
 -0.38268343236525065
 -0.555570233019827
 -0.70710678118680903
 -0.83146961230280758
 -0.92387953251150745
 -0.98078528040336455
 -1


# name: nen
# type: scalar
5


# name: nel
# type: scalar
16


# name: h
# type: scalar
0.0625


# name: xl
# type: matrix
# rows: 65
# columns: 1
 0
 0.015625
 0.03125
 0.046875
 0.0625
 0.078125
 0.09375
 0.109375
 0.125
 0.140625
 0.15625
 0.171875
 0.1875
 0.203125
 0.21875
 0.234375
 0.25
 0.265625
 0.28125
 0.296875
 0.3125
 0.328125
 0.34375
 0.359375
 0.375
 0.390625
 0.40625
 0.421875
 0.4375
 0.453125
 0.46875
 0.484375
 0.5
 0.515625
 0.53125
 0.546875
 0.5625
 0.578125
 0.59375
 0.609375
 0.625
 0.640625
 0.65625
 0.671875
 0.6875
 0.703125
 0.71875
 0.734375
 0.75
 0.765625
 0.78125
 0.796875
 0.8125
 0.828125
 0.84375
 0.859375
 0.875
 0.890625
 0.90625
 0.921875
 0.9375
 0.953125
 0.96875
 0.984375
 1


# name: U
# type: matrix
# rows: 16
# columns: 5
 -2.6764157741973755e-12 0.15415066111283773 0.30792992796064483 0.4609673647181608 0.61289432242969288
 0.61289432242972242 0.76334476349123592 0.91195620944477895 1.0583706732417957 1.2022354597661109
 1.2022354597661231 1.3432039546972221 1.4809365252307662 1.6151013903337417 1.7453753626050124
 1.7453753626050277 1.8714445712015511 1.9930052808708059 2.1097646667543555 2.2214414690766819
 2.2214414690767321 2.3277666223527427 2.4284839612571516 2.5233508702011891 2.6121388256903968
 2.6121388256904021 2.6946339076333374 2.7706373649217384 2.839966114817519 2.9024531521370167
 2.9024531521370269 2.9579479230115937 3.0063167284436232 3.047443054312664 3.0812278316613972
 3.0812278316614012 3.1075896585447169 3.1264650260531615 3.1378084662562244 3.1415926535874035
 3.141592653587407 3.1378084662562258 3.1264650260531615 3.1075896585447169 3.0812278316614008
 3.0812278316613972 3.0474430543126623 3.0063167284436196 2.9579479230115884 2.9024531521370203
 2.9024531521370265 2.839966114817527 2.7706373649217442 2.6946339076333414 2.6121388256904052
 2.612138825690395 2.5233508702011869 2.4284839612571485 2.3277666223527373 2.2214414690767241
 2.2214414690767108 2.1097646667543848 1.9930052808708349 1.8714445712015786 1.7453753626050541
 1.745375362605019 1.6151013903337479 1.4809365252307718 1.343203954697227 1.2022354597661278
 1.2022354597661145 1.0583706732417992 0.9119562094447824 0.76334476349123881 0.61289432242972486
 0.61289432242970621 0.4609673647181739 0.30792992796065771 0.1541506611128505 -2.6637270728222127e-12


# name: P
# type: matrix
# rows: 16
# columns: 5
 1.0000000000002705 0.99879545573724948 0.99518472673143576 0.98917651049412303 0.9807852804036673
 0.98078528040360236 0.97003125174753368 0.95694033578928361 0.94154406668931512 0.92387953251182031
 0.92387953251169874 0.9039892907529089 0.88192126440103069 0.85772861242559328 0.83146961230311778
 0.83146961230294836 0.80320752827765252 0.77301045340895802 0.74095112860607326 0.70710678118710801
 0.70710678118689319 0.67155895093462536 0.6343932842016049 0.59569930844437258 0.55557023302010111
 0.5555702330198482 0.51410273972175236 0.47139673685421218 0.42755509793115326 0.38268343236548763
 0.38268343236520813 0.33688984853349341 0.29028467727183221 0.24298018478008687 0.19509032201639709
 0.19509032201610227 0.14673046939608528 0.098017140335409161 0.049067679392771825 1.2370611140080304e-13
 -1.752131361338589e-13 -0.049067679392823318 -0.098017140335460648 -0.14673046939613676 -0.19509032201615378
 -0.19509032201644574 -0.24298018478013558 -0.29028467727188095 -0.33688984853354215 -0.38268343236525693
 -0.38268343236553087 -0.42755509793119678 -0.47139673685425598 -0.51410273972179632 -0.55557023301989239
 -0.55557023302013708 -0.59569930844440844 -0.63439328420164076 -0.67155895093466123 -0.70710678118692927
 -0.70710678118713688 -0.74095112860610235 -0.77301045340898744 -0.80320752827768238 -0.83146961230297867
 -0.83146961230313987 -0.85772861242561582 -0.88192126440105378 -0.90398929075293244 -0.92387953251172261
 -0.92387953251183264 -0.94154406668932777 -0.9569403357892966 -0.97003125174754679 -0.98078528040361557
 -0.98078528040367263 -0.98917651049412891 -0.99518472673144187 -0.99879545573725603 -1.0000000000002773


# name: x
# type: range
# base, limit, increment
0 1 0.015625


# name: exata
# type: matrix
# rows: 65
# columns: 1
 1
 0.99879545620517241
 0.99518472667219693
 0.98917650996478101
 0.98078528040323043
 0.97003125319454397
 0.95694033573220882
 0.94154406518302081
 0.92387953251128674
 0.90398929312344334
 0.88192126434835505
 0.85772861000027212
 0.83146961230254524
 0.80320753148064494
 0.77301045336273699
 0.74095112535495911
 0.70710678118654757
 0.67155895484701833
 0.63439328416364549
 0.59569930449243347
 0.55557023301960229
 0.51410274419322166
 0.47139673682599781
 0.4275550934302822
 0.38268343236508984
 0.33688985339222005
 0.29028467725446233
 0.24298017990326398
 0.19509032201612833
 0.14673047445536175
 0.09801714032956077
 0.049067674327418126
 6.123233995736766e-17
 -0.049067674327418008
 -0.098017140329560645
 -0.14673047445536164
 -0.19509032201612819
 -0.24298017990326387
 -0.29028467725446216
 -0.33688985339221994
 -0.38268343236508973
 -0.42755509343028186
 -0.4713967368259977
 -0.51410274419322166
 -0.55557023301960196
 -0.59569930449243336
 -0.63439328416364538
 -0.67155895484701844
 -0.70710678118654746
 -0.74095112535495888
 -0.77301045336273699
 -0.80320753148064483
 -0.83146961230254535
 -0.85772861000027201
 -0.88192126434835494
 -0.90398929312344334
 -0.92387953251128674
 -0.9415440651830207
 -0.95694033573220882
 -0.97003125319454397
 -0.98078528040323043
 -0.98917650996478101
 -0.99518472667219682
 -0.99879545620517241
 -1


