# Created by Octave 6.3.0, Sat Sep 25 14:52:43 2021 -03 <kuroneko@kuroneko-VirtualBox>
# name: beta
# type: scalar
0


# name: Lambda
# type: matrix
# rows: 5
# columns: 1
 1
 0.70710678118649894
 1.9984014443254632e-15
 -0.70710678118649617
 -1


# name: nen
# type: scalar
5


# name: nel
# type: scalar
4


# name: h
# type: scalar
0.25


# name: xl
# type: matrix
# rows: 17
# columns: 1
 0
 0.0625
 0.125
 0.1875
 0.25
 0.3125
 0.375
 0.4375
 0.5
 0.5625
 0.625
 0.6875
 0.75
 0.8125
 0.875
 0.9375
 1


# name: U
# type: matrix
# rows: 4
# columns: 5
 4.7135404577620094e-13 0.61290958437611109 1.2022351109468024 1.7453606396961661 2.2214414690797315
 2.2214414690797333 2.6121456864286534 2.902452310008226 3.0812222722659417 3.1415926535903704
 3.141592653590374 3.0812222722659439 2.9024523100082256 2.6121456864286503 2.2214414690797271
 2.2214414690797373 1.7453606396961701 1.2022351109468048 0.61290958437611198 4.7049469514416166e-13


# name: P
# type: matrix
# rows: 4
# columns: 5
 1.0000000010406531 0.98078341686066295 0.92387975487915908 0.83147170540818882 0.70710678226158341
 0.70710678158311957 0.55556550446672848 0.38268352447286219 0.19509514565710945 4.7974314231859849e-10
 -4.797480643248775e-10 -0.19509514565711461 -0.38268352447286741 -0.55556550446673358 -0.70710678158312479
 -0.70710678226158641 -0.8314717054081916 -0.92387975487916185 -0.98078341686066617 -1.0000000010406571


# name: x
# type: range
# base, limit, increment
0 1 0.0625


# name: exata
# type: matrix
# rows: 17
# columns: 1
 1
 0.98078528040323043
 0.92387953251128674
 0.83146961230254524
 0.70710678118654757
 0.55557023301960229
 0.38268343236508984
 0.19509032201612833
 6.123233995736766e-17
 -0.19509032201612819
 -0.38268343236508973
 -0.55557023301960196
 -0.70710678118654746
 -0.83146961230254535
 -0.92387953251128674
 -0.98078528040323043
 -1


