# Created by Octave 6.3.0, Sat Sep 25 14:29:09 2021 -03 <kuroneko@kuroneko-VirtualBox>
# name: beta
# type: scalar
0


# name: Lambda
# type: matrix
# rows: 17
# columns: 1
 1
 0.98078538981614094
 0.92387971235356414
 0.83146982585249418
 0.70710699539551547
 0.55557041978202026
 0.38268356959855421
 0.19509039451001484
 -2.2204460492503131e-16
 -0.19509039451001528
 -0.3826835695985546
 -0.5555704197820206
 -0.70710699539551558
 -0.83146982585249429
 -0.92387971235356414
 -0.98078538981614094
 -1


# name: nen
# type: scalar
2


# name: nel
# type: scalar
16


# name: h
# type: scalar
0.0625


# name: xl
# type: matrix
# rows: 17
# columns: 1
 0
 0.0625
 0.125
 0.1875
 0.25
 0.3125
 0.375
 0.4375
 0.5
 0.5625
 0.625
 0.6875
 0.75
 0.8125
 0.875
 0.9375
 1


# name: U
# type: matrix
# rows: 16
# columns: 2
 -2.0685847802089561e-06 0.6128920427159894
 0.61289204271598496 1.202232977034444
 1.2022329770344451 1.7453726927709363
 1.7453726927709372 2.2214386352459723
 2.2214386352459741 2.6121358572710918
 2.6121358572710931 2.9024500837093958
 2.9024500837093972 3.0812247016489542
 3.0812247016489533 3.1415895027803082
 3.1415895027803096 3.0812247016489542
 3.0812247016489529 2.9024500837093958
 2.9024500837093967 2.6121358572710931
 2.6121358572710918 2.2214386352459736
 2.2214386352459718 1.745372692770935
 1.7453726927709374 1.202232977034444
 1.2022329770344446 0.61289204271598674
 0.61289204271598996 -2.0685847808010749e-06


# name: P
# type: matrix
# rows: 16
# columns: 2
 1.0016269776609752 0.9823505689848574
 0.98241164213028309 0.92532294407233062
 0.92544274335645371 0.83273564753573215
 0.83290956913924807 0.70814676222581918
 0.7083681224390409 0.55634417410320902
 0.55660446617728287 0.38316157646599119
 0.3834507975224839 0.19525428438785372
 0.19556131982376135 -0.00015652530785426589
 0.00015652530785383284 -0.19556131982376182
 -0.19525428438785414 -0.38345079752248423
 -0.38316157646599153 -0.55660446617728321
 -0.55634417410320924 -0.70836812243904101
 -0.70814676222581929 -0.83290956913924807
 -0.83273564753573226 -0.92544274335645371
 -0.92532294407233051 -0.98241164213028309
 -0.98235056898485729 -1.0016269776609752


# name: x
# type: range
# base, limit, increment
0 1 0.0625


# name: exata
# type: matrix
# rows: 17
# columns: 1
 1
 0.98078528040323043
 0.92387953251128674
 0.83146961230254524
 0.70710678118654757
 0.55557023301960229
 0.38268343236508984
 0.19509032201612833
 6.123233995736766e-17
 -0.19509032201612819
 -0.38268343236508973
 -0.55557023301960196
 -0.70710678118654746
 -0.83146961230254535
 -0.92387953251128674
 -0.98078528040323043
 -1


