# Created by Octave 6.3.0, Sat Sep 25 14:29:09 2021 -03 <kuroneko@kuroneko-VirtualBox>
# name: beta
# type: scalar
0


# name: Lambda
# type: matrix
# rows: 65
# columns: 1
 1
 0.99879545632632993
 0.99518472690480919
 0.98917651029918008
 0.9807852808298072
 0.9700312537037703
 0.95694033631466124
 0.94154406582940275
 0.92387953321245164
 0.90398929387041593
 0.88192126513235358
 0.85772861081272911
 0.83146961313512813
 0.80320753232527631
 0.77301045421161407
 0.74095112620057246
 0.70710678202169908
 0.67155895566483881
 0.63439328495761094
 0.59569930525638093
 0.55557023374774506
 0.51410274488016272
 0.47139673746674243
 0.42755509402025133
 0.38268343290012996
 0.33688985386861359
 0.29028467766893645
 0.24298018025299853
 0.19509032229876302
 0.14673047466900144
 0.098017140472779776
 0.049067674399264467
 -2.9269516103754115e-15
 -0.049067674399270317
 -0.098017140472785605
 -0.14673047466900727
 -0.19509032229876885
 -0.24298018025300436
 -0.29028467766894223
 -0.3368898538686193
 -0.38268343290013568
 -0.4275550940202571
 -0.47139673746674826
 -0.51410274488016849
 -0.55557023374775094
 -0.59569930525638681
 -0.63439328495761671
 -0.67155895566484447
 -0.70710678202170441
 -0.74095112620057757
 -0.77301045421161907
 -0.80320753232528108
 -0.83146961313513279
 -0.85772861081273355
 -0.88192126513235791
 -0.90398929387041993
 -0.92387953321245531
 -0.94154406582940608
 -0.95694033631466413
 -0.97003125370377286
 -0.98078528082980942
 -0.98917651029918219
 -0.99518472690481052
 -0.9987954563263306
 -1


# name: nen
# type: scalar
2


# name: nel
# type: scalar
64


# name: h
# type: scalar
0.015625


# name: xl
# type: matrix
# rows: 65
# columns: 1
 0
 0.015625
 0.03125
 0.046875
 0.0625
 0.078125
 0.09375
 0.109375
 0.125
 0.140625
 0.15625
 0.171875
 0.1875
 0.203125
 0.21875
 0.234375
 0.25
 0.265625
 0.28125
 0.296875
 0.3125
 0.328125
 0.34375
 0.359375
 0.375
 0.390625
 0.40625
 0.421875
 0.4375
 0.453125
 0.46875
 0.484375
 0.5
 0.515625
 0.53125
 0.546875
 0.5625
 0.578125
 0.59375
 0.609375
 0.625
 0.640625
 0.65625
 0.671875
 0.6875
 0.703125
 0.71875
 0.734375
 0.75
 0.765625
 0.78125
 0.796875
 0.8125
 0.828125
 0.84375
 0.859375
 0.875
 0.890625
 0.90625
 0.921875
 0.9375
 0.953125
 0.96875
 0.984375
 1


# name: U
# type: matrix
# rows: 64
# columns: 2
 -8.0649454522093346e-09 0.15415063692361386
 0.15415063692359965 0.30792991950638182
 0.30792991950639248 0.46096737192218029
 0.46096737192216369 0.6128943135435847
 0.61289431354358948 0.76334473906104705
 0.76334473906105649 0.91195620022158863
 0.91195620022160406 1.0583706789984539
 1.0583706789984528 1.2022354500878407
 1.2022354500878396 1.3432039306551466
 1.3432039306551207 1.4809365152832719
 1.4809365152832861 1.6151013941119778
 1.6151013941119814 1.7453753521966533
 1.7453753521966568 1.8714445481616373
 1.8714445481616326 1.9930052702714782
 1.9930052702714718 2.1097646680991584
 2.1097646680991597 2.2214414580284068
 2.2214414580284152 2.3277666008905467
 2.3277666008905409 2.4284839501034252
 2.4284839501034292 2.5233508687510167
 2.5233508687510153 2.6121388141169213
 2.6121388141169057 2.6946338882638301
 2.6946338882638412 2.7706373533324591
 2.7706373533324586 2.8399661103183007
 2.8399661103182949 2.9024531401732965
 2.9024531401732978 2.9579479061693235
 2.9579479061693257 3.0063167165543234
 3.0063167165543252 3.0474430466274693
 3.0474430466274662 3.0812278194573715
 3.081227819457371 3.1075896445670903
 3.107589644567089 3.1264650140109116
 3.1264650140109134 3.1378084553705619
 3.1378084553705619 3.1415926413022328
 3.1415926413022333 3.1378084553705619
 3.137808455370561 3.1264650140109116
 3.1264650140109129 3.1075896445670903
 3.1075896445670863 3.0812278194573648
 3.0812278194573719 3.0474430466274693
 3.0474430466274653 3.0063167165543208
 3.0063167165543199 2.9579479061693208
 2.9579479061693248 2.9024531401732965
 2.9024531401733005 2.8399661103182954
 2.8399661103183003 2.7706373533324591
 2.7706373533324573 2.6946338882638408
 2.6946338882638479 2.6121388141169213
 2.6121388141169199 2.5233508687510167
 2.5233508687510007 2.4284839501034146
 2.4284839501034203 2.327766600890536
 2.327766600890524 2.2214414580283854
 2.2214414580283868 2.1097646680991371
 2.1097646680991473 1.9930052702714569
 1.9930052702714569 1.871444548161616
 1.8714445481616313 1.7453753521966533
 1.7453753521966486 1.6151013941119672
 1.6151013941119683 1.4809365152832719
 1.4809365152832648 1.343203930655104
 1.3432039306551111 1.2022354500878087
 1.2022354500878134 1.0583706789984326
 1.0583706789984231 0.91195620022157797
 0.91195620022156609 0.76334473906103639
 0.76334473906103051 0.61289431354356338
 0.61289431354357171 0.46096737192214832
 0.46096737192212461 0.30792991950633919
 0.30792991950633564 0.15415063692356057
 0.15415063692356293 -8.0649940059629444e-09


# name: P
# type: matrix
# rows: 64
# columns: 2
 1.0001004794356871 0.99889569387630517
 0.99889593558396716 0.99528448108803502
 0.99528496392106403 0.98927554079909152
 0.98927626359430076 0.98088334907325603
 0.98088431008936827 0.97012812343576826
 0.97012932035761168 0.95703577416753927
 0.95703720411162418 0.94163784188501387
 0.94163950140647978 0.92397142155606393
 0.9239733066569783 0.90407907313496128
 0.90408117927395082 0.88200871903172007
 0.88201104113491136 0.8578135286628128
 0.85781606113605613 0.83155179036139049
 0.83155452710373579 0.80328677095558132
 0.8032897053739767 0.77308656335316084
 0.77308968837833536 0.74102392249977267
 0.74102723060326692 0.70717609010589177
 0.70717957331819459 0.67162460856477835
 0.67162825849452634 0.63445512450971098
 0.63445893236390372 0.59575718248374399
 0.59576113908892703 0.55562400921906085
 0.55562810504342586 0.51415228904561083
 0.51415651422195807 0.47144193097008863
 0.47144627531959826 0.42759582798638751
 0.42760028104314107 0.38271960919736392
 0.38272416023355765 0.3369213853450766
 0.33692602339686561 0.29031148836253989
 0.29031620225645127 0.24300220557443317
 0.2430069839542835 0.19510750918710032
 0.1951123405413541 0.14674278171952199
 0.1467476544090236 0.09802453803672094
 0.098029440322734557 0.049070144655246735
 0.049075064727735984 -2.4630030425820385e-06
 2.4630030367308721e-06 -0.049075064727741841
 -0.049070144655252584 -0.098029440322740385
 -0.098024538036726755 -0.14674765440902943
 -0.14674278171952784 -0.1951123405413599
 -0.19510750918710615 -0.24300698395428935
 -0.24300220557443897 -0.29031620225645699
 -0.29031148836254567 -0.33692602339687133
 -0.33692138534508231 -0.38272416023356337
 -0.38271960919736964 -0.42760028104314685
 -0.42759582798639328 -0.47144627531960404
 -0.47144193097009435 -0.51415651422196373
 -0.5141522890456165 -0.55562810504343174
 -0.55562400921906674 -0.59576113908893291
 -0.59575718248374987 -0.63445893236390938
 -0.63445512450971675 -0.671628258494532
 -0.67162460856478412 -0.70717957331819992
 -0.7071760901058971 -0.74102723060327191
 -0.74102392249977778 -0.77308968837834025
 -0.77308656335316595 -0.80328970537398148
 -0.80328677095558609 -0.83155452710374056
 -0.83155179036139515 -0.85781606113606068
 -0.85781352866281735 -0.88201104113491569
 -0.88200871903172429 -0.90408117927395482
 -0.90407907313496538 -0.92397330665698196
 -0.9239714215560676 -0.941639501406483
 -0.94163784188501709 -0.95703720411162707
 -0.95703577416754226 -0.97012932035761423
 -0.97012812343577093 -0.9808843100893706
 -0.98088334907325836 -0.98927626359430287
 -0.98927554079909374 -0.99528496392106547
 -0.99528448108803635 -0.99889593558396783
 -0.99889569387630583 -1.0001004794356869


# name: x
# type: range
# base, limit, increment
0 1 0.015625


