# Created by Octave 6.2.0, Sun Jun 20 01:18:50 2021 -03 <kuroneko@kuroneko-VirtualBox>
# name: erroSU
# type: matrix
# rows: 4
# columns: 1
 4.1706923068495971
 0
 0
 0


# name: hhSU
# type: matrix
# rows: 4
# columns: 1
 0.10000000000000001
 0
 0
 0


