# Created by Octave 6.2.0, Mon Jun 21 19:01:53 2021 -03 <kuroneko@kuroneko-VirtualBox>
# name: betasSU
# type: matrix
# rows: 1001
# columns: 1
 0
 0.001
 0.002
 0.0030000000000000001
 0.0040000000000000001
 0.0050000000000000001
 0.0060000000000000001
 0.0070000000000000001
 0.0080000000000000002
 0.0090000000000000011
 0.010000000000000002
 0.011000000000000003
 0.012000000000000004
 0.013000000000000005
 0.014000000000000005
 0.015000000000000006
 0.016000000000000007
 0.017000000000000008
 0.018000000000000009
 0.01900000000000001
 0.020000000000000011
 0.021000000000000012
 0.022000000000000013
 0.023000000000000013
 0.024000000000000014
 0.025000000000000015
 0.026000000000000016
 0.027000000000000017
 0.028000000000000018
 0.029000000000000019
 0.03000000000000002
 0.031000000000000021
 0.032000000000000021
 0.033000000000000022
 0.034000000000000023
 0.035000000000000024
 0.036000000000000025
 0.037000000000000026
 0.038000000000000027
 0.039000000000000028
 0.040000000000000029
 0.041000000000000029
 0.04200000000000003
 0.043000000000000031
 0.044000000000000032
 0.045000000000000033
 0.046000000000000034
 0.047000000000000035
 0.048000000000000036
 0.049000000000000037
 0.050000000000000037
 0.051000000000000038
 0.052000000000000039
 0.05300000000000004
 0.054000000000000041
 0.055000000000000042
 0.056000000000000043
 0.057000000000000044
 0.058000000000000045
 0.059000000000000045
 0.060000000000000046
 0.061000000000000047
 0.062000000000000048
 0.063000000000000042
 0.064000000000000043
 0.065000000000000044
 0.066000000000000045
 0.067000000000000046
 0.068000000000000047
 0.069000000000000047
 0.070000000000000048
 0.071000000000000049
 0.07200000000000005
 0.073000000000000051
 0.074000000000000052
 0.075000000000000053
 0.076000000000000054
 0.077000000000000055
 0.078000000000000055
 0.079000000000000056
 0.080000000000000057
 0.081000000000000058
 0.082000000000000059
 0.08300000000000006
 0.084000000000000061
 0.085000000000000062
 0.086000000000000063
 0.087000000000000063
 0.088000000000000064
 0.089000000000000065
 0.090000000000000066
 0.091000000000000067
 0.092000000000000068
 0.093000000000000069
 0.09400000000000007
 0.09500000000000007
 0.096000000000000071
 0.097000000000000072
 0.098000000000000073
 0.099000000000000074
 0.10000000000000007
 0.10100000000000008
 0.10200000000000008
 0.10300000000000008
 0.10400000000000008
 0.10500000000000008
 0.10600000000000008
 0.10700000000000008
 0.10800000000000008
 0.10900000000000008
 0.11000000000000008
 0.11100000000000008
 0.11200000000000009
 0.11300000000000009
 0.11400000000000009
 0.11500000000000009
 0.11600000000000009
 0.11700000000000009
 0.11800000000000009
 0.11900000000000009
 0.12000000000000009
 0.12100000000000009
 0.12200000000000009
 0.1230000000000001
 0.1240000000000001
 0.12500000000000008
 0.12600000000000008
 0.12700000000000009
 0.12800000000000009
 0.12900000000000009
 0.13000000000000009
 0.13100000000000009
 0.13200000000000009
 0.13300000000000009
 0.13400000000000009
 0.13500000000000009
 0.13600000000000009
 0.13700000000000009
 0.13800000000000009
 0.1390000000000001
 0.1400000000000001
 0.1410000000000001
 0.1420000000000001
 0.1430000000000001
 0.1440000000000001
 0.1450000000000001
 0.1460000000000001
 0.1470000000000001
 0.1480000000000001
 0.1490000000000001
 0.15000000000000011
 0.15100000000000011
 0.15200000000000011
 0.15300000000000011
 0.15400000000000011
 0.15500000000000011
 0.15600000000000011
 0.15700000000000011
 0.15800000000000011
 0.15900000000000011
 0.16000000000000011
 0.16100000000000012
 0.16200000000000012
 0.16300000000000012
 0.16400000000000012
 0.16500000000000012
 0.16600000000000012
 0.16700000000000012
 0.16800000000000012
 0.16900000000000012
 0.17000000000000012
 0.17100000000000012
 0.17200000000000013
 0.17300000000000013
 0.17400000000000013
 0.17500000000000013
 0.17600000000000013
 0.17700000000000013
 0.17800000000000013
 0.17900000000000013
 0.18000000000000013
 0.18100000000000013
 0.18200000000000013
 0.18300000000000013
 0.18400000000000014
 0.18500000000000014
 0.18600000000000014
 0.18700000000000014
 0.18800000000000014
 0.18900000000000014
 0.19000000000000014
 0.19100000000000014
 0.19200000000000014
 0.19300000000000014
 0.19400000000000014
 0.19500000000000015
 0.19600000000000015
 0.19700000000000015
 0.19800000000000015
 0.19900000000000015
 0.20000000000000015
 0.20100000000000015
 0.20200000000000015
 0.20300000000000015
 0.20400000000000015
 0.20500000000000015
 0.20600000000000016
 0.20700000000000016
 0.20800000000000016
 0.20900000000000016
 0.21000000000000016
 0.21100000000000016
 0.21200000000000016
 0.21300000000000016
 0.21400000000000016
 0.21500000000000016
 0.21600000000000016
 0.21700000000000016
 0.21800000000000017
 0.21900000000000017
 0.22000000000000017
 0.22100000000000017
 0.22200000000000017
 0.22300000000000017
 0.22400000000000017
 0.22500000000000017
 0.22600000000000017
 0.22700000000000017
 0.22800000000000017
 0.22900000000000018
 0.23000000000000018
 0.23100000000000018
 0.23200000000000018
 0.23300000000000018
 0.23400000000000018
 0.23500000000000018
 0.23600000000000018
 0.23700000000000018
 0.23800000000000018
 0.23900000000000018
 0.24000000000000019
 0.24100000000000019
 0.24200000000000019
 0.24300000000000019
 0.24400000000000019
 0.24500000000000019
 0.24600000000000019
 0.24700000000000019
 0.24800000000000019
 0.24900000000000019
 0.25000000000000017
 0.25100000000000017
 0.25200000000000017
 0.25300000000000017
 0.25400000000000017
 0.25500000000000017
 0.25600000000000017
 0.25700000000000017
 0.25800000000000017
 0.25900000000000017
 0.26000000000000018
 0.26100000000000018
 0.26200000000000018
 0.26300000000000018
 0.26400000000000018
 0.26500000000000018
 0.26600000000000018
 0.26700000000000018
 0.26800000000000018
 0.26900000000000018
 0.27000000000000018
 0.27100000000000019
 0.27200000000000019
 0.27300000000000019
 0.27400000000000019
 0.27500000000000019
 0.27600000000000019
 0.27700000000000019
 0.27800000000000019
 0.27900000000000019
 0.28000000000000019
 0.28100000000000019
 0.28200000000000019
 0.2830000000000002
 0.2840000000000002
 0.2850000000000002
 0.2860000000000002
 0.2870000000000002
 0.2880000000000002
 0.2890000000000002
 0.2900000000000002
 0.2910000000000002
 0.2920000000000002
 0.2930000000000002
 0.29400000000000021
 0.29500000000000021
 0.29600000000000021
 0.29700000000000021
 0.29800000000000021
 0.29900000000000021
 0.30000000000000021
 0.30100000000000021
 0.30200000000000021
 0.30300000000000021
 0.30400000000000021
 0.30500000000000022
 0.30600000000000022
 0.30700000000000022
 0.30800000000000022
 0.30900000000000022
 0.31000000000000022
 0.31100000000000022
 0.31200000000000022
 0.31300000000000022
 0.31400000000000022
 0.31500000000000022
 0.31600000000000023
 0.31700000000000023
 0.31800000000000023
 0.31900000000000023
 0.32000000000000023
 0.32100000000000023
 0.32200000000000023
 0.32300000000000023
 0.32400000000000023
 0.32500000000000023
 0.32600000000000023
 0.32700000000000023
 0.32800000000000024
 0.32900000000000024
 0.33000000000000024
 0.33100000000000024
 0.33200000000000024
 0.33300000000000024
 0.33400000000000024
 0.33500000000000024
 0.33600000000000024
 0.33700000000000024
 0.33800000000000024
 0.33900000000000025
 0.34000000000000025
 0.34100000000000025
 0.34200000000000025
 0.34300000000000025
 0.34400000000000025
 0.34500000000000025
 0.34600000000000025
 0.34700000000000025
 0.34800000000000025
 0.34900000000000025
 0.35000000000000026
 0.35100000000000026
 0.35200000000000026
 0.35300000000000026
 0.35400000000000026
 0.35500000000000026
 0.35600000000000026
 0.35700000000000026
 0.35800000000000026
 0.35900000000000026
 0.36000000000000026
 0.36100000000000027
 0.36200000000000027
 0.36300000000000027
 0.36400000000000027
 0.36500000000000027
 0.36600000000000027
 0.36700000000000027
 0.36800000000000027
 0.36900000000000027
 0.37000000000000027
 0.37100000000000027
