# Created by Octave 6.2.0, Sat Jun 19 19:45:49 2021 -03 <kuroneko@kuroneko-VirtualBox>
# name: xl
# type: matrix
# rows: 37
# columns: 1
 0
 0.027777777777777776
 0.055555555555555552
 0.083333333333333329
 0.1111111111111111
 0.1388888888888889
 0.16666666666666669
 0.19444444444444448
 0.22222222222222227
 0.25000000000000006
 0.27777777777777785
 0.30555555555555564
 0.33333333333333343
 0.36111111111111122
 0.38888888888888901
 0.4166666666666668
 0.44444444444444459
 0.47222222222222238
 0.50000000000000011
 0.5277777777777779
 0.55555555555555569
 0.58333333333333348
 0.61111111111111127
 0.63888888888888906
 0.66666666666666685
 0.69444444444444464
 0.72222222222222243
 0.75000000000000022
 0.77777777777777801
 0.8055555555555558
 0.83333333333333359
 0.86111111111111138
 0.88888888888888917
 0.91666666666666696
 0.94444444444444475
 0.97222222222222254
 1.0000000000000002


# name: h
# type: scalar
0.083333333333333329


# name: u
# type: matrix
# rows: 37
# columns: 1
 0
 1.1270865233536325
 0.9729155034768473
 1.0999817585256877
 0.9872936659087822
 1.0027079556033307
 0.99000364786529849
 1.0012704016532215
 0.99972925371249477
 1.0009994538432556
 0.99987298274373193
 1.0000270709331762
 0.99990006306457213
 1.0000127020587013
 0.99999728096583218
 1.0000100897146271
 0.99999870352042242
 1.0000003962231467
 0.99999801259325127
 1.0000003947267873
 0.99999871646471061
 1.0000099866832703
 0.99999730902605644
 1.0000125698016504
 0.9999011038673703
 1.0000267889705887
 0.9998743058345464
 1.0009890428864128
 0.99973207398369335
 1.0012571683032274
 0.99010777653129944
 1.0026797477327258
 0.98742602355550968
 1.0989402818745841
 0.97319763364893763
 1.1257627054020345
 0


# name: x
# type: range
# base, limit, increment
0 1 0.027777777777777776


# name: exata
# type: matrix
# rows: 37
# columns: 1
 0
 0.93782347597788362
 0.99613407986052716
 0.99975963052358052
 0.99998505466147525
 0.99999907075080019
 0.99999994222251476
 0.99999999640759685
 0.99999999977663689
 0.99999999998611211
 0.99999999999913647
 0.99999999999994627
 0.99999999999999667
 0.99999999999999978
 1
 1
 1
 1
 1
 1
 1
 1
 1
 0.99999999999999978
 0.99999999999999667
 0.99999999999994627
 0.99999999999913647
 0.99999999998611211
 0.99999999977663689
 0.99999999640759685
 0.99999994222251476
 0.99999907075080019
 0.99998505466147525
 0.99975963052358052
 0.99613407986052704
 0.93782347597788152
 -1.4210854715202004e-14


