# Created by Octave 6.2.0, Mon May 31 20:05:22 2021 -03 <kuroneko@kuroneko-VirtualBox>
# name: xl
# type: matrix
# rows: 1
# columns: 33
 0 0.083333333333333329 0.16666666666666666 0.25 0.33333333333333331 0.41666666666666663 0.49999999999999994 0.58333333333333326 0.66666666666666663 0.75 0.83333333333333337 0.91666666666666674 1 0.40625 0.4375 0.46875 0.5 0.53125 0.5625 0.59375 0.625 0.65625 0.6875 0.71875 0.75 0.78125 0.8125 0.84375 0.875 0.90625 0.9375 0.96875 1


# name: h
# type: scalar
0.25


# name: u
# type: matrix
# rows: 13
# columns: 1
 -0.0086019324943458052
 1.0222265837042015
 1.0442531222515594
 1.1158837315868513
 0.043967998688929644
 0.43216852457390281
 1.1924840941881183
 0.990747324532121
 0.98837974926123906
 0.9951526619374812
 1.0002255077463196
 1.0002865914261057
 1.0002438327093595


# name: x
# type: range
# base, limit, increment
0 1 0.083333333333333329


# name: exata
# type: matrix
# rows: 13
# columns: 1
 0
 0.56531706192394759
 0.81089261314809924
 0.91736566859879498
 0.96305505014953607
 0.98156868348664761
 0.98652471777869544
 0.98156868348664761
 0.96305505014953607
 0.91736566859879498
 0.81089261314809913
 0.56531706192394804
 0


