# Created by Octave 6.2.0, Wed Jun 02 15:13:59 2021 -03 <kuroneko@kuroneko-VirtualBox>
# name: xl
# type: matrix
# rows: 25
# columns: 1
 0
 0.041666666666666664
 0.083333333333333329
 0.125
 0.16666666666666666
 0.20833333333333331
 0.24999999999999997
 0.29166666666666663
 0.33333333333333331
 0.375
 0.41666666666666669
 0.45833333333333337
 0.5
 0.54166666666666663
 0.58333333333333326
 0.62499999999999989
 0.66666666666666652
 0.70833333333333315
 0.74999999999999978
 0.79166666666666641
 0.83333333333333304
 0.87499999999999967
 0.9166666666666663
 0.95833333333333293
 0.99999999999999956


# name: h
# type: scalar
0.125


# name: u
# type: matrix
# rows: 25
# columns: 1
 0
 1.0167484404661586
 1.0946646484686806
 0.99845424686953488
 1.0000258889542806
 1.0001463281767144
 0.99999761064726023
 1.0000000400179327
 1.0000002261872372
 0.99999999630664205
 1.0000000000623899
 1.0000000003497238
 0.99999999998867151
 1.0000000003442617
 1.0000000000614315
 0.99999999636435521
 1.0000002226527822
 1.0000000393926032
 0.99999764798384927
 1.0001440416181333
 1.0000254844073788
 0.9984784011723139
 1.0931853963574771
 1.0164867253875136
 0


# name: x
# type: range
# base, limit, increment
0 1 0.041666666666666664


# name: exata
# type: matrix
# rows: 25
# columns: 1
 0
 0.34072043403753183
 0.56531706192394759
 0.71334975571565107
 0.81089261314809924
 0.87512658211154803
 0.91736566859879498
 0.94504975660515933
 0.96305505014953607
 0.97455295530180519
 0.98156868348664761
 0.98533796701218723
 0.98652471777869544
 0.98533796701218723
 0.98156868348664761
 0.97455295530180519
 0.96305505014953618
 0.94504975660515944
 0.9173656685987952
 0.87512658211154848
 0.81089261314809991
 0.71334975571565207
 0.56531706192394937
 0.34072043403753494
 5.440092820663267e-15


