# Created by Octave 6.2.0, Mon May 31 20:05:22 2021 -03 <kuroneko@kuroneko-VirtualBox>
# name: xl
# type: matrix
# rows: 1
# columns: 37
 0 0.027777777777777776 0.055555555555555552 0.083333333333333329 0.1111111111111111 0.1388888888888889 0.16666666666666669 0.19444444444444448 0.22222222222222227 0.25000000000000006 0.27777777777777785 0.30555555555555564 0.33333333333333343 0.36111111111111122 0.38888888888888901 0.4166666666666668 0.44444444444444459 0.47222222222222238 0.50000000000000011 0.5277777777777779 0.55555555555555569 0.58333333333333348 0.61111111111111127 0.63888888888888906 0.66666666666666685 0.69444444444444464 0.72222222222222243 0.75000000000000022 0.77777777777777801 0.8055555555555558 0.83333333333333359 0.86111111111111138 0.88888888888888917 0.91666666666666696 0.94444444444444475 0.97222222222222254 1.0000000000000002


# name: h
# type: scalar
0.083333333333333329


# name: u
# type: matrix
# rows: 37
# columns: 1
 -0.0024462604407174786
 1.0213317120399077
 1.0395017448186425
 1.0341288874456964
 0.99829781446388155
 0.99812002138882083
 0.99807290610516164
 0.99811240310396177
 0.99829084290847159
 1.0342600425254069
 1.0396538004658022
 1.0214138311938361
 -0.0063047350035026995
 1.05184177801943
 1.0569438314123742
 1.0283786567502236
 0.99853801738920622
 0.99839413510690822
 0.99919969753601134
 1.0000412291637348
 1.0000452867675202
 1.0000225692159961
 0.99999883730221628
 0.99999872287430902
 0.99999936352874896
 1.0000000327890755
 1.0000000360160406
 1.0000000179490358
 0.99999999907532
 0.99999999898431691
 0.99999999949382201
 1.0000000000260763
 1.0000000000286429
 1.0000000000142863
 0.99999999999928724
 0.99999999999921307
 0.99999999999919509


# name: x
# type: range
# base, limit, increment
0 1 0.027777777777777776


# name: exata
# type: matrix
# rows: 37
# columns: 1
 0
 0.58455725048921892
 0.82740732187884913
 0.92829762325571308
 0.97021176745838522
 0.98762469476861148
 0.99485876916566518
 0.99786411291916066
 0.99911266118127162
 0.99963136147995013
 0.99984685169988263
 0.9999363754089573
 0.9999735670468809
 0.99998901722979971
 0.99999543393836321
 0.99999809500058701
 0.9999991891754928
 0.99999961643647262
 0.99999972821135696
 0.99999961643647262
 0.9999991891754928
 0.99999809500058701
 0.99999543393836321
 0.99998901722979971
 0.9999735670468809
 0.9999363754089573
 0.99984685169988263
 0.99963136147995013
 0.99911266118127162
 0.99786411291916055
 0.99485876916566518
 0.98762469476861137
 0.970211767458385
 0.92829762325571252
 0.82740732187884758
 0.58455725048921481
 -7.1054273576010019e-15


