# Created by Octave 6.2.0, Wed Jun 02 15:14:00 2021 -03 <kuroneko@kuroneko-VirtualBox>
# name: xl
# type: matrix
# rows: 37
# columns: 1
 0
 0.027777777777777776
 0.055555555555555552
 0.083333333333333329
 0.1111111111111111
 0.1388888888888889
 0.16666666666666669
 0.19444444444444448
 0.22222222222222227
 0.25000000000000006
 0.27777777777777785
 0.30555555555555564
 0.33333333333333343
 0.36111111111111122
 0.38888888888888901
 0.4166666666666668
 0.44444444444444459
 0.47222222222222238
 0.50000000000000011
 0.5277777777777779
 0.55555555555555569
 0.58333333333333348
 0.61111111111111127
 0.63888888888888906
 0.66666666666666685
 0.69444444444444464
 0.72222222222222243
 0.75000000000000022
 0.77777777777777801
 0.8055555555555558
 0.83333333333333359
 0.86111111111111138
 0.88888888888888917
 0.91666666666666696
 0.94444444444444475
 0.97222222222222254
 1.0000000000000002


# name: h
# type: scalar
0.083333333333333329


# name: u
# type: matrix
# rows: 37
# columns: 1
 0
 1.0515169771304409
 1.0565870649631555
 1.028200857814829
 0.99854717705289497
 0.99840419622681598
 0.99920471161850799
 1.0000409708533609
 1.0000450030353079
 1.0000224278145793
 0.99999884458681276
 0.99999873087582125
 0.99999936751599472
 1.0000000325828498
 1.0000000357896683
 1.0000000178506181
 0.9999999991092805
 0.99999999901632397
 0.99999999899922665
 0.99999999902710823
 0.99999999911914961
 1.0000000176649533
 1.0000000354168144
 1.0000000322434015
 0.99999937410488271
 0.99999874409690981
 0.99999885662331867
 1.0000221941730352
 1.0000445342166155
 1.0000405440398861
 0.99921299652765005
 0.99842082049742931
 0.99856231182211419
 1.027907075647039
 1.0559975697526576
 1.050980299511669
 0


# name: x
# type: range
# base, limit, increment
0 1 0.027777777777777776


# name: exata
# type: matrix
# rows: 37
# columns: 1
 0
 0.58455725048921892
 0.82740732187884913
 0.92829762325571308
 0.97021176745838522
 0.98762469476861148
 0.99485876916566518
 0.99786411291916066
 0.99911266118127162
 0.99963136147995013
 0.99984685169988263
 0.9999363754089573
 0.9999735670468809
 0.99998901722979971
 0.99999543393836321
 0.99999809500058701
 0.9999991891754928
 0.99999961643647262
 0.99999972821135696
 0.99999961643647262
 0.9999991891754928
 0.99999809500058701
 0.99999543393836321
 0.99998901722979971
 0.9999735670468809
 0.9999363754089573
 0.99984685169988263
 0.99963136147995013
 0.99911266118127162
 0.99786411291916055
 0.99485876916566518
 0.98762469476861137
 0.970211767458385
 0.92829762325571252
 0.82740732187884758
 0.58455725048921481
 -7.1054273576010019e-15


