# Created by Octave 6.2.0, Sat Jun 19 19:45:48 2021 -03 <kuroneko@kuroneko-VirtualBox>
# name: xl
# type: matrix
# rows: 25
# columns: 1
 0
 0.041666666666666664
 0.083333333333333329
 0.125
 0.16666666666666666
 0.20833333333333331
 0.24999999999999997
 0.29166666666666663
 0.33333333333333331
 0.375
 0.41666666666666669
 0.45833333333333337
 0.5
 0.54166666666666663
 0.58333333333333326
 0.62499999999999989
 0.66666666666666652
 0.70833333333333315
 0.74999999999999978
 0.79166666666666641
 0.83333333333333304
 0.87499999999999967
 0.9166666666666663
 0.95833333333333293
 0.99999999999999956


# name: h
# type: scalar
0.125


# name: u
# type: matrix
# rows: 25
# columns: 1
 0
 1.0808949715043552
 1.0241164673296643
 1.0548970504938244
 0.99555910543174619
 0.99867607928386226
 0.99698628706569759
 1.0002437802060831
 1.000072639756759
 1.0001659332687161
 0.99998683214697281
 0.99999673334489392
 0.99998197730448501
 0.9999968071667773
 0.99998704468598509
 1.000163356020654
 1.0000715035099832
 1.0002399707675402
 0.99703337548163562
 0.99869676561370824
 0.99562849442985357
 1.0540392841263071
 1.0237396475238076
 1.0796309875732693
 0


# name: x
# type: range
# base, limit, increment
0 1 0.041666666666666664


# name: exata
# type: matrix
# rows: 25
# columns: 1
 0
 0.73222700520017903
 0.92829762325571308
 0.98080003984402897
 0.99485876916566518
 0.9986233172100808
 0.99963136147995013
 0.99990128838581871
 0.9999735670468809
 0.99999291954689973
 0.99999809500058701
 0.99999945611293817
 0.99999972821135696
 0.99999945611293817
 0.99999809500058701
 0.99999291954689973
 0.9999735670468809
 0.99990128838581871
 0.99963136147995013
 0.9986233172100808
 0.99485876916566529
 0.98080003984402919
 0.92829762325571408
 0.73222700520018313
 1.4321877017664519e-14


