# Created by Octave 6.2.0, Mon May 31 20:05:22 2021 -03 <kuroneko@kuroneko-VirtualBox>
# name: xl
# type: matrix
# rows: 1
# columns: 33
 0 0.041666666666666664 0.083333333333333329 0.125 0.16666666666666666 0.20833333333333331 0.24999999999999997 0.29166666666666663 0.33333333333333331 0.375 0.41666666666666669 0.45833333333333337 0.5 0.54166666666666663 0.58333333333333326 0.62499999999999989 0.66666666666666652 0.70833333333333315 0.74999999999999978 0.79166666666666641 0.83333333333333304 0.87499999999999967 0.9166666666666663 0.95833333333333293 0.99999999999999956 0.78125 0.8125 0.84375 0.875 0.90625 0.9375 0.96875 1


# name: h
# type: scalar
0.125


# name: u
# type: matrix
# rows: 25
# columns: 1
 -0.026194948506078682
 1.2441063976186015
 1.2830681854064767
 0.92271782999788865
 0.90371742088872697
 0.9901983443936675
 2.0309242938431562
 1.1319741870086906
 -0.040492249532120092
 0.16836857039692493
 1.0139285294884932
 1.0787260969388812
 0.99871450311429755
 1.0000215300680591
 1.0001216911107922
 0.99999801293916546
 1.0000000332801704
 1.0000001881044156
 0.99999999692849484
 1.0000000000514431
 1.000000000290763
 0.99999999999525246
 1.0000000000000802
 1.0000000000004494
 0.99999999999998523


# name: x
# type: range
# base, limit, increment
0 1 0.041666666666666664


# name: exata
# type: matrix
# rows: 25
# columns: 1
 0
 0.34072043403753183
 0.56531706192394759
 0.71334975571565107
 0.81089261314809924
 0.87512658211154803
 0.91736566859879498
 0.94504975660515933
 0.96305505014953607
 0.97455295530180519
 0.98156868348664761
 0.98533796701218723
 0.98652471777869544
 0.98533796701218723
 0.98156868348664761
 0.97455295530180519
 0.96305505014953618
 0.94504975660515944
 0.9173656685987952
 0.87512658211154848
 0.81089261314809991
 0.71334975571565207
 0.56531706192394937
 0.34072043403753494
 5.440092820663267e-15


