# Created by Octave 6.2.0, Mon May 31 23:45:48 2021 -03 <kuroneko@kuroneko-VirtualBox>
# name: xl
# type: matrix
# rows: 13
# columns: 1
 0
 0.083333333333333329
 0.16666666666666666
 0.25
 0.33333333333333331
 0.41666666666666663
 0.49999999999999994
 0.58333333333333326
 0.66666666666666663
 0.75
 0.83333333333333337
 0.91666666666666674
 1


# name: h
# type: scalar
0.25


# name: u
# type: matrix
# rows: 13
# columns: 1
 0
 1.0480698072328494
 1.0603699180674104
 1.0251832402867125
 0.99882887250237595
 0.99851143920440111
 0.99872597487100179
 0.9984936822202628
 0.99881457298654974
 1.0254714115573074
 1.0610616280555174
 1.0486205924063274
 -0.011457556881092729


# name: x
# type: range
# base, limit, increment
0 1 0.083333333333333329


# name: exata
# type: matrix
# rows: 13
# columns: 1
 0
 0.56531706192394759
 0.81089261314809924
 0.91736566859879498
 0.96305505014953607
 0.98156868348664761
 0.98652471777869544
 0.98156868348664761
 0.96305505014953607
 0.91736566859879498
 0.81089261314809913
 0.56531706192394804
 0


