# Created by Octave 6.2.0, Sat Jun 19 19:45:49 2021 -03 <kuroneko@kuroneko-VirtualBox>
# name: xl
# type: matrix
# rows: 49
# columns: 1
 0
 0.020833333333333332
 0.041666666666666664
 0.0625
 0.083333333333333329
 0.10416666666666666
 0.12499999999999999
 0.14583333333333331
 0.16666666666666666
 0.1875
 0.20833333333333334
 0.22916666666666669
 0.25
 0.27083333333333331
 0.29166666666666663
 0.31249999999999994
 0.33333333333333326
 0.35416666666666657
 0.37499999999999989
 0.3958333333333332
 0.41666666666666652
 0.43749999999999983
 0.45833333333333315
 0.47916666666666646
 0.49999999999999978
 0.52083333333333315
 0.54166666666666652
 0.56249999999999989
 0.58333333333333326
 0.60416666666666663
 0.625
 0.64583333333333337
 0.66666666666666674
 0.68750000000000011
 0.70833333333333348
 0.72916666666666685
 0.75000000000000022
 0.77083333333333359
 0.79166666666666696
 0.81250000000000033
 0.8333333333333337
 0.85416666666666707
 0.87500000000000044
 0.89583333333333381
 0.91666666666666718
 0.93750000000000056
 0.95833333333333393
 0.9791666666666673
 1.0000000000000007


# name: h
# type: scalar
0.0625


# name: u
# type: matrix
# rows: 49
# columns: 1
 0
 1.1124605086844632
 0.98917759544675454
 1.085257062819039
 0.99041194734642768
 1.0009226864248491
 0.99273123323946977
 1.0008174492073978
 0.99992133446551279
 1.0006197137043318
 0.99993030668157157
 1.0000067067924316
 0.99994716502963488
 1.0000059418476457
 0.99999942819838461
 1.0000045045560915
 0.99999949341530558
 1.0000000487523739
 0.99999961593479214
 1.0000000431924601
 0.99999999581715249
 1.0000000329786938
 0.99999999628778036
 1.0000000006658378
 0.99999999443874077
 1.0000000006655219
 0.99999999631631176
 1.000000032724752
 0.99999999584941424
 1.0000000428550588
 0.99999961893498568
 1.0000000483715314
 0.99999949737299509
 1.0000044693642738
 0.99999943266558144
 1.0000058954269613
 0.99994757780283827
 1.0000066543956161
 0.99993085116062208
 1.0006148721910169
 0.99992194904000098
 1.0008110628854652
 0.99278802047978554
 1.000915477937155
 0.99048685400778347
 1.0845909920157653
 0.98926214548232672
 1.1115819109603657
 0


# name: x
# type: range
# base, limit, increment
0 1 0.020833333333333332


# name: exata
# type: matrix
# rows: 49
# columns: 1
 0
 0.87548552855587702
 0.9844961464009907
 0.99806954586377228
 0.99975963052358052
 0.99997007052169229
 0.99999627334682795
 0.99999953597775004
 0.99999994222251476
 0.99999999280586693
 0.99999999910422632
 0.99999999988846322
 0.99999999998611211
 0.99999999999827072
 0.99999999999978473
 0.99999999999997324
 0.99999999999999667
 0.99999999999999956
 1
 1
 1
 1
 1
 1
 1
 1
 1
 1
 1
 1
 1
 0.99999999999999956
 0.99999999999999667
 0.99999999999997324
 0.99999999999978473
 0.99999999999827072
 0.99999999998611211
 0.99999999988846322
 0.99999999910422632
 0.99999999280586693
 0.99999994222251476
 0.99999953597775004
 0.99999627334682795
 0.99997007052169229
 0.99975963052358052
 0.99806954586377217
 0.98449614640098992
 0.87548552855586936
 -7.0832228971084987e-14


