# Created by Octave 6.2.0, Wed Jun 02 15:13:59 2021 -03 <kuroneko@kuroneko-VirtualBox>
# name: xl
# type: matrix
# rows: 13
# columns: 1
 0
 0.083333333333333329
 0.16666666666666666
 0.25
 0.33333333333333331
 0.41666666666666663
 0.49999999999999994
 0.58333333333333326
 0.66666666666666663
 0.75
 0.83333333333333337
 0.91666666666666674
 1


# name: h
# type: scalar
0.25


# name: u
# type: matrix
# rows: 13
# columns: 1
 0
 1.0480698491579552
 1.0603699518292649
 1.0251825599002877
 0.99882723934135764
 0.99851013877374339
 0.99875302672161215
 0.99855857402441284
 0.99886624374819177
 1.024396522833499
 1.0584831929965848
 1.0465674871726782
 0


# name: x
# type: range
# base, limit, increment
0 1 0.083333333333333329


# name: exata
# type: matrix
# rows: 13
# columns: 1
 0
 0.56531706192394759
 0.81089261314809924
 0.91736566859879498
 0.96305505014953607
 0.98156868348664761
 0.98652471777869544
 0.98156868348664761
 0.96305505014953607
 0.91736566859879498
 0.81089261314809913
 0.56531706192394804
 0


