# Created by Octave 6.2.0, Sat Jun 19 19:45:48 2021 -03 <kuroneko@kuroneko-VirtualBox>
# name: xl
# type: matrix
# rows: 13
# columns: 1
 0
 0.083333333333333329
 0.16666666666666666
 0.25
 0.33333333333333331
 0.41666666666666663
 0.49999999999999994
 0.58333333333333326
 0.66666666666666663
 0.75
 0.83333333333333337
 0.91666666666666674
 1


# name: h
# type: scalar
0.25


# name: u
# type: matrix
# rows: 13
# columns: 1
 0
 1.1247734344153191
 0.97539266769182609
 1.0985050810356951
 0.98759657907975784
 1.0035425265881779
 0.98124296795288146
 1.0035049462639263
 0.98796989355907749
 1.0954834736400831
 0.97615464455480427
 1.1208749694851867
 0


# name: x
# type: range
# base, limit, increment
0 1 0.083333333333333329


# name: exata
# type: matrix
# rows: 13
# columns: 1
 0
 0.92829762325571308
 0.99485876916566518
 0.99963136147995013
 0.9999735670468809
 0.99999809500058701
 0.99999972821135696
 0.99999809500058701
 0.9999735670468809
 0.99963136147995013
 0.99485876916566518
 0.92829762325571297
 0


