# Created by Octave 6.2.0, Mon May 31 20:05:23 2021 -03 <kuroneko@kuroneko-VirtualBox>
# name: xl
# type: matrix
# rows: 1
# columns: 49
 0 0.020833333333333332 0.041666666666666664 0.0625 0.083333333333333329 0.10416666666666666 0.12499999999999999 0.14583333333333331 0.16666666666666666 0.1875 0.20833333333333334 0.22916666666666669 0.25 0.27083333333333331 0.29166666666666663 0.31249999999999994 0.33333333333333326 0.35416666666666657 0.37499999999999989 0.3958333333333332 0.41666666666666652 0.43749999999999983 0.45833333333333315 0.47916666666666646 0.49999999999999978 0.52083333333333315 0.54166666666666652 0.56249999999999989 0.58333333333333326 0.60416666666666663 0.625 0.64583333333333337 0.66666666666666674 0.68750000000000011 0.70833333333333348 0.72916666666666685 0.75000000000000022 0.77083333333333359 0.79166666666666696 0.81250000000000033 0.8333333333333337 0.85416666666666707 0.87500000000000044 0.89583333333333381 0.91666666666666718 0.93750000000000056 0.95833333333333393 0.9791666666666673 1.0000000000000007


# name: h
# type: scalar
0.0625


# name: u
# type: matrix
# rows: 49
# columns: 1
 -0.0039714091667276148
 1.0666541961266076
 1.0974553543927621
 1.0050787446317306
 0.99982499743049191
 0.99961765472400999
 0.99993152277053332
 0.99999930841328011
 1.0000037263361485
 1.0000411964096765
 1.0002267114844263
 1.0001037326403999
 0.99698828268448314
 0.98304980962635113
 0.99224033775571152
 1.2251404473110512
 0.010127060146124505
 0.31293939228651202
 1.2528899046232478
 0.9912839274275852
 0.98096063063215433
 0.99661709017684763
 1.0001165949568791
 1.0002546897621603
 1.0000452532056932
 0.99999844030853935
 0.99999659301347221
 0.99999939464758669
 1.0000000208640021
 1.0000000455752798
 1.0000000080978035
 0.99999999972090237
 0.99999999939033923
 0.99999999989167621
 1.0000000000037337
 1.0000000000081555
 1.0000000000014495
 0.99999999999995015
 0.99999999999989098
 0.99999999999998102
 1.0000000000000009
 1.0000000000000016
 1.0000000000000004
 1.0000000000000002
 1
 1.0000000000000004
 1.0000000000000002
 1
 1


# name: x
# type: range
# base, limit, increment
0 1 0.020833333333333332


# name: exata
# type: matrix
# rows: 49
# columns: 1
 0
 0.48253213162575592
 0.73222700520017903
 0.86143607917265852
 0.92829762325571308
 0.9628963239484043
 0.98080003984402897
 0.99006463754385876
 0.99485876916566518
 0.99733957823425423
 0.9986233172100808
 0.99928761087229157
 0.99963136147995013
 0.99980924133994253
 0.99990128838581871
 0.99994891964669919
 0.9999735670468809
 0.99998632080747152
 0.99999291954689973
 0.99999633240100749
 0.99999809500058701
 0.99999900043614343
 0.99999945611293817
 0.99999966706502663
 0.99999972821135696
 0.99999966706502663
 0.99999945611293817
 0.99999900043614343
 0.99999809500058701
 0.99999633240100749
 0.99999291954689973
 0.99998632080747152
 0.9999735670468809
 0.99994891964669919
 0.99990128838581871
 0.99980924133994253
 0.99963136147995013
 0.99928761087229157
 0.9986233172100808
 0.99733957823425423
 0.99485876916566518
 0.99006463754385865
 0.98080003984402875
 0.96289632394840374
 0.92829762325571197
 0.8614360791726563
 0.7322270052001747
 0.48253213162574526
 -2.1316282072803006e-14


