# Created by Octave 6.2.0, Sat Jul 31 20:13:45 2021 -03 <kuroneko@kuroneko-VirtualBox>
# name: xl
# type: matrix
# rows: 33
# columns: 1
 0
 0.03125
 0.0625
 0.09375
 0.125
 0.15625
 0.1875
 0.21875
 0.25
 0.28125
 0.3125
 0.34375
 0.375
 0.40625
 0.4375
 0.46875
 0.5
 0.53125
 0.5625
 0.59375
 0.625
 0.65625
 0.6875
 0.71875
 0.75
 0.78125
 0.8125
 0.84375
 0.875
 0.90625
 0.9375
 0.96875
 1


# name: h
# type: scalar
0.03125


# name: u
# type: matrix
# rows: 33
# columns: 1
 -6.2831851720257008
 7.0885812027887862
 1.4180955021205199
 3.7068991801783735
 2.6097385980813819
 2.8952398180620822
 2.5612970586131922
 2.4512640613279206
 2.2131712200584062
 1.9976558041255021
 1.7444585745668315
 1.4822110106548454
 1.2024329257079804
 0.91244185151306034
 0.61309161023926051
 0.30807105358587172
 -7.4301675923038601e-14
 -0.30807105358565501
 -0.61309161023941827
 -0.91244185151285784
 -1.2024329257081241
 -1.4822110106546855
 -1.7444585745669374
 -1.997655804125321
 -2.213171220058511
 -2.451264061327775
 -2.561297058613297
 -2.8952398180618939
 -2.6097385980814618
 -3.7068991801782243
 -1.4180955021205834
 -7.0885812027887187
 6.2831851720256768


# name: p
# type: matrix
# rows: 33
# columns: 1
 0.12025514194309095
 0.30370512227445495
 0.3649346746644439
 0.47524535551871799
 0.56134541238230962
 0.65275674500377878
 0.73584535955879338
 0.81517020452297406
 0.88771540668361582
 0.95372858729054799
 1.0121763755495203
 1.0626629738847952
 1.1046319541213327
 1.1377086464368782
 1.1615620785171574
 1.1759678062916306
 1.1807847433565573
 1.1759678062916308
 1.1615620785171579
 1.1377086464368791
 1.1046319541213336
 1.0626629738847968
 1.0121763755495221
 0.95372858729054955
 0.88771540668361715
 0.81517020452297573
 0.73584535955879526
 0.65275674500378023
 0.56134541238231017
 0.47524535551871833
 0.36493467466444374
 0.30370512227445551
 0.12025514194309153


# name: x
# type: range
# base, limit, increment
0 1 0.03125


# name: exata
# type: matrix
# rows: 33
# columns: 1
 0
 0.098017140329560604
 0.19509032201612825
 0.29028467725446233
 0.38268343236508978
 0.47139673682599764
 0.55557023301960218
 0.63439328416364549
 0.70710678118654746
 0.77301045336273699
 0.83146961230254524
 0.88192126434835494
 0.92387953251128674
 0.95694033573220894
 0.98078528040323043
 0.99518472667219682
 1
 0.99518472667219693
 0.98078528040323043
 0.95694033573220894
 0.92387953251128674
 0.88192126434835505
 0.83146961230254546
 0.7730104533627371
 0.70710678118654757
 0.63439328416364549
 0.55557023301960218
 0.47139673682599786
 0.38268343236508989
 0.29028467725446239
 0.19509032201612861
 0.098017140329560826
 1.2246467991473532e-16


