# Created by Octave 6.2.0, Sat Jul 31 20:13:46 2021 -03 <kuroneko@kuroneko-VirtualBox>
# name: xl
# type: matrix
# rows: 65
# columns: 1
 0
 0.015625
 0.03125
 0.046875
 0.0625
 0.078125
 0.09375
 0.109375
 0.125
 0.140625
 0.15625
 0.171875
 0.1875
 0.203125
 0.21875
 0.234375
 0.25
 0.265625
 0.28125
 0.296875
 0.3125
 0.328125
 0.34375
 0.359375
 0.375
 0.390625
 0.40625
 0.421875
 0.4375
 0.453125
 0.46875
 0.484375
 0.5
 0.515625
 0.53125
 0.546875
 0.5625
 0.578125
 0.59375
 0.609375
 0.625
 0.640625
 0.65625
 0.671875
 0.6875
 0.703125
 0.71875
 0.734375
 0.75
 0.765625
 0.78125
 0.796875
 0.8125
 0.828125
 0.84375
 0.859375
 0.875
 0.890625
 0.90625
 0.921875
 0.9375
 0.953125
 0.96875
 0.984375
 1


# name: h
# type: scalar
0.015625


# name: u
# type: matrix
# rows: 65
# columns: 1
 -6.2831852987344758
 7.0985864106931231
 1.4625761641252555
 3.8072064898998743
 2.7876864313383436
 3.171226318766875
 2.9547328996853524
 2.9800474681846478
 2.8935830316211337
 2.8441009692798613
 2.7692978745392081
 2.6955841928048327
 2.6121154530814925
 2.5237242510662723
 2.4286773484807243
 2.3280215146389378
 2.2216555982864521
 2.1099802431597863
 1.9932038079491452
 1.8716331140491556
 1.7455503220771238
 1.6152636785195065
 1.4810851635542182
 1.3433388199014296
 1.2023561565370204
 1.0584769534073466
 0.9120477691340485
 0.76342138923220582
 0.61295585725459301
 0.46101366222217088
 0.30796084435589216
 0.15416612206346469
 -6.852157730108388e-14
 -0.15416612206305347
 -0.3079608443560744
 -0.4610136622218165
 -0.61295585725461632
 -0.76342138923185143
 -0.91204776913414398
 -1.0584769534069922
 -1.2023561565371812
 -1.3433388199011178
 -1.4810851635543698
 -1.6152636785191663
 -1.745550322077301
 -1.8716331140488154
 -1.9932038079492698
 -2.1099802431595314
 -2.2216555982865205
 -2.3280215146386261
 -2.4286773484807789
 -2.5237242510659605
 -2.6121154530815729
 -2.6955841928045494
 -2.7692978745392676
 -2.8441009692795785
 -2.8935830316211759
 -2.9800474681843792
 -2.9547328996854296
 -3.1712263187665779
 -2.787686431338396
 -3.8072064898995772
 -1.4625761641252768
 -7.0985864106929544
 6.2831852987343906


# name: p
# type: matrix
# rows: 65
# columns: 1
 0.060121535251421658
 0.15188656311481091
 0.18290141289810433
 0.23915790455800776
 0.28435499912238876
 0.33358070942269408
 0.38033064811244316
 0.4271755291398443
 0.47287494917517564
 0.51779261541041055
 0.56162122408808757
 0.60433884801583382
 0.64580742251954282
 0.68594181810019128
 0.7246391402582214
 0.76180877205658581
 0.79736007257760777
 0.83120785617608695
 0.86327038705091264
 0.89347050507715642
 0.92173542135415432
 0.94799705758172581
 0.97219214114430486
 0.99426238650171328
 1.0141546234343899
 1.0318209302488826
 1.0472187470765757
 1.0603109793070884
 1.0710660865730153
 1.0794581588928802
 1.0854669790235278
 1.0890780711934491
 1.0902827359641998
 1.0890780711934491
 1.0854669790235281
 1.0794581588928807
 1.0710660865730151
 1.0603109793070875
 1.0472187470765744
 1.0318209302488812
 1.0141546234343888
 0.99426238650171261
 0.97219214114430474
 0.94799705758172603
 0.92173542135415487
 0.89347050507715731
 0.86327038705091363
 0.8312078561760885
 0.79736007257760966
 0.76180877205658759
 0.72463914025822307
 0.68594181810019283
 0.64580742251954415
 0.60433884801583515
 0.56162122408808879
 0.51779261541041177
 0.47287494917517658
 0.42717552913984513
 0.38033064811244427
 0.33358070942269519
 0.2843549991223896
 0.23915790455800831
 0.18290141289810444
 0.15188656311481152
 0.06012153525142297


# name: x
# type: range
# base, limit, increment
0 1 0.015625


# name: exata
# type: matrix
# rows: 65
# columns: 1
 0
 0.049067674327418015
 0.098017140329560604
 0.14673047445536175
 0.19509032201612825
 0.24298017990326387
 0.29028467725446233
 0.33688985339222005
 0.38268343236508978
 0.42755509343028208
 0.47139673682599764
 0.51410274419322166
 0.55557023301960218
 0.59569930449243336
 0.63439328416364549
 0.67155895484701833
 0.70710678118654746
 0.74095112535495911
 0.77301045336273699
 0.80320753148064483
 0.83146961230254524
 0.85772861000027212
 0.88192126434835494
 0.90398929312344334
 0.92387953251128674
 0.94154406518302081
 0.95694033573220894
 0.97003125319454397
 0.98078528040323043
 0.98917650996478101
 0.99518472667219682
 0.99879545620517241
 1
 0.99879545620517241
 0.99518472667219693
 0.98917650996478101
 0.98078528040323043
 0.97003125319454397
 0.95694033573220894
 0.94154406518302081
 0.92387953251128674
 0.90398929312344345
 0.88192126434835505
 0.85772861000027212
 0.83146961230254546
 0.80320753148064494
 0.7730104533627371
 0.74095112535495899
 0.70710678118654757
 0.67155895484701855
 0.63439328416364549
 0.59569930449243347
 0.55557023301960218
 0.51410274419322177
 0.47139673682599786
 0.42755509343028203
 0.38268343236508989
 0.33688985339222033
 0.29028467725446239
 0.24298017990326407
 0.19509032201612861
 0.1467304744553618
 0.098017140329560826
 0.049067674327417966
 1.2246467991473532e-16


