# Created by Octave 6.2.0, Wed Aug 04 01:25:59 2021 -03 <kuroneko@kuroneko-VirtualBox>
# name: xl
# type: matrix
# rows: 17
# columns: 1
 0
 0.0625
 0.125
 0.1875
 0.25
 0.3125
 0.375
 0.4375
 0.5
 0.5625
 0.625
 0.6875
 0.75
 0.8125
 0.875
 0.9375
 1


# name: h
# type: scalar
0.0625


# name: u
# type: matrix
# rows: 17
# columns: 1
 -3.1415915713650935
 -3.0883006850887416
 -2.9062255121778895
 -2.6167107804651408
 -2.2248537823299848
 -1.7482457513240703
 -1.2041403743586707
 -0.61388878588267204
 -3.8302694349567901e-15
 0.61388878588264006
 1.2041403743586605
 1.7482457513240561
 2.224853782329963
 2.6167107804651408
 2.9062255121778509
 3.0883006850887291
 3.1415915713650886


# name: p
# type: matrix
# rows: 17
# columns: 1
 -6.4417041512776496e-05
 0.19543249753743303
 0.38329016262302745
 0.55647236241796283
 0.70824687963070354
 0.83281343869106994
 0.9253714038387223
 0.98236960607943213
 1.0016150604614147
 0.98236960607943191
 0.92537140383872174
 0.83281343869106961
 0.70824687963070321
 0.55647236241796294
 0.38329016262302767
 0.19543249753743294
 -6.441704151281813e-05


# name: x
# type: range
# base, limit, increment
0 1 0.0625


# name: exata
# type: matrix
# rows: 17
# columns: 1
 0
 0.19509032201612825
 0.38268343236508978
 0.55557023301960218
 0.70710678118654746
 0.83146961230254524
 0.92387953251128674
 0.98078528040323043
 1
 0.98078528040323043
 0.92387953251128674
 0.83146961230254546
 0.70710678118654757
 0.55557023301960218
 0.38268343236508989
 0.19509032201612861
 1.2246467991473532e-16


