# Created by Octave 6.2.0, Wed Aug 04 01:26:00 2021 -03 <kuroneko@kuroneko-VirtualBox>
# name: xl
# type: matrix
# rows: 65
# columns: 1
 0
 0.015625
 0.03125
 0.046875
 0.0625
 0.078125
 0.09375
 0.109375
 0.125
 0.140625
 0.15625
 0.171875
 0.1875
 0.203125
 0.21875
 0.234375
 0.25
 0.265625
 0.28125
 0.296875
 0.3125
 0.328125
 0.34375
 0.359375
 0.375
 0.390625
 0.40625
 0.421875
 0.4375
 0.453125
 0.46875
 0.484375
 0.5
 0.515625
 0.53125
 0.546875
 0.5625
 0.578125
 0.59375
 0.609375
 0.625
 0.640625
 0.65625
 0.671875
 0.6875
 0.703125
 0.71875
 0.734375
 0.75
 0.765625
 0.78125
 0.796875
 0.8125
 0.828125
 0.84375
 0.859375
 0.875
 0.890625
 0.90625
 0.921875
 0.9375
 0.953125
 0.96875
 0.984375
 1


# name: h
# type: scalar
0.015625


# name: u
# type: matrix
# rows: 65
# columns: 1
 -3.1415926493671313
 -3.1382560481043638
 -3.1267232312716451
 -3.107925064477941
 -3.0815273553730487
 -3.0477531568913196
 -3.0066168289014339
 -2.9582456282539842
 -2.9027442542104618
 -2.8402513859600522
 -2.7709154852447049
 -2.6949044661493238
 -2.6124010770109436
 -2.5236042307188873
 -2.4287277815231088
 -2.328000322467489
 -2.2216645033235505
 -2.1099765012265128
 -1.9932053803246177
 -1.8716324533303692
 -1.7455505997141003
 -1.6152635618549085
 -1.4810852125771827
 -1.3433387993014136
 -1.2023561651932351
 -1.0584769497695916
 -0.91204777066263332
 -0.7634213885894453
 -0.61295585752436121
 -0.46101366210894945
 -0.30796084440227078
 -0.1541661220466497
 -1.0110662307383222e-13
 0.15416612204672875
 0.30796084440211347
 0.46101366210914219
 0.61295585752424198
 0.76342138858975173
 0.91204777066249165
 1.0584769497696991
 1.2023561651930896
 1.3433387993016916
 1.4810852125769658
 1.6152635618551581
 1.7455505997139267
 1.8716324533301356
 1.9932053803247975
 2.1099765012262792
 2.2216645033237414
 2.3280003224673407
 2.4287277815229058
 2.5236042307189095
 2.6124010770107677
 2.694904466149346
 2.7709154852443731
 2.8402513859600607
 2.9027442542103827
 2.9582456282537226
 3.006616828901751
 3.0477531568910581
 3.0815273553730713
 3.1079250644775196
 3.1267232312719315
 3.1382560481038748
 3.1415926493671162


# name: p
# type: matrix
# rows: 65
# columns: 1
 -1.0060216929820565e-06
 0.049073025079873808
 0.098026806858807408
 0.14674528569273518
 0.19510988417420072
 0.24300459633263449
 0.29031382590253263
 0.3369236906073883
 0.38272186546569592
 0.42759803451913486
 0.47144408048285846
 0.51415437719146162
 0.55562603062271498
 0.59575913242537559
 0.63445699823422352
 0.67162640158828113
 0.70717779810253723
 0.74102554136426479
 0.77308808918875893
 0.80328820009268298
 0.83155311936250553
 0.85781475433247834
 0.88200983842350522
 0.90408008355885694
 0.92397232058484235
 0.94163862736012605
 0.9570364442042949
 0.97012867642788514
 0.98088378369672413
 0.98927585601536427
 0.99528467614653326
 0.99889576831622262
 1.0001004330871028
 0.99889576831622284
 0.99528467614653415
 0.98927585601536672
 0.98088378369672735
 0.97012867642789002
 0.95703644420430156
 0.94163862736013282
 0.92397232058484846
 0.90408008355886371
 0.88200983842351244
 0.85781475433248577
 0.83155311936251397
 0.80328820009268864
 0.77308808918876537
 0.74102554136427201
 0.70717779810254466
 0.67162640158828946
 0.63445699823423019
 0.59575913242538192
 0.55562603062272076
 0.51415437719146684
 0.47144408048286229
 0.42759803451913719
 0.38272186546569859
 0.33692369060738919
 0.29031382590253485
 0.24300459633263816
 0.1951098841742035
 0.14674528569273582
 0.098026806858807894
 0.049073025079873593
 -1.0060216966735472e-06


# name: x
# type: range
# base, limit, increment
0 1 0.015625


# name: exata
# type: matrix
# rows: 65
# columns: 1
 0
 0.049067674327418015
 0.098017140329560604
 0.14673047445536175
 0.19509032201612825
 0.24298017990326387
 0.29028467725446233
 0.33688985339222005
 0.38268343236508978
 0.42755509343028208
 0.47139673682599764
 0.51410274419322166
 0.55557023301960218
 0.59569930449243336
 0.63439328416364549
 0.67155895484701833
 0.70710678118654746
 0.74095112535495911
 0.77301045336273699
 0.80320753148064483
 0.83146961230254524
 0.85772861000027212
 0.88192126434835494
 0.90398929312344334
 0.92387953251128674
 0.94154406518302081
 0.95694033573220894
 0.97003125319454397
 0.98078528040323043
 0.98917650996478101
 0.99518472667219682
 0.99879545620517241
 1
 0.99879545620517241
 0.99518472667219693
 0.98917650996478101
 0.98078528040323043
 0.97003125319454397
 0.95694033573220894
 0.94154406518302081
 0.92387953251128674
 0.90398929312344345
 0.88192126434835505
 0.85772861000027212
 0.83146961230254546
 0.80320753148064494
 0.7730104533627371
 0.74095112535495899
 0.70710678118654757
 0.67155895484701855
 0.63439328416364549
 0.59569930449243347
 0.55557023301960218
 0.51410274419322177
 0.47139673682599786
 0.42755509343028203
 0.38268343236508989
 0.33688985339222033
 0.29028467725446239
 0.24298017990326407
 0.19509032201612861
 0.1467304744553618
 0.098017140329560826
 0.049067674327417966
 1.2246467991473532e-16


