# Created by Octave 6.2.0, Wed Aug 04 01:25:59 2021 -03 <kuroneko@kuroneko-VirtualBox>
# name: xl
# type: matrix
# rows: 49
# columns: 1
 0
 0.020833333333333332
 0.041666666666666664
 0.0625
 0.083333333333333329
 0.10416666666666666
 0.12499999999999999
 0.14583333333333331
 0.16666666666666666
 0.1875
 0.20833333333333334
 0.22916666666666669
 0.25
 0.27083333333333331
 0.29166666666666663
 0.31249999999999994
 0.33333333333333326
 0.35416666666666657
 0.37499999999999989
 0.3958333333333332
 0.41666666666666652
 0.43749999999999983
 0.45833333333333315
 0.47916666666666646
 0.49999999999999978
 0.52083333333333315
 0.54166666666666652
 0.56249999999999989
 0.58333333333333326
 0.60416666666666663
 0.625
 0.64583333333333337
 0.66666666666666674
 0.68750000000000011
 0.70833333333333348
 0.72916666666666685
 0.75000000000000022
 0.77083333333333359
 0.79166666666666696
 0.81250000000000033
 0.8333333333333337
 0.85416666666666707
 0.87500000000000044
 0.89583333333333381
 0.91666666666666718
 0.93750000000000056
 0.95833333333333393
 0.9791666666666673
 1.0000000000000007


# name: h
# type: scalar
0.020833333333333332


# name: u
# type: matrix
# rows: 49
# columns: 1
 -3.1415926402435268
 -3.1356614507787111
 -3.1151728329812993
 -3.0818194162424377
 -3.0350696419762286
 -2.9754070784122555
 -2.902968132990885
 -2.8181130369642267
 -2.7211841273100514
 -2.6126053035312671
 -2.4928378043044468
 -2.3623960524626955
 -2.2218379640889254
 -2.071765705950209
 -1.9128217947488573
 -1.7456869013509984
 -1.5710767025920678
 -1.3897389147372987
 -1.2024500504255415
 -1.0100121108427846
 -0.81324914415326588
 -0.61300371985507707
 -0.41013331948557108
 -0.20550666529045525
 -2.5043855877981969e-13
 0.20550666529050166
 0.41013331948527132
 0.61300371985495294
 0.81324914415294614
 1.0100121108426889
 1.2024500504252777
 1.3897389147372317
 1.5710767025919279
 1.7456869013509455
 1.9128217947487318
 2.071765705950197
 2.2218379640888291
 2.3623960524627119
 2.4928378043043669
 2.6126053035312236
 2.7211841273100323
 2.8181130369641867
 2.9029681329908845
 2.9754070784122373
 3.0350696419762695
 3.0818194162423982
 3.1151728329812776
 3.1356614507786711
 3.1415926402435175


# name: p
# type: matrix
# rows: 49
# columns: 1
 -2.3847058417125755e-06
 0.065415811973539448
 0.13054908249096034
 0.19512534113288885
 0.25886519457378904
 0.321496904067331
 0.38275176463362343
 0.44236768634052587
 0.50008929524583134
 0.55566945613035734
 0.60887015042457837
 0.65946357122210442
 0.70723306694016252
 0.75197408243577413
 0.79349502931959681
 0.83161810872949726
 0.86618007169976829
 0.89703291863544266
 0.92404453289398003
 0.94709924660267564
 0.96609833593529537
 0.98096044387566261
 0.99162192859542475
 0.9980371359804352
 1.0001785951276989
 0.99803713598043498
 0.99162192859542586
 0.9809604438756635
 0.96609833593529604
 0.94709924660267619
 0.92404453289398025
 0.89703291863544288
 0.86618007169976852
 0.83161810872949748
 0.7934950293195967
 0.75197408243577391
 0.70723306694016241
 0.65946357122210442
 0.60887015042457859
 0.55566945613035712
 0.5000892952458309
 0.44236768634052515
 0.3827517646336227
 0.32149690406733045
 0.25886519457378898
 0.19512534113288907
 0.13054908249096023
 0.06541581197353899
 -2.3847058422989124e-06


# name: x
# type: range
# base, limit, increment
0 1 0.020833333333333332


# name: exata
# type: matrix
# rows: 49
# columns: 1
 0
 0.065403129230143062
 0.13052619222005157
 0.19509032201612825
 0.25881904510252074
 0.32143946530316153
 0.38268343236508973
 0.44228869021900119
 0.49999999999999994
 0.55557023301960218
 0.60876142900872066
 0.65934581510006895
 0.70710678118654746
 0.75183980747897727
 0.79335334029123505
 0.83146961230254512
 0.86602540378443849
 0.89687274153268814
 0.92387953251128652
 0.94693012949510558
 0.9659258262890682
 0.98078528040323032
 0.99144486137381038
 0.99785892323860348
 1
 0.99785892323860359
 0.99144486137381049
 0.98078528040323054
 0.96592582628906842
 0.94693012949510569
 0.92387953251128674
 0.89687274153268837
 0.86602540378443849
 0.83146961230254512
 0.79335334029123483
 0.75183980747897716
 0.70710678118654691
 0.65934581510006829
 0.6087614290087201
 0.5555702330196014
 0.49999999999999917
 0.44228869021900014
 0.38268343236508862
 0.32143946530316009
 0.2588190451025193
 0.19509032201612686
 0.1305261922200498
 0.065403129230141341
 -2.0979813693355779e-15


