# Created by Octave 6.2.0, Sat Jul 31 20:13:45 2021 -03 <kuroneko@kuroneko-VirtualBox>
# name: xl
# type: matrix
# rows: 17
# columns: 1
 0
 0.0625
 0.125
 0.1875
 0.25
 0.3125
 0.375
 0.4375
 0.5
 0.5625
 0.625
 0.6875
 0.75
 0.8125
 0.875
 0.9375
 1


# name: h
# type: scalar
0.0625


# name: u
# type: matrix
# rows: 17
# columns: 1
 -6.2831831427301879
 7.0486122384861361
 1.2421278767604924
 3.3158726062364465
 1.9312983055877555
 1.8710392604310258
 1.1538740256014421
 0.63184105329593621
 6.106226635438361e-16
 -0.63184105329593621
 -1.1538740256014339
 -1.8710392604310186
 -1.9312983055877591
 -3.3158726062364181
 -1.2421278767605068
 -7.0486122384861112
 6.2831831427301843


# name: p
# type: matrix
# rows: 17
# columns: 1
 0.24060729883135926
 0.60686868718211406
 0.72296966733083368
 0.92630611117720951
 1.0654054299827918
 1.1953083005317606
 1.2855997919184841
 1.3436078092011927
 1.3622922552265107
 1.3436078092011932
 1.2855997919184847
 1.1953083005317613
 1.0654054299827926
 0.92630611117721007
 0.72296966733083423
 0.60686868718211473
 0.24060729883135948


# name: x
# type: range
# base, limit, increment
0 1 0.0625


# name: exata
# type: matrix
# rows: 17
# columns: 1
 0
 0.19509032201612825
 0.38268343236508978
 0.55557023301960218
 0.70710678118654746
 0.83146961230254524
 0.92387953251128674
 0.98078528040323043
 1
 0.98078528040323043
 0.92387953251128674
 0.83146961230254546
 0.70710678118654757
 0.55557023301960218
 0.38268343236508989
 0.19509032201612861
 1.2246467991473532e-16


