# Created by Octave 6.2.0, Wed Aug 04 01:25:59 2021 -03 <kuroneko@kuroneko-VirtualBox>
# name: xl
# type: matrix
# rows: 33
# columns: 1
 0
 0.03125
 0.0625
 0.09375
 0.125
 0.15625
 0.1875
 0.21875
 0.25
 0.28125
 0.3125
 0.34375
 0.375
 0.40625
 0.4375
 0.46875
 0.5
 0.53125
 0.5625
 0.59375
 0.625
 0.65625
 0.6875
 0.71875
 0.75
 0.78125
 0.8125
 0.84375
 0.875
 0.90625
 0.9375
 0.96875
 1


# name: h
# type: scalar
0.03125


# name: u
# type: matrix
# rows: 33
# columns: 1
 -3.1415925860127984
 -3.1282509200818205
 -3.0822425356612162
 -3.0076177689710288
 -2.9035795159208204
 -2.7717666593186276
 -2.6131809852548895
 -2.4294622254740634
 -2.2223324338070203
 -1.993806241482952
 -1.7460761362168444
 -1.4815314006772571
 -1.2027182719949256
 -0.91232249188698411
 -0.61314047090493362
 -0.30805360334800191
 5.8619775700208265e-14
 0.30805360334814758
 0.61314047090495372
 0.91232249188711556
 1.2027182719949576
 1.4815314006774027
 1.7460761362167851
 1.9938062414831474
 2.2223324338070296
 2.4294622254741594
 2.6131809852550294
 2.7717666593186987
 2.9035795159208808
 3.0076177689710786
 3.0822425356613214
 3.1282509200818165
 3.141592586012838


# name: p
# type: matrix
# rows: 33
# columns: 1
 -8.0489757950862194e-06
 0.098059939553510472
 0.19516735521171918
 0.29040201071703142
 0.38283707528949329
 0.47158641167508447
 0.55579360798168609
 0.63464842027730384
 0.70739113215833704
 0.773321318216734
 0.83180398149121226
 0.88227592433160307
 0.92425106493830433
 0.95732516371227128
 0.98117969733880472
 0.99558493432534145
 1.0004021440502324
 0.99558493432534256
 0.98117969733880628
 0.95732516371227294
 0.92425106493830567
 0.88227592433160429
 0.8318039814912126
 0.77332131821673422
 0.70739113215833793
 0.63464842027730384
 0.55579360798168742
 0.4715864116750868
 0.38283707528949512
 0.29040201071703242
 0.19516735521172016
 0.098059939553510569
 -8.0489757969190428e-06


# name: x
# type: range
# base, limit, increment
0 1 0.03125


# name: exata
# type: matrix
# rows: 33
# columns: 1
 0
 0.098017140329560604
 0.19509032201612825
 0.29028467725446233
 0.38268343236508978
 0.47139673682599764
 0.55557023301960218
 0.63439328416364549
 0.70710678118654746
 0.77301045336273699
 0.83146961230254524
 0.88192126434835494
 0.92387953251128674
 0.95694033573220894
 0.98078528040323043
 0.99518472667219682
 1
 0.99518472667219693
 0.98078528040323043
 0.95694033573220894
 0.92387953251128674
 0.88192126434835505
 0.83146961230254546
 0.7730104533627371
 0.70710678118654757
 0.63439328416364549
 0.55557023301960218
 0.47139673682599786
 0.38268343236508989
 0.29028467725446239
 0.19509032201612861
 0.098017140329560826
 1.2246467991473532e-16


