# Created by Octave 6.2.0, Sat Jul 31 20:13:46 2021 -03 <kuroneko@kuroneko-VirtualBox>
# name: xl
# type: matrix
# rows: 49
# columns: 1
 0
 0.020833333333333332
 0.041666666666666664
 0.0625
 0.083333333333333329
 0.10416666666666666
 0.12499999999999999
 0.14583333333333331
 0.16666666666666666
 0.1875
 0.20833333333333334
 0.22916666666666669
 0.25
 0.27083333333333331
 0.29166666666666663
 0.31249999999999994
 0.33333333333333326
 0.35416666666666657
 0.37499999999999989
 0.3958333333333332
 0.41666666666666652
 0.43749999999999983
 0.45833333333333315
 0.47916666666666646
 0.49999999999999978
 0.52083333333333315
 0.54166666666666652
 0.56249999999999989
 0.58333333333333326
 0.60416666666666663
 0.625
 0.64583333333333337
 0.66666666666666674
 0.68750000000000011
 0.70833333333333348
 0.72916666666666685
 0.75000000000000022
 0.77083333333333359
 0.79166666666666696
 0.81250000000000033
 0.8333333333333337
 0.85416666666666707
 0.87500000000000044
 0.89583333333333381
 0.91666666666666718
 0.93750000000000056
 0.95833333333333393
 0.9791666666666673
 1.0000000000000007


# name: h
# type: scalar
0.020833333333333332


# name: u
# type: matrix
# rows: 49
# columns: 1
 -6.2831852804870207
 7.0959918018658552
 1.4510257706676593
 3.7811008396333983
 2.7412287187948907
 3.0988802399290045
 2.8510842039251383
 2.8399148768314566
 2.7120229047473625
 2.6164548868394766
 2.4912201936038953
 2.363075779115714
 2.2215523401606232
 2.0718857262961552
 1.9127713617081461
 1.7457080935185072
 1.5710677975631366
 1.3897426566503608
 1.2024484780973603
 1.0100127714479374
 0.81324886678629904
 0.61300383587668716
 0.4101332719911811
 0.20550668225263091
 2.9046209881755658e-14
 -0.20550668225283364
 -0.41013327199110661
 -0.61300383587697516
 -0.81324886678620545
 -1.010012771448126
 -1.2024484780973399
 -1.3897426566505211
 -1.571067797563056
 -1.7457080935187244
 -1.9127713617080733
 -2.0718857262963688
 -2.2215523401605424
 -2.3630757791159311
 -2.4912201936038469
 -2.6164548868396338
 -2.712022904747303
 -2.8399148768316351
 -2.8510842039250726
 -3.0988802399292048
 -2.7412287187947868
 -3.7811008396336518
 -1.4510257706675551
 -7.0959918018660524
 6.2831852804870776


# name: p
# type: matrix
# rows: 49
# columns: 1
 0.080164133456265108
 0.20250365898609768
 0.24371835357879387
 0.31834529595949956
 0.37786181085654885
 0.44226818453409628
 0.50277732392902341
 0.56270660073174306
 0.62029653654012551
 0.67593202700021815
 0.72910947157977479
 0.77971266200279465
 0.82747805248413542
 0.87222079301706146
 0.91374101503311933
 0.9518643990354464
 0.98642623401468765
 1.0172791347328163
 1.0442907263915084
 1.0673454495973163
 1.0863445349378682
 1.1012066445589128
 1.1118681285648468
 1.1182833362678983
 1.1204247952384716
 1.1182833362678979
 1.1118681285648457
 1.1012066445589122
 1.0863445349378678
 1.0673454495973151
 1.0442907263915076
 1.0172791347328154
 0.98642623401468621
 0.95186439903544484
 0.91374101503311767
 0.8722207930170599
 0.82747805248413375
 0.77971266200279299
 0.72910947157977346
 0.67593202700021648
 0.62029653654012362
 0.56270660073174128
 0.50277732392902164
 0.44226818453409467
 0.37786181085654702
 0.31834529595949801
 0.24371835357879265
 0.20250365898609624
 0.080164133456263914


# name: x
# type: range
# base, limit, increment
0 1 0.020833333333333332


# name: exata
# type: matrix
# rows: 49
# columns: 1
 0
 0.065403129230143062
 0.13052619222005157
 0.19509032201612825
 0.25881904510252074
 0.32143946530316153
 0.38268343236508973
 0.44228869021900119
 0.49999999999999994
 0.55557023301960218
 0.60876142900872066
 0.65934581510006895
 0.70710678118654746
 0.75183980747897727
 0.79335334029123505
 0.83146961230254512
 0.86602540378443849
 0.89687274153268814
 0.92387953251128652
 0.94693012949510558
 0.9659258262890682
 0.98078528040323032
 0.99144486137381038
 0.99785892323860348
 1
 0.99785892323860359
 0.99144486137381049
 0.98078528040323054
 0.96592582628906842
 0.94693012949510569
 0.92387953251128674
 0.89687274153268837
 0.86602540378443849
 0.83146961230254512
 0.79335334029123483
 0.75183980747897716
 0.70710678118654691
 0.65934581510006829
 0.6087614290087201
 0.5555702330196014
 0.49999999999999917
 0.44228869021900014
 0.38268343236508862
 0.32143946530316009
 0.2588190451025193
 0.19509032201612686
 0.1305261922200498
 0.065403129230141341
 -2.0979813693355779e-15


