# Created by Octave 6.2.0, Mon Jun 21 14:00:19 2021 -03 <kuroneko@kuroneko-VirtualBox>
# name: xlSU
# type: matrix
# rows: 11
# columns: 1
 0
 0.10000000000000001
 0.20000000000000001
 0.30000000000000004
 0.40000000000000002
 0.5
 0.59999999999999998
 0.69999999999999996
 0.79999999999999993
 0.89999999999999991
 0.99999999999999989


# name: hSU
# type: scalar
0.10000000000000001


# name: uSU
# type: matrix
# rows: 11
# columns: 1
 0
 0.25705280941570324
 0.30490602903134506
 0.23615628467792091
 0.10598771195915183
 -0.053014253894443364
 -0.22188672202302698
 -0.3898530505408348
 -0.55103282048591395
 -0.70241791530151687
 1


# name: x
# type: range
# base, limit, increment
0 1 0.10000000000000001


# name: exata
# type: matrix
# rows: 11
# columns: 1
 1.0000000000065512e-05
 0.37259277099537869
 0.48614923012432243
 0.45329707734355251
 0.34132427622177541
 0.19012180274705592
 0.023051187242409732
 -0.14647233091184608
 -0.31099446351826865
 -0.46653832887609958
 1.0000064171738696


