# Created by Octave 6.3.0, Sat Sep 25 14:18:42 2021 -03 <kuroneko@kuroneko-VirtualBox>
# name: beta
# type: scalar
40


# name: Lambda
# type: matrix
# rows: 5
# columns: 1
 1
 0.70710678118654757
 6.123233995736766e-17
 -0.70710678118654746
 -1


# name: nen
# type: scalar
2


# name: nel
# type: scalar
4


# name: h
# type: scalar
0.25


# name: xl
# type: matrix
# rows: 5
# columns: 1
 0
 0.25
 0.5
 0.75
 1


# name: U
# type: matrix
# rows: 4
# columns: 2
 1.134809773632405 1.2083359768751976
 2.7396731462169477 2.9171811032754285
 2.7396731462169615 2.9171811032754236
 1.1348097736324387 1.2083359768751887


# name: P
# type: matrix
# rows: 4
# columns: 2
 1.0283782422330625 0.68179213075526679
 0.72008687071650379 -0.0055839246525196881
 -0.010021623578981398 -0.68968899273012951
 -0.73425958669889746 -0.96978360268586827


# name: x
# type: range
# base, limit, increment
0 1 0.25


# name: exata
# type: matrix
# rows: 5
# columns: 1
 1
 0.70710678118654757
 6.123233995736766e-17
 -0.70710678118654746
 -1


