# Created by Octave 6.3.0, Sat Sep 25 14:18:42 2021 -03 <kuroneko@kuroneko-VirtualBox>
# name: beta
# type: scalar
640


# name: Lambda
# type: matrix
# rows: 65
# columns: 1
 1
 0.99879545620517241
 0.99518472667219693
 0.98917650996478101
 0.98078528040323043
 0.97003125319454397
 0.95694033573220882
 0.94154406518302081
 0.92387953251128674
 0.90398929312344334
 0.88192126434835505
 0.85772861000027212
 0.83146961230254524
 0.80320753148064494
 0.77301045336273699
 0.74095112535495911
 0.70710678118654757
 0.67155895484701833
 0.63439328416364549
 0.59569930449243347
 0.55557023301960229
 0.51410274419322166
 0.47139673682599781
 0.4275550934302822
 0.38268343236508984
 0.33688985339222005
 0.29028467725446233
 0.24298017990326398
 0.19509032201612833
 0.14673047445536175
 0.09801714032956077
 0.049067674327418126
 6.123233995736766e-17
 -0.049067674327418008
 -0.098017140329560645
 -0.14673047445536164
 -0.19509032201612819
 -0.24298017990326387
 -0.29028467725446216
 -0.33688985339221994
 -0.38268343236508973
 -0.42755509343028186
 -0.4713967368259977
 -0.51410274419322166
 -0.55557023301960196
 -0.59569930449243336
 -0.63439328416364538
 -0.67155895484701844
 -0.70710678118654746
 -0.74095112535495888
 -0.77301045336273699
 -0.80320753148064483
 -0.83146961230254535
 -0.85772861000027201
 -0.88192126434835494
 -0.90398929312344334
 -0.92387953251128674
 -0.9415440651830207
 -0.95694033573220882
 -0.97003125319454397
 -0.98078528040323043
 -0.98917650996478101
 -0.99518472667219682
 -0.99879545620517241
 -1


# name: nen
# type: scalar
2


# name: nel
# type: scalar
64


# name: h
# type: scalar
0.015625


# name: xl
# type: matrix
# rows: 65
# columns: 1
 0
 0.015625
 0.03125
 0.046875
 0.0625
 0.078125
 0.09375
 0.109375
 0.125
 0.140625
 0.15625
 0.171875
 0.1875
 0.203125
 0.21875
 0.234375
 0.25
 0.265625
 0.28125
 0.296875
 0.3125
 0.328125
 0.34375
 0.359375
 0.375
 0.390625
 0.40625
 0.421875
 0.4375
 0.453125
 0.46875
 0.484375
 0.5
 0.515625
 0.53125
 0.546875
 0.5625
 0.578125
 0.59375
 0.609375
 0.625
 0.640625
 0.65625
 0.671875
 0.6875
 0.703125
 0.71875
 0.734375
 0.75
 0.765625
 0.78125
 0.796875
 0.8125
 0.828125
 0.84375
 0.859375
 0.875
 0.890625
 0.90625
 0.921875
 0.9375
 0.953125
 0.96875
 0.984375
 1


# name: U
# type: matrix
# rows: 64
# columns: 2
 0.077081514457461253 0.077100091280328797
 0.23105884725305259 0.23111453296769469
 0.38447953904693577 0.38457219950220178
 0.53697398595517143 0.53710339792331752
 0.68817481549740478 0.68834066721433373
 0.83771777163229899 0.83791966354630176
 0.98524259227980338 0.9854800380160782
 1.1303938772260835 1.1306663047558914
 1.2728219443107491 1.2731286973331635
 1.4121836718455825 1.4125240113656901
 1.5481433252222132 1.5485164313323594
 1.6803733657269504 1.6807783395819342
 1.8085552396105982 1.8089911055924972
 1.9323801455112175 1.9328458535808863
 2.0515497783848105 2.052044206610617
 2.1657770481476177 2.1662990054089164
 2.2747867713022174 2.2753350001575541
 2.3783163338762847 2.3788895135953112
 2.4761163240867177 2.4767130738284209
 2.56795113318978 2.5685700153325968
 2.6535995230874789 2.6542390466892414
 2.732855159305899 2.7335137836987258
 2.8055271080756938 2.8062032465758193
 2.8714402963070143 2.8721323200375082
 2.9304359333561933 2.9311421751710895
 2.9823718935659258 2.9830906520670055
 3.0271230586591713 3.0278526022941463
 3.0645816191594122 3.0653201903938907
 3.0946573341135348 3.0954031536645772
 3.1172777484896912 3.1180290196127984
 3.1323883677285735 3.1331432805456743
 3.1399527890247114 3.1407095248847909
 3.1399527890247345 3.1407095248847816
 3.1323883677286055 3.1331432805456636
 3.1172777484897907 3.1180290196127558
 3.0946573341135775 3.095403153664563
 3.0645816191595117 3.0653201903938765
 3.0271230586592424 3.0278526022941605
 2.9823718935660253 2.9830906520669913
 2.9304359333562218 2.931142175171118
 2.8714402963072132 2.8721323200374229
 2.8055271080759212 2.8062032465758193
 2.7328551593059274 2.7335137836987542
 2.6535995230874221 2.6542390466892982
 2.5679511331901494 2.5685700153323978
 2.4761163240865756 2.4767130738285061
 2.3783163338764268 2.3788895135953396
 2.27478677130199 2.2753350001576678
 2.1657770481477314 2.1662990054088027
 2.051549778384981 2.0520442066105602
 1.9323801455117859 1.932845853580659
 1.8085552396107687 1.8089911055924404
 1.680373365727462 1.6807783395817637
 1.5481433252225543 1.5485164313322457
 1.4121836718456393 1.4125240113657469
 1.2728219443109765 1.2731286973331635
 1.1303938772259698 1.130666304756005
 0.98524259227986022 0.98548003801613504
 0.83771777163252636 0.83791966354652914
 0.68817481549734794 0.68834066721450426
 0.53697398595494406 0.53710339792354489
 0.38447953904744736 0.38457219950203125
 0.23105884725322312 0.23111453296786522
 0.077081514457688627 0.077100091280328797


# name: P
# type: matrix
# rows: 64
# columns: 2
 1.0001204398668258 0.99867506471548917
 0.99891562527266675 0.99506470261958513
 0.99530433544255048 0.98905714249769594
 0.98929527028998976 0.98066685708835588
 0.98090290617926834 0.96991405932401853
 0.97014746105061411 0.95682465363633129
 0.95705484571340693 0.94143017355009317
 0.94165660142477314 0.92376770571622735
 0.92398982390392936 0.90387980056679695
 0.90409707396535077 0.88181436980728112
 0.88202627498603881 0.85762457099308331
 0.85783059745390811 0.83136867946832238
 0.83156833087542492 0.80310994797542612
 0.80330274335107921 0.77291645427373323
 0.77310192915699061 0.74086093713420964
 0.74103864469983116 0.70702062110537589
 0.70719013324027091 0.67147703047260598
 0.67163793880719413 0.6343157928589872
 0.6344677097509962 0.59562643294086881
 0.59576899240919956 0.55550215677508219
 0.55563501538148896 0.5140396272573815
 0.51416246493384454 0.47133873125306469
 0.47145125207286176 0.42750233896076228
 0.42760427185138256 0.38263605608912055
 0.38272715548530278 0.33684796944340001
 0.33692801587871923 0.29024838653489282
 0.29031718717047517 0.24294956984046717
 0.24300695892955521 0.19506546635242672
 0.1951113056396781 0.14671143307022608
 0.1467456121247829 0.098003959095355808
 0.098026395576881892 0.049060384998891517
 0.049071024855937673 -1.3798622172545014e-06
 -2.5622619986009898e-06 -0.049063141399117119
 -0.049076143207221312 -0.098006705530962843
 -0.098031495424895351 -0.14671416292481076
 -0.14675068118354578 -0.19506817304952995
 -0.19511633169738363 -0.24295224685941882
 -0.24301192987799025 -0.29025102742651976
 -0.29032209103418943 -0.33685056784556294
 -0.33693284084387576 -0.38263860574204095
 -0.38273188992813756 -0.42750483372210285
 -0.42760890436620819 -0.47134116511272744
 -0.4714557714995446 -0.51404199435198494
 -0.51416686038468962 -0.55550445140208737
 -0.55563927626746978 -0.59562864957231942
 -0.5957731084654696 -0.63431792615482319
 -0.63447167106161451 -0.67147907529353168
 -0.67164173582901743 -0.70702257252523726
 -0.70719375682593966 -0.74086279045186643
 -0.74104208611981082 -0.7729182050243808
 -0.77310518012059881 -0.8031115919413524
 -0.80330579602646035 -0.8313702126890693
 -0.83157117790841606 -0.85762598977498816
 -0.85783323198575767 -0.88181567073237443
 -0.88202869066992895 -0.90388098050103582
 -0.90409926498168702 -0.92376876181704703
 -0.92399178497436174 -0.94143110327325297
 -0.94165832782491132 -0.95682545474204772
 -0.95705633328420192 -0.96991472988235805
 -0.97014870620837712 -0.9806673954838846
 -0.98090390592430554 -0.9890575474333716
 -0.98929602221382651 -0.9950649731198824
 -0.99530483773373801 -0.998675200128749
 -0.99891587672114124 -0.99987953110688876


# name: x
# type: range
# base, limit, increment
0 1 0.015625


