# Created by Octave 6.3.0, Sat Sep 25 14:18:42 2021 -03 <kuroneko@kuroneko-VirtualBox>
# name: beta
# type: scalar
160


# name: Lambda
# type: matrix
# rows: 17
# columns: 1
 1
 0.98078528040323043
 0.92387953251128674
 0.83146961230254524
 0.70710678118654757
 0.55557023301960229
 0.38268343236508984
 0.19509032201612833
 6.123233995736766e-17
 -0.19509032201612819
 -0.38268343236508973
 -0.55557023301960196
 -0.70710678118654746
 -0.83146961230254535
 -0.92387953251128674
 -0.98078528040323043
 -1


# name: nen
# type: scalar
2


# name: nel
# type: scalar
16


# name: h
# type: scalar
0.0625


# name: xl
# type: matrix
# rows: 17
# columns: 1
 0
 0.0625
 0.125
 0.1875
 0.25
 0.3125
 0.375
 0.4375
 0.5
 0.5625
 0.625
 0.6875
 0.75
 0.8125
 0.875
 0.9375
 1


# name: U
# type: matrix
# rows: 16
# columns: 2
 0.30684224802261895 0.30802877907397885
 0.90873496855540736 0.91224896398672684
 1.4757055138711479 1.4814119328085411
 1.9859655238739577 1.9936450718379177
 2.4199059925366839 2.429263548805551
 2.760850831005051 2.7715267899393368
 2.9956977203409068 3.0072818108258517
 3.1154216262906829 3.1274686782254122
 3.1154216262906882 3.1274686782254162
 2.9956977203409139 3.0072818108258588
 2.7608508310051079 2.7715267899393083
 2.4199059925366981 2.4292635488055652
 1.985965523874107 1.993645071837868
 1.4757055138712047 1.4814119328085411
 0.90873496855554947 0.91224896398669841
 0.30684224802271842 0.30802877907396464


# name: P
# type: matrix
# rows: 16
# columns: 2
 1.0019177660375054 0.97887987406417709
 0.98263429164679028 0.92206712538680213
 0.92558873249574913 0.82981985418201354
 0.83297331743103731 0.70568307134934549
 0.7083472049142695 0.55442728383634765
 0.55649970655833481 0.38186516673192239
 0.38326623656799458 0.19462818542244176
 0.19530406004452786 -8.8247904079341566e-05
 -0.00016354197867138876 -0.19480128991313661
 -0.19562485917534569 -0.38202822759665406
 -0.38356842274159619 -0.55457403473753042
 -0.55677166692953706 -0.70580787273214507
 -0.70857848819852376 -0.82991790999927906
 -0.83315503554143577 -0.92213466740846572
 -0.92571390210721671 -0.97891430668822532
 -0.9826981025613547 -0.9980748181434238


# name: x
# type: range
# base, limit, increment
0 1 0.0625


# name: exata
# type: matrix
# rows: 17
# columns: 1
 1
 0.98078528040323043
 0.92387953251128674
 0.83146961230254524
 0.70710678118654757
 0.55557023301960229
 0.38268343236508984
 0.19509032201612833
 6.123233995736766e-17
 -0.19509032201612819
 -0.38268343236508973
 -0.55557023301960196
 -0.70710678118654746
 -0.83146961230254535
 -0.92387953251128674
 -0.98078528040323043
 -1


