# Created by Octave 6.3.0, Fri Sep 24 17:53:15 2021 -03 <kuroneko@kuroneko-VirtualBox>
# name: beta
# type: scalar
160


# name: Lambda
# type: matrix
# rows: 17
# columns: 17
 1 0 0 0 0 0 0 0 0 0 0 0 0 0 0 0 0
 0.98078528040323043 0 0 0 0 0 0 0 0 0 0 0 0 0 0 0 0
 0.92387953251128674 0 0 0 0 0 0 0 0 0 0 0 0 0 0 0 0
 0.83146961230254524 0 0 0 0 0 0 0 0 0 0 0 0 0 0 0 0
 0.70710678118654757 0 0 0 0 0 0 0 0 0 0 0 0 0 0 0 0
 0.55557023301960229 0 0 0 0 0 0 0 0 0 0 0 0 0 0 0 0
 0.38268343236508984 0 0 0 0 0 0 0 0 0 0 0 0 0 0 0 0
 0.19509032201612833 0 0 0 0 0 0 0 0 0 0 0 0 0 0 0 0
 6.123233995736766e-17 0 0 0 0 0 0 0 0 0 0 0 0 0 0 0 0
 -0.19509032201612819 0 0 0 0 0 0 0 0 0 0 0 0 0 0 0 0
 -0.38268343236508973 0 0 0 0 0 0 0 0 0 0 0 0 0 0 0 0
 -0.55557023301960196 0 0 0 0 0 0 0 0 0 0 0 0 0 0 0 0
 -0.70710678118654746 0 0 0 0 0 0 0 0 0 0 0 0 0 0 0 0
 -0.83146961230254535 0 0 0 0 0 0 0 0 0 0 0 0 0 0 0 0
 -0.92387953251128674 0 0 0 0 0 0 0 0 0 0 0 0 0 0 0 0
 -0.98078528040323043 0 0 0 0 0 0 0 0 0 0 0 0 0 0 0 0
 -1 0 0 0 0 0 0 0 0 0 0 0 0 0 0 0 0


# name: nen
# type: scalar
2


# name: nel
# type: scalar
16


# name: h
# type: scalar
0.0625


# name: xl
# type: matrix
# rows: 17
# columns: 1
 0
 0.0625
 0.125
 0.1875
 0.25
 0.3125
 0.375
 0.4375
 0.5
 0.5625
 0.625
 0.6875
 0.75
 0.8125
 0.875
 0.9375
 1


# name: U
# type: matrix
# rows: 16
# columns: 2
 -190.46341569778411 189.84854467068749
 -183.76007100378044 181.93908707123822
 -169.99492983493636 167.0378123882567
 -149.6969788467907 145.71736825107885
 -123.64625691259594 118.79708737125371
 -92.843878666869756 87.311501045925354
 -58.473562231422811 52.470582700256053
 -21.856139591773751 15.613249287257648
 15.60120223532288 -21.844092539838989
 52.458998609771022 -58.461978140937823
 87.30082508699104 -92.83320270793547
 118.78772981498474 -123.63689935632704
 145.70968870311495 -149.68929929882697
 167.03210596931936 -169.98922341599908
 181.93557307580696 -183.75655700834918
 189.8473581396361 -190.46222916673273


# name: P
# type: matrix
# rows: 16
# columns: 2
 -0.18655340220443292 2.1673510423061151
 -0.16016459610192016 2.0648660131355125
 -0.12762075439254977 1.8830293410703125
 -0.090172518662417642 1.6288289074428004
 -0.049259003609420482 1.3120334923600376
 -0.0064524926724802258 0.94481736596273735
 0.036601983939263595 0.54129243805117278
 0.078249866834850759 0.11696594530559776
 0.11689065123100548 -0.31185548312281347
 0.15103939345338491 -0.72869248022538469
 0.17938377648921849 -1.1175262339683452
 0.20083454159415251 -1.4634140812558347
 0.21456734789493162 -1.7530637460927343
 0.22005445134686355 -1.9753441542967649
 0.21708498564149359 -2.1217131944369356
 0.20577306568058304 -2.1865459863853616


# name: x
# type: range
# base, limit, increment
0 1 0.0625


# name: exata
# type: matrix
# rows: 17
# columns: 1
 1
 0.98078528040323043
 0.92387953251128674
 0.83146961230254524
 0.70710678118654757
 0.55557023301960229
 0.38268343236508984
 0.19509032201612833
 6.123233995736766e-17
 -0.19509032201612819
 -0.38268343236508973
 -0.55557023301960196
 -0.70710678118654746
 -0.83146961230254535
 -0.92387953251128674
 -0.98078528040323043
 -1


