# Created by Octave 6.2.0, Tue Jun 01 00:44:08 2021 -03 <kuroneko@kuroneko-VirtualBox>
# name: uu
# type: matrix
# rows: 16
# columns: 2
 -0.086085292049211767 0.4504378841886203
 0.54956211581137981 1.0860852920492119
 1.0860852920492112 0.54956211581137993
 0.4504378841886198 -0.086085292049211809
 -0.086085292049211892 0.45043788418862035
 0.54956211581137948 1.0860852920492121
 1.086085292049211 0.54956211581138015
 0.45043788418861996 -0.086085292049211781
 -0.086085292049211837 0.45043788418862019
 0.5495621158113797 1.0860852920492117
 1.0860852920492117 0.54956211581137993
 0.45043788418862019 -0.086085292049211809
 -0.086085292049211865 0.45043788418862002
 0.54956211581137948 1.0860852920492117
 1.086085292049211 0.54956211581138048
 0.45043788418862019 -0.086085292049211726


# name: x
# type: range
# base, limit, increment
-2 2 0.25


# name: h
# type: scalar
0.25


# name: exata
# type: matrix
# rows: 17
# columns: 1
 5.9990391306474304e-32
 0.50000000000000022
 1
 0.49999999999999989
 1.4997597826618576e-32
 0.50000000000000011
 1
 0.49999999999999989
 0
 0.49999999999999989
 1
 0.50000000000000011
 1.4997597826618576e-32
 0.49999999999999989
 1
 0.50000000000000022
 5.9990391306474304e-32


# name: xl
# type: matrix
# rows: 17
# columns: 1
 -2
 -1.75
 -1.5
 -1.25
 -1
 -0.75
 -0.5
 -0.25
 0
 0.25
 0.5
 0.75
 1
 1.25
 1.5
 1.75
 2


