# Created by Octave 6.2.0, Tue Jun 01 00:44:08 2021 -03 <kuroneko@kuroneko-VirtualBox>
# name: uu
# type: matrix
# rows: 64
# columns: 2
 -0.0063569350819066128 0.031866967626590706
 0.032507415438769567 0.14135988087743323
 0.14254327412806214 0.3054525011839111
 0.3069986789780661 0.49916321460767221
 0.50083678539232934 0.6930013210219339
 0.69454749881608846 0.85745672587193944
 0.85864011912256666 0.96749258456123033
 0.96813303237340864 1.0063569350819073
 1.0063569350819057 0.96813303237340964
 0.967492584561229 0.85864011912256732
 0.85745672587193833 0.69454749881608902
 0.69300132102193313 0.50083678539232945
 0.49916321460767049 0.30699867897806676
 0.30545250118391182 0.14254327412806128
 0.14135988087743317 0.032507415438769921
 0.031866967626590366 -0.0063569350819065572
 -0.0063569350819066605 0.031866967626590664
 0.032507415438769602 0.14135988087743384
 0.14254327412806142 0.30545250118391182
 0.30699867897806682 0.49916321460767116
 0.50083678539232934 0.69300132102193324
 0.69454749881608824 0.85745672587193866
 0.85864011912256621 0.96749258456123055
 0.96813303237340864 1.0063569350819073
 1.0063569350819064 0.96813303237340942
 0.96749258456123 0.85864011912256655
 0.85745672587193789 0.69454749881608857
 0.69300132102193313 0.50083678539232945
 0.49916321460767038 0.30699867897806654
 0.30545250118391154 0.14254327412806117
 0.14135988087743351 0.032507415438769657
 0.031866967626590602 -0.0063569350819066353
 -0.0063569350819066431 0.031866967626590623
 0.032507415438769609 0.14135988087743356
 0.142543274128061 0.30545250118391176
 0.30699867897806626 0.49916321460767082
 0.50083678539232912 0.69300132102193357
 0.69454749881608802 0.85745672587193855
 0.85864011912256588 0.96749258456123077
 0.96813303237340864 1.006356935081907
 1.0063569350819064 0.96813303237340953
 0.96749258456123 0.85864011912256677
 0.85745672587193811 0.69454749881608868
 0.6930013210219329 0.50083678539232979
 0.49916321460767077 0.3069986789780671
 0.3054525011839116 0.14254327412806156
 0.14135988087743376 0.032507415438769657
 0.03186696762659065 -0.0063569350819066561
 -0.0063569350819065616 0.03186696762659038
 0.032507415438769866 0.14135988087743326
 0.14254327412806109 0.30545250118391204
 0.30699867897806654 0.49916321460767082
 0.50083678539232912 0.69300132102193357
 0.69454749881608846 0.85745672587193889
 0.85864011912256655 0.96749258456122988
 0.96813303237340886 1.0063569350819066
 1.0063569350819064 0.96813303237340953
 0.96749258456122955 0.85864011912256744
 0.85745672587193866 0.69454749881608902
 0.69300132102193335 0.5008367853923299
 0.49916321460767182 0.30699867897806643
 0.30545250118391087 0.14254327412806234
 0.14135988087743312 0.03250741543876963
 0.031866967626590685 -0.0063569350819066024


# name: x
# type: range
# base, limit, increment
-2 2 0.0625


# name: h
# type: scalar
0.0625


# name: exata
# type: matrix
# rows: 65
# columns: 1
 5.9990391306474304e-32
 0.038060233744356797
 0.14644660940672671
 0.30865828381745508
 0.50000000000000022
 0.69134171618254525
 0.85355339059327351
 0.96193976625564337
 1
 0.96193976625564315
 0.85355339059327329
 0.69134171618254492
 0.49999999999999989
 0.3086582838174548
 0.14644660940672616
 0.038060233744356659
 1.4997597826618576e-32
 0.038060233744356756
 0.14644660940672632
 0.30865828381745508
 0.50000000000000011
 0.69134171618254525
 0.85355339059327373
 0.96193976625564337
 1
 0.96193976625564337
 0.85355339059327373
 0.69134171618254492
 0.49999999999999989
 0.30865828381745508
 0.14644660940672624
 0.038060233744356617
 0
 0.038060233744356617
 0.14644660940672624
 0.30865828381745508
 0.49999999999999989
 0.69134171618254492
 0.85355339059327373
 0.96193976625564337
 1
 0.96193976625564337
 0.85355339059327373
 0.69134171618254525
 0.50000000000000011
 0.30865828381745508
 0.14644660940672632
 0.038060233744356756
 1.4997597826618576e-32
 0.038060233744356659
 0.14644660940672616
 0.3086582838174548
 0.49999999999999989
 0.69134171618254492
 0.85355339059327329
 0.96193976625564315
 1
 0.96193976625564337
 0.85355339059327351
 0.69134171618254525
 0.50000000000000022
 0.30865828381745508
 0.14644660940672671
 0.038060233744356797
 5.9990391306474304e-32


# name: xl
# type: matrix
# rows: 65
# columns: 1
 -2
 -1.9375
 -1.875
 -1.8125
 -1.75
 -1.6875
 -1.625
 -1.5625
 -1.5
 -1.4375
 -1.375
 -1.3125
 -1.25
 -1.1875
 -1.125
 -1.0625
 -1
 -0.9375
 -0.875
 -0.8125
 -0.75
 -0.6875
 -0.625
 -0.5625
 -0.5
 -0.4375
 -0.375
 -0.3125
 -0.25
 -0.1875
 -0.125
 -0.0625
 0
 0.0625
 0.125
 0.1875
 0.25
 0.3125
 0.375
 0.4375
 0.5
 0.5625
 0.625
 0.6875
 0.75
 0.8125
 0.875
 0.9375
 1
 1.0625
 1.125
 1.1875
 1.25
 1.3125
 1.375
 1.4375
 1.5
 1.5625
 1.625
 1.6875
 1.75
 1.8125
 1.875
 1.9375
 2


