# Created by Octave 6.3.0, Fri Sep 24 17:53:14 2021 -03 <kuroneko@kuroneko-VirtualBox>
# name: beta
# type: scalar
40


# name: Lambda
# type: matrix
# rows: 5
# columns: 5
 1 0 0 0 0
 0.70710678118654757 0 0 0 0
 6.123233995736766e-17 0 0 0 0
 -0.70710678118654746 0 0 0 0
 -1 0 0 0 0


# name: nen
# type: scalar
2


# name: nel
# type: scalar
4


# name: h
# type: scalar
0.25


# name: xl
# type: matrix
# rows: 5
# columns: 1
 0
 0.25
 0.5
 0.75
 1


# name: U
# type: matrix
# rows: 4
# columns: 2
 -42.178898725352326 39.835752974844709
 -19.887743851752575 14.230889602260191
 14.053381645201718 -19.710235894694094
 39.762226771601931 -42.105372522109576


# name: P
# type: matrix
# rows: 4
# columns: 2
 0.0041141735211343896 1.706056199467195
 0.29582280200457517 0.41868014405940895
 0.414242445132947 -1.1139530614420579
 0.29000448201303081 -1.9940476713977964


# name: x
# type: range
# base, limit, increment
0 1 0.25


# name: exata
# type: matrix
# rows: 5
# columns: 1
 1
 0.70710678118654757
 6.123233995736766e-17
 -0.70710678118654746
 -1


