# Created by Octave 6.2.0, Sat Jul 31 16:36:19 2021 -03 <kuroneko@kuroneko-VirtualBox>
# name: xl
# type: matrix
# rows: 25
# columns: 1
 0
 0.041666666666666664
 0.083333333333333329
 0.125
 0.16666666666666666
 0.20833333333333331
 0.24999999999999997
 0.29166666666666663
 0.33333333333333331
 0.375
 0.41666666666666669
 0.45833333333333337
 0.5
 0.54166666666666663
 0.58333333333333326
 0.62499999999999989
 0.66666666666666652
 0.70833333333333315
 0.74999999999999978
 0.79166666666666641
 0.83333333333333304
 0.87499999999999967
 0.9166666666666663
 0.95833333333333293
 0.99999999999999956


# name: h
# type: scalar
0.125


# name: u
# type: matrix
# rows: 25
# columns: 1
 5.6669432427411595
 -0.86663729700033731
 -1.0011469326563844
 1.8854140927984648
 -0.62433753788437463
 -0.58264872577609306
 1.0917781218570313
 0.014287493623529551
 0
 0
 0
 0
 0
 0
 0
 0
 0
 0
 0
 0
 0
 0
 0
 0
 0


# name: p
# type: matrix
# rows: 25
# columns: 1
 -0.0035467025307448011
 0.031920322780941146
 -0.031920322780940702
 0.00049378312307364614
 0.027476274671372126
 -0.027476274671366353
 -0.0012239010684638436
 0.038491384287764656
 0
 0
 0
 0
 0
 0
 0
 0
 0
 0
 0
 0
 0
 0
 0
 0
 0


# name: x
# type: range
# base, limit, increment
0 1 0.041666666666666664


# name: exata
# type: matrix
# rows: 25
# columns: 1
 0
 0.13052619222005157
 0.25881904510252074
 0.38268343236508978
 0.49999999999999994
 0.60876142900872054
 0.70710678118654746
 0.79335334029123505
 0.8660254037844386
 0.92387953251128674
 0.96592582628906831
 0.99144486137381038
 1
 0.99144486137381049
 0.96592582628906842
 0.92387953251128696
 0.86602540378443893
 0.79335334029123572
 0.70710678118654824
 0.60876142900872121
 0.50000000000000078
 0.38268343236509067
 0.25881904510252185
 0.13052619222005288
 1.4547323094649232e-15


