# Created by Octave 6.2.0, Sat Jul 31 16:36:19 2021 -03 <kuroneko@kuroneko-VirtualBox>
# name: xl
# type: matrix
# rows: 13
# columns: 1
 0
 0.083333333333333329
 0.16666666666666666
 0.25
 0.33333333333333331
 0.41666666666666663
 0.49999999999999994
 0.58333333333333326
 0.66666666666666663
 0.75
 0.83333333333333337
 0.91666666666666674
 1


# name: h
# type: scalar
0.083333333333333329


# name: u
# type: matrix
# rows: 13
# columns: 1
 -26.966955033452496
 -22.794323848695001
 -19.179539263684806
 -15.993173879874822
 -13.143351556627509
 -10.571191056785997
 -8.2459590119022153
 -6.159952383559256
 -4.3232067116718067
 -2.7581871554250008
 -1.4946622197785613
 -0.5649836577760875
 0


# name: p
# type: matrix
# rows: 13
# columns: 1
 0.89844186310649476
 0.87854233853305352
 0.80281439546640687
 0.65689172674266239
 0.44087310904705856
 0.16872119947926034
 -0.13296537189757643
 -0.42673260841367472
 -0.66648198486643817
 -0.7999488947103226
 -0.77125659222473042
 -0.5233363036881894
 0


# name: x
# type: range
# base, limit, increment
0 1 0.083333333333333329


# name: exata
# type: matrix
# rows: 13
# columns: 1
 0
 0.25881904510252074
 0.49999999999999994
 0.70710678118654746
 0.8660254037844386
 0.9659258262890682
 1
 0.96592582628906842
 0.86602540378443871
 0.70710678118654757
 0.49999999999999994
 0.25881904510252057
 1.2246467991473532e-16


