# Created by Octave 6.2.0, Thu Jul 29 03:32:51 2021 -03 <kuroneko@kuroneko-VirtualBox>
# name: xl
# type: matrix
# rows: 49
# columns: 1
 0
 0.020833333333333332
 0.041666666666666664
 0.0625
 0.083333333333333329
 0.10416666666666666
 0.12499999999999999
 0.14583333333333331
 0.16666666666666666
 0.1875
 0.20833333333333334
 0.22916666666666669
 0.25
 0.27083333333333331
 0.29166666666666663
 0.31249999999999994
 0.33333333333333326
 0.35416666666666657
 0.37499999999999989
 0.3958333333333332
 0.41666666666666652
 0.43749999999999983
 0.45833333333333315
 0.47916666666666646
 0.49999999999999978
 0.52083333333333315
 0.54166666666666652
 0.56249999999999989
 0.58333333333333326
 0.60416666666666663
 0.625
 0.64583333333333337
 0.66666666666666674
 0.68750000000000011
 0.70833333333333348
 0.72916666666666685
 0.75000000000000022
 0.77083333333333359
 0.79166666666666696
 0.81250000000000033
 0.8333333333333337
 0.85416666666666707
 0.87500000000000044
 0.89583333333333381
 0.91666666666666718
 0.93750000000000056
 0.95833333333333393
 0.9791666666666673
 1.0000000000000007


# name: h
# type: scalar
0.083333333333333329


# name: u
# type: matrix
# rows: 49
# columns: 1
 -4.1367046582083926
 -4.052243653180021
 -3.9672802430579357
 -3.8820780586737635
 -3.7955730837292778
 -3.7084149505528772
 -3.6193210049786826
 -3.5287242587897261
 -3.4357305938769973
 -3.3411595301888255
 -3.2438976777797635
 -3.1445460715481932
 -3.04237684217847
 -2.9383734525324106
 -2.8315835399959211
 -2.7227656555351993
 -2.6113454267711078
 -2.4984552975378675
 -2.3832868077354346
 -2.266736801724397
 -2.1483631455206602
 -2.0294240400799195
 -1.909229826416168
 -1.7887887666260585
 -1.6677624093580767
 -1.5475045781643075
 -1.4274128239457224
 -1.3085739128705023
 -1.1907189598039707
 -1.0752622167342236
 -0.96165232034869841
 -0.8510176427095506
 -0.74312132951577059
 -0.63940002856995171
 -0.53931509575405823
 -0.44399797510418093
 -0.3532052864673858
 -0.26835763923691713
 -0.18889096415009421
 -0.11590208865516338
 -0.049104016219118307
 0.010135034219758587
 0.062440010622756059
 0.10678310350460776
 0.14352814484649135
 0.17139121695067772
 0.19108860742813372
 0.20169040499648905
 0.20366446759251156


# name: p
# type: matrix
# rows: 49
# columns: 1
 0.10671527982318757
 0.18704121398494541
 0.25938732001273973
 0.32319244437322725
 0.37928557737656488
 0.42684369081575291
 0.46703850629705906
 0.49938883660028571
 0.52480197856933497
 0.5425312033768086
 0.55382212628501315
 0.5582646736420267
 0.55683415639764289
 0.54884845876725108
 0.53561406651520072
 0.51677772661691657
 0.49336726290253435
 0.46474852886541451
 0.43227117418141092
 0.39562008439439278
 0.35585601724614241
 0.31237240094151303
 0.26654093589132594
 0.21806291623351365
 0.16800977717873244
 0.1157798301362194
 0.062743807407792396
 0.0085961749449872116
 -0.045604313284933862
 -0.10047784798559722
 -0.15467796569474879
 -0.20854013519417708
 -0.26104110093232225
 -0.31284199071779484
 -0.36264255560194925
 -0.41082955307492997
 -0.45643590033885117
 -0.50018357300140703
 -0.54083758784246649
 -0.57885409455749626
 -0.61333926414644901
 -0.64509190908210678
 -0.67295713091169818
 -0.69747405241903726
 -0.71783438465177696
 -0.73492471822088445
 -0.74767978075070385
 -0.75672976604276276
 -0.76135854533578518


# name: x
# type: range
# base, limit, increment
0 1 0.020833333333333332


# name: exata
# type: matrix
# rows: 49
# columns: 1
 0
 0.065403129230143062
 0.13052619222005157
 0.19509032201612825
 0.25881904510252074
 0.32143946530316153
 0.38268343236508973
 0.44228869021900119
 0.49999999999999994
 0.55557023301960218
 0.60876142900872066
 0.65934581510006895
 0.70710678118654746
 0.75183980747897727
 0.79335334029123505
 0.83146961230254512
 0.86602540378443849
 0.89687274153268814
 0.92387953251128652
 0.94693012949510558
 0.9659258262890682
 0.98078528040323032
 0.99144486137381038
 0.99785892323860348
 1
 0.99785892323860359
 0.99144486137381049
 0.98078528040323054
 0.96592582628906842
 0.94693012949510569
 0.92387953251128674
 0.89687274153268837
 0.86602540378443849
 0.83146961230254512
 0.79335334029123483
 0.75183980747897716
 0.70710678118654691
 0.65934581510006829
 0.6087614290087201
 0.5555702330196014
 0.49999999999999917
 0.44228869021900014
 0.38268343236508862
 0.32143946530316009
 0.2588190451025193
 0.19509032201612686
 0.1305261922200498
 0.065403129230141341
 -2.0979813693355779e-15


