# Created by Octave 6.2.0, Thu Jul 29 03:32:51 2021 -03 <kuroneko@kuroneko-VirtualBox>
# name: xl
# type: matrix
# rows: 65
# columns: 1
 0
 0.015625
 0.03125
 0.046875
 0.0625
 0.078125
 0.09375
 0.109375
 0.125
 0.140625
 0.15625
 0.171875
 0.1875
 0.203125
 0.21875
 0.234375
 0.25
 0.265625
 0.28125
 0.296875
 0.3125
 0.328125
 0.34375
 0.359375
 0.375
 0.390625
 0.40625
 0.421875
 0.4375
 0.453125
 0.46875
 0.484375
 0.5
 0.515625
 0.53125
 0.546875
 0.5625
 0.578125
 0.59375
 0.609375
 0.625
 0.640625
 0.65625
 0.671875
 0.6875
 0.703125
 0.71875
 0.734375
 0.75
 0.765625
 0.78125
 0.796875
 0.8125
 0.828125
 0.84375
 0.859375
 0.875
 0.890625
 0.90625
 0.921875
 0.9375
 0.953125
 0.96875
 0.984375
 1


# name: h
# type: scalar
0.0625


# name: u
# type: matrix
# rows: 65
# columns: 1
 -4.1357574519557012
 -4.0721281024267046
 -4.008291510858232
 -3.944450200119213
 -3.880045552792061
 -3.8154773568594837
 -3.7500422558027999
 -3.6839961732104274
 -3.6168341482262334
 -3.5490097885787186
 -3.4798736129888286
 -3.4097353664846559
 -3.3381437609980358
 -3.2656058331228275
 -3.1915251765629864
 -3.1162641477889617
 -3.0394235121123492
 -2.9615617074634222
 -2.8821329691104589
 -2.8015494297714332
 -2.7194606753529662
 -2.6364729198689698
 -2.5520870290508166
 -2.4667605233230456
 -2.3801870510679968
 -2.2930154834213718
 -2.2047878475039102
 -2.11600124461952
 -2.0263872522606974
 -1.9366309507766255
 -1.8463087806346388
 -1.7559503916538106
 -1.6653179878717792
 -1.5751253008629413
 -1.4849753885428916
 -1.3954224340789303
 -1.3062510500864524
 -1.2181952155735964
 -1.1308760362162968
 -1.0448635136829769
 -0.95995582732887286
 -0.87689825327626014
 -0.79532090772092889
 -0.7158005086919017
 -0.63813965440187737
 -0.56308574378064957
 -0.49026872516455544
 -0.42026287293587128
 -0.35286608192921687
 -0.28881880879118338
 -0.22774184832287592
 -0.17019814699296543
 -0.11597213228553982
 -0.065788693559568401
 -0.019251007366129613
 0.023097591478280055
 0.061494227966025328
 0.095237449291980081
 0.12474933101828989
 0.14951352986624378
 0.1697958335120302
 0.18492505108371171
 0.19535503380351305
 0.20060263590533411
 0.20096818299785491


# name: p
# type: matrix
# rows: 65
# columns: 1
 0.10228865028699369
 0.16360525362197645
 0.2204106969487524
 0.27236678536586695
 0.31991621273872328
 0.36256267526453262
 0.40093283320131323
 0.43471418678297874
 0.46437482219360232
 0.48944346151567708
 0.51057135119541597
 0.52747006737331148
 0.54063120112587382
 0.54960634971229749
 0.55506893788445077
 0.55675195983015446
 0.55516761028464068
 0.54988722418348179
 0.54160303943572252
 0.53006588504472907
 0.51580476671407494
 0.49840676394066369
 0.47857874505502029
 0.45608501309141292
 0.43146685620978031
 0.40432241284720866
 0.37536835160626958
 0.34437748801447021
 0.31189831138913438
 0.27753482984682293
 0.24200822891982707
 0.20509447341390513
 0.16734382320615704
 0.12836067064492065
 0.088865192545274752
 0.048630951882150823
 0.0082044153988956592
 -0.032815203814664962
 -0.07371428608380004
 -0.1147271889171852
 -0.15531671481314085
 -0.19589425094782373
 -0.23575808618419525
 -0.27515576619268711
 -0.31356453448851052
 -0.3514114425416196
 -0.38801163043070885
 -0.42363064034010195
 -0.45776481969973548
 -0.49086139103536652
 -0.52225668409188453
 -0.55223839635788274
 -0.58032594866006537
 -0.60699050564250245
 -0.63159314907459763
 -0.65444707611525754
 -0.67509789956147881
 -0.69404361176319473
 -0.71067269111421438
 -0.72532623118233497
 -0.73757817995687747
 -0.74795524219723353
 -0.75587491369271365
 -0.76170753706047611
 -0.76505647669678756


# name: x
# type: range
# base, limit, increment
0 1 0.015625


# name: exata
# type: matrix
# rows: 65
# columns: 1
 0
 0.049067674327418015
 0.098017140329560604
 0.14673047445536175
 0.19509032201612825
 0.24298017990326387
 0.29028467725446233
 0.33688985339222005
 0.38268343236508978
 0.42755509343028208
 0.47139673682599764
 0.51410274419322166
 0.55557023301960218
 0.59569930449243336
 0.63439328416364549
 0.67155895484701833
 0.70710678118654746
 0.74095112535495911
 0.77301045336273699
 0.80320753148064483
 0.83146961230254524
 0.85772861000027212
 0.88192126434835494
 0.90398929312344334
 0.92387953251128674
 0.94154406518302081
 0.95694033573220894
 0.97003125319454397
 0.98078528040323043
 0.98917650996478101
 0.99518472667219682
 0.99879545620517241
 1
 0.99879545620517241
 0.99518472667219693
 0.98917650996478101
 0.98078528040323043
 0.97003125319454397
 0.95694033573220894
 0.94154406518302081
 0.92387953251128674
 0.90398929312344345
 0.88192126434835505
 0.85772861000027212
 0.83146961230254546
 0.80320753148064494
 0.7730104533627371
 0.74095112535495899
 0.70710678118654757
 0.67155895484701855
 0.63439328416364549
 0.59569930449243347
 0.55557023301960218
 0.51410274419322177
 0.47139673682599786
 0.42755509343028203
 0.38268343236508989
 0.33688985339222033
 0.29028467725446239
 0.24298017990326407
 0.19509032201612861
 0.1467304744553618
 0.098017140329560826
 0.049067674327417966
 1.2246467991473532e-16


