# Created by Octave 6.2.0, Thu Jul 29 03:32:49 2021 -03 <kuroneko@kuroneko-VirtualBox>
# name: xl
# type: matrix
# rows: 17
# columns: 1
 0
 0.0625
 0.125
 0.1875
 0.25
 0.3125
 0.375
 0.4375
 0.5
 0.5625
 0.625
 0.6875
 0.75
 0.8125
 0.875
 0.9375
 1


# name: h
# type: scalar
0.125


# name: u
# type: matrix
# rows: 17
# columns: 1
 -4.1443209239329875
 -3.8982288829813867
 -3.6371435432014101
 -3.364595452232328
 -3.0648542489405703
 -2.7482246350740045
 -2.4053853386679274
 -2.052666478566616
 -1.6859913534077784
 -1.3262193092129795
 -0.97270513977246864
 -0.64879145024232443
 -0.35505244630367544
 -0.11500509657786147
 0.071852941793261862
 0.18407076942119868
 0.22527522689557938


# name: p
# type: matrix
# rows: 17
# columns: 1
 0.14103767065430586
 0.34830954420372762
 0.48922442085299656
 0.5571327922428716
 0.57010317209633854
 0.52428347314819423
 0.44025220410373322
 0.31604448845493793
 0.17360217795682178
 0.0116067915791734
 -0.1480273141094329
 -0.3073461728815069
 -0.44587872006865004
 -0.56768924392618625
 -0.65496884150752155
 -0.71480488328881386
 -0.73288155951150336


# name: x
# type: range
# base, limit, increment
0 1 0.0625


# name: exata
# type: matrix
# rows: 17
# columns: 1
 0
 0.19509032201612825
 0.38268343236508978
 0.55557023301960218
 0.70710678118654746
 0.83146961230254524
 0.92387953251128674
 0.98078528040323043
 1
 0.98078528040323043
 0.92387953251128674
 0.83146961230254546
 0.70710678118654757
 0.55557023301960218
 0.38268343236508989
 0.19509032201612861
 1.2246467991473532e-16


