# Created by Octave 6.2.0, Thu Jul 29 03:32:48 2021 -03 <kuroneko@kuroneko-VirtualBox>
# name: xl
# type: matrix
# rows: 5
# columns: 1
 0
 0.25
 0.5
 0.75
 1


# name: h
# type: scalar
0.25


# name: u
# type: matrix
# rows: 5
# columns: 1
 -4.2195377675416115
 -3.1732002046131265
 -1.7657235819002195
 -0.36248025574155496
 0.31424404664721428


# name: p
# type: matrix
# rows: 5
# columns: 1
 0.28126689140768601
 0.61090721699809436
 0.16634618885898303
 -0.43303082583469438
 -0.62548947143008549


# name: x
# type: range
# base, limit, increment
0 1 0.25


# name: exata
# type: matrix
# rows: 5
# columns: 1
 0
 0.70710678118654746
 1
 0.70710678118654757
 1.2246467991473532e-16


