# Created by Octave 6.2.0, Thu Jul 29 03:32:49 2021 -03 <kuroneko@kuroneko-VirtualBox>
# name: xl
# type: matrix
# rows: 37
# columns: 1
 0
 0.027777777777777776
 0.055555555555555552
 0.083333333333333329
 0.1111111111111111
 0.1388888888888889
 0.16666666666666669
 0.19444444444444448
 0.22222222222222227
 0.25000000000000006
 0.27777777777777785
 0.30555555555555564
 0.33333333333333343
 0.36111111111111122
 0.38888888888888901
 0.4166666666666668
 0.44444444444444459
 0.47222222222222238
 0.50000000000000011
 0.5277777777777779
 0.55555555555555569
 0.58333333333333348
 0.61111111111111127
 0.63888888888888906
 0.66666666666666685
 0.69444444444444464
 0.72222222222222243
 0.75000000000000022
 0.77777777777777801
 0.8055555555555558
 0.83333333333333359
 0.86111111111111138
 0.88888888888888917
 0.91666666666666696
 0.94444444444444475
 0.97222222222222254
 1.0000000000000002


# name: h
# type: scalar
0.083333333333333329


# name: u
# type: matrix
# rows: 37
# columns: 1
 0.79158439389413471
 -0.11259481524675563
 -0.12578317413565637
 0.45489394926957222
 -0.15345092428208307
 -0.14017549878957042
 0.40037340522538689
 -0.12714535763205553
 -0.12279645842022198
 0.28653575208165472
 -0.1033294743997063
 -0.10190307687686015
 0.18169408881769519
 -0.054498924615685222
 -0.060081000995016232
 0.054927017447083504
 -0.011767588059119091
 -0.022519292529505467
 -0.07161103009217365
 0.036647016565304114
 0.019755703787912249
 -0.20501677596776946
 0.073810242238004822
 0.055532715362623275
 -0.30243591192424191
 0.11467189695356961
 0.092313733508574053
 -0.3951044146411552
 0.14445277501825515
 0.12206541866116538
 -0.45210768060444373
 0.15543712615601635
 0.13853941296611083
 -0.43409855576213374
 0.089575312402530471
 0.13609676261194181
 0.17487962695266646


# name: p
# type: matrix
# rows: 37
# columns: 1
 263841018324.09241
 24038319757.0378
 -24038319756.607727
 -168848737298.6691
 -18774216483.700882
 18774216483.7075
 169087159408.08102
 5862372991.2143946
 -5862372991.2145929
 63564445566.282646
 5490913426.2331839
 -5490913426.2331877
 -35271996105.864662
 -3775971947.7612634
 3775971947.7612634
 32695498953.870064
 1256255942.6370001
 -1256255942.6370001
 10082891986.416147
 300759815.40223265
 -300759815.40223265
 4669215309.1669989
 392208644.54746717
 -392208644.54746717
 -2390540292.7155781
 -636143368.38118017
 636143368.38118017
 9060040338.0978832
 1328890258.3360851
 -1328890258.3360851
 -14859984312.013931
 -968796400.4904381
 968796400.4904381
 2578350896.7408743
 176729518.99622536
 -165204677.21080971
 -499056869.19611222


# name: x
# type: range
# base, limit, increment
0 1 0.027777777777777776


# name: exata
# type: matrix
# rows: 37
# columns: 1
 0
 0.087155742747658166
 0.17364817766693033
 0.25881904510252074
 0.34202014332566871
 0.42261826174069944
 0.5
 0.57357643635104616
 0.64278760968653936
 0.70710678118654768
 0.76604444311897812
 0.81915204428899191
 0.86602540378443882
 0.90630778703665005
 0.93969262078590854
 0.96592582628906831
 0.98480775301220813
 0.99619469809174555
 1
 0.99619469809174555
 0.98480775301220802
 0.9659258262890682
 0.93969262078590821
 0.90630778703664983
 0.86602540378443826
 0.81915204428899147
 0.76604444311897779
 0.70710678118654691
 0.64278760968653881
 0.5735764363510456
 0.49999999999999956
 0.42261826174069866
 0.34202014332566805
 0.25881904510252013
 0.17364817766692939
 0.087155742747657305
 -7.6571373978538989e-16


