# Created by Octave 6.2.0, Thu Jul 29 03:32:50 2021 -03 <kuroneko@kuroneko-VirtualBox>
# name: xl
# type: matrix
# rows: 33
# columns: 1
 0
 0.03125
 0.0625
 0.09375
 0.125
 0.15625
 0.1875
 0.21875
 0.25
 0.28125
 0.3125
 0.34375
 0.375
 0.40625
 0.4375
 0.46875
 0.5
 0.53125
 0.5625
 0.59375
 0.625
 0.65625
 0.6875
 0.71875
 0.75
 0.78125
 0.8125
 0.84375
 0.875
 0.90625
 0.9375
 0.96875
 1


# name: h
# type: scalar
0.125


# name: u
# type: matrix
# rows: 33
# columns: 1
 -4.1386001987475218
 -4.0129500541537881
 -3.8855918720499791
 -3.7567413699708543
 -3.623777518177056
 -3.4880157759512453
 -3.3465883256555315
 -3.2005671274002427
 -3.0481826877305824
 -2.8915912356581948
 -2.7287479678737947
 -2.5615232735025182
 -2.3889157224105837
 -2.2138136480393324
 -2.0348621275416252
 -1.8545735526390836
 -1.6725359959853239
 -1.4921705691504616
 -1.3125938704295075
 -1.1367249896119507
 -0.96449115708381816
 -0.79958292942932396
 -0.64131457304621864
 -0.49273017553532616
 -0.35380893095499411
 -0.22822056991617579
 -0.11518649875562348
 -0.017587860852903647
 0.064827104273975644
 0.12868497896142361
 0.17512253713890102
 0.20167415809148315
 0.2090602477129162


# name: p
# type: matrix
# rows: 33
# columns: 1
 0.11548477977306715
 0.23172836996044976
 0.3302060964562199
 0.40986066651454656
 0.47278776518476562
 0.51745802711679634
 0.54683625113558287
 0.56025242139426557
 0.56017133027081878
 0.54541088881969335
 0.51925719564384476
 0.48133195291836239
 0.43435910771974451
 0.37738055463971198
 0.31386837564896175
 0.24359016182545146
 0.1693740514234241
 0.090323262444872876
 0.0099272369336067534
 -0.072073314814315337
 -0.15292136766825926
 -0.23362861348076791
 -0.31086352335819445
 -0.38508473228327089
 -0.45377438203750198
 -0.51822118627689528
 -0.57540594009691315
 -0.62613173219502283
 -0.66825432720770506
 -0.70346203879027924
 -0.72915732284120693
 -0.74658270526059578
 -0.75404730951836074


# name: x
# type: range
# base, limit, increment
0 1 0.03125


# name: exata
# type: matrix
# rows: 33
# columns: 1
 0
 0.098017140329560604
 0.19509032201612825
 0.29028467725446233
 0.38268343236508978
 0.47139673682599764
 0.55557023301960218
 0.63439328416364549
 0.70710678118654746
 0.77301045336273699
 0.83146961230254524
 0.88192126434835494
 0.92387953251128674
 0.95694033573220894
 0.98078528040323043
 0.99518472667219682
 1
 0.99518472667219693
 0.98078528040323043
 0.95694033573220894
 0.92387953251128674
 0.88192126434835505
 0.83146961230254546
 0.7730104533627371
 0.70710678118654757
 0.63439328416364549
 0.55557023301960218
 0.47139673682599786
 0.38268343236508989
 0.29028467725446239
 0.19509032201612861
 0.098017140329560826
 1.2246467991473532e-16


