# Created by Octave 6.2.0, Sat Jul 31 16:36:19 2021 -03 <kuroneko@kuroneko-VirtualBox>
# name: xl
# type: matrix
# rows: 17
# columns: 1
 0
 0.0625
 0.125
 0.1875
 0.25
 0.3125
 0.375
 0.4375
 0.5
 0.5625
 0.625
 0.6875
 0.75
 0.8125
 0.875
 0.9375
 1


# name: h
# type: scalar
0.0625


# name: u
# type: matrix
# rows: 17
# columns: 1
 -26.962289595383993
 -23.778070257756575
 -20.927635141029317
 -18.350262397541368
 -15.997768919939368
 -13.833473238261194
 -11.831111646835771
 -9.9737002890811297
 -8.252344799858859
 -6.6650070885321746
 -5.2152457515726987
 -3.9109522692650689
 -2.7631094403189298
 -1.7846013569739505
 -0.98910558465803067
 -0.3900980976896955
 0


# name: p
# type: matrix
# rows: 17
# columns: 1
 0.911152568027918
 0.90072362004930717
 0.86190742841662704
 0.78632826856995131
 0.67021228493107632
 0.51434226507401082
 0.32389614381257575
 0.10817286497513301
 -0.11978533870857004
 -0.34366013164935777
 -0.54439510618338505
 -0.7007822341927723
 -0.79007134038221338
 -0.7885751426756612
 -0.67224132577891083
 -0.41716302742968575
 0


# name: x
# type: range
# base, limit, increment
0 1 0.0625


# name: exata
# type: matrix
# rows: 17
# columns: 1
 0
 0.19509032201612825
 0.38268343236508978
 0.55557023301960218
 0.70710678118654746
 0.83146961230254524
 0.92387953251128674
 0.98078528040323043
 1
 0.98078528040323043
 0.92387953251128674
 0.83146961230254546
 0.70710678118654757
 0.55557023301960218
 0.38268343236508989
 0.19509032201612861
 1.2246467991473532e-16


