# Created by Octave 6.2.0, Thu Jul 29 03:32:49 2021 -03 <kuroneko@kuroneko-VirtualBox>
# name: xl
# type: matrix
# rows: 25
# columns: 1
 0
 0.041666666666666664
 0.083333333333333329
 0.125
 0.16666666666666666
 0.20833333333333331
 0.24999999999999997
 0.29166666666666663
 0.33333333333333331
 0.375
 0.41666666666666669
 0.45833333333333337
 0.5
 0.54166666666666663
 0.58333333333333326
 0.62499999999999989
 0.66666666666666652
 0.70833333333333315
 0.74999999999999978
 0.79166666666666641
 0.83333333333333304
 0.87499999999999967
 0.9166666666666663
 0.95833333333333293
 0.99999999999999956


# name: h
# type: scalar
0.083333333333333329


# name: u
# type: matrix
# rows: 25
# columns: 1
 -4.1405022034631997
 -3.97437692160719
 -3.8032954974453448
 -3.6296066123863846
 -3.445953613164892
 -3.2560443066978397
 -3.0538623782672989
 -2.8444382731503546
 -2.6230200541049888
 -2.3958516532912122
 -2.1592994524020499
 -1.9206443522577299
 -1.677162884881725
 -1.436939189839807
 -1.1979021360937347
 -0.96866244823310665
 -0.74750993771401186
 -0.54327975512115678
 -0.3543162202070248
 -0.1893705823395602
 -0.046539928023469422
 0.065802973841621232
 0.1500857601067962
 0.19857585477385301
 0.21446082192585328


# name: p
# type: matrix
# rows: 25
# columns: 1
 0.12409609393361129
 0.2733108892269997
 0.39227670370727896
 0.47698390332525586
 0.53422168295821959
 0.56058926939407727
 0.56346534535204695
 0.53997155178786072
 0.49796516221518483
 0.43496366900818306
 0.35915536959546318
 0.26829614731174189
 0.17073168304898653
 0.064279148762603822
 -0.042745793194770863
 -0.15264889112310198
 -0.25733246770176588
 -0.3594035381923309
 -0.4511577511402729
 -0.53566334781648528
 -0.6057597268426379
 -0.66510669174993831
 -0.70720233870688165
 -0.73638956201729033
 -0.74689651114496891


# name: x
# type: range
# base, limit, increment
0 1 0.041666666666666664


# name: exata
# type: matrix
# rows: 25
# columns: 1
 0
 0.13052619222005157
 0.25881904510252074
 0.38268343236508978
 0.49999999999999994
 0.60876142900872054
 0.70710678118654746
 0.79335334029123505
 0.8660254037844386
 0.92387953251128674
 0.96592582628906831
 0.99144486137381038
 1
 0.99144486137381049
 0.96592582628906842
 0.92387953251128696
 0.86602540378443893
 0.79335334029123572
 0.70710678118654824
 0.60876142900872121
 0.50000000000000078
 0.38268343236509067
 0.25881904510252185
 0.13052619222005288
 1.4547323094649232e-15


