# Created by Octave 6.2.0, Thu Jul 29 03:32:49 2021 -03 <kuroneko@kuroneko-VirtualBox>
# name: xl
# type: matrix
# rows: 13
# columns: 1
 0
 0.083333333333333329
 0.16666666666666666
 0.25
 0.33333333333333331
 0.41666666666666663
 0.49999999999999994
 0.58333333333333326
 0.66666666666666663
 0.75
 0.83333333333333337
 0.91666666666666674
 1


# name: h
# type: scalar
0.25


# name: u
# type: matrix
# rows: 13
# columns: 1
 2.3188332498659086
 -0.36758709133502687
 -0.36363622758923436
 0.56916891761099775
 -0.10792697111892563
 -0.16884987962665163
 -0.71833288485691693
 0.28329604898803579
 0.1536378131912379
 -1.4052293619643774
 0.29489321429151771
 0.35055414309099087
 0.56681025888111947


# name: p
# type: matrix
# rows: 13
# columns: 1
 -0.0028271161123399422
 0.025444045011011863
 -0.025444045011012086
 0.00080603654460821431
 0.01818971610963941
 -0.018189716109639414
 0.0034105995659702453
 -0.012505679984038969
 0.012505679984038969
 0.002407525179630656
 -0.03417340660066414
 0.034173406600685678
 -0.0037970451778561501


# name: x
# type: range
# base, limit, increment
0 1 0.083333333333333329


# name: exata
# type: matrix
# rows: 13
# columns: 1
 0
 0.25881904510252074
 0.49999999999999994
 0.70710678118654746
 0.8660254037844386
 0.9659258262890682
 1
 0.96592582628906842
 0.86602540378443871
 0.70710678118654757
 0.49999999999999994
 0.25881904510252057
 1.2246467991473532e-16


