# Created by Octave 6.2.0, Thu Jul 29 03:32:49 2021 -03 <kuroneko@kuroneko-VirtualBox>
# name: xl
# type: matrix
# rows: 33
# columns: 1
 0
 0.03125
 0.0625
 0.09375
 0.125
 0.15625
 0.1875
 0.21875
 0.25
 0.28125
 0.3125
 0.34375
 0.375
 0.40625
 0.4375
 0.46875
 0.5
 0.53125
 0.5625
 0.59375
 0.625
 0.65625
 0.6875
 0.71875
 0.75
 0.78125
 0.8125
 0.84375
 0.875
 0.90625
 0.9375
 0.96875
 1


# name: h
# type: scalar
0.0625


# name: u
# type: matrix
# rows: 33
# columns: 1
 -4.1386017763245402
 -4.0130568931392556
 -3.8852565260274821
 -3.756849964789251
 -3.623779162025718
 -3.4881232218008282
 -3.346252962587779
 -3.2006761523067229
 -3.0481842362604885
 -2.8916993876842616
 -2.728412435261705
 -2.5616328240091608
 -2.3889170391249448
 -2.2139225466125607
 -2.0345263066190347
 -1.8546836885005766
 -1.6725369853872696
 -1.4922801780457806
 -1.3122576903158778
 -1.1368357154453481
 -0.96449177612690096
 -0.7996931327714154
 -0.64097801917936814
 -0.49284143251010581
 -0.3538091938900253
 -0.22833118358367432
 -0.11484961397116344
 -0.017699530173785005
 0.064827128693295544
 0.12857418367529905
 0.17545965930161
 0.20156224085527552
 0.20906044645687405


# name: p
# type: matrix
# rows: 33
# columns: 1
 0.11545695830462815
 0.2315910989437362
 0.33051535161561107
 0.40972277736758123
 0.47276011736825518
 0.51731979636808156
 0.54714564222328887
 0.56011350076795785
 0.56014377305463403
 0.54527186108792947
 0.51956663324535168
 0.48119226397054726
 0.43433155116481814
 0.37724100082903389
 0.31417777118340018
 0.24345007389856832
 0.16934641440145581
 0.090183525888081206
 0.01023651808636683
 -0.072213377205589957
 -0.15294914320176689
 -0.23376816448960014
 -0.31055439968858334
 -0.38522434946071016
 -0.45380232022228051
 -0.51836021020886391
 -0.57509697916915714
 -0.62627054894490652
 -0.66828241242265052
 -0.70360026876861248
 -0.72884848894133558
 -0.74672048078890585
 -0.75407548625195497


# name: x
# type: range
# base, limit, increment
0 1 0.03125


# name: exata
# type: matrix
# rows: 33
# columns: 1
 0
 0.098017140329560604
 0.19509032201612825
 0.29028467725446233
 0.38268343236508978
 0.47139673682599764
 0.55557023301960218
 0.63439328416364549
 0.70710678118654746
 0.77301045336273699
 0.83146961230254524
 0.88192126434835494
 0.92387953251128674
 0.95694033573220894
 0.98078528040323043
 0.99518472667219682
 1
 0.99518472667219693
 0.98078528040323043
 0.95694033573220894
 0.92387953251128674
 0.88192126434835505
 0.83146961230254546
 0.7730104533627371
 0.70710678118654757
 0.63439328416364549
 0.55557023301960218
 0.47139673682599786
 0.38268343236508989
 0.29028467725446239
 0.19509032201612861
 0.098017140329560826
 1.2246467991473532e-16


