# Created by Octave 6.2.0, Sat Jul 31 16:36:18 2021 -03 <kuroneko@kuroneko-VirtualBox>
# name: xl
# type: matrix
# rows: 9
# columns: 1
 0
 0.125
 0.25
 0.375
 0.5
 0.625
 0.75
 0.875
 1


# name: h
# type: scalar
0.125


# name: u
# type: matrix
# rows: 9
# columns: 1
 -26.979991286198711
 -20.921813224327735
 -15.979673236226809
 -11.807531589404093
 -8.2274320230343516
 -5.191888908701995
 -2.7439661089608447
 -0.97737314455544699
 0


# name: p
# type: matrix
# rows: 9
# columns: 1
 0.86192226828577301
 0.81148398032389224
 0.6185661170884309
 0.27166617062536602
 -0.17091259550827753
 -0.5914033049710512
 -0.8283976875763378
 -0.69557192550452662
 0


# name: x
# type: range
# base, limit, increment
0 1 0.125


# name: exata
# type: matrix
# rows: 9
# columns: 1
 0
 0.38268343236508978
 0.70710678118654746
 0.92387953251128674
 1
 0.92387953251128674
 0.70710678118654757
 0.38268343236508989
 1.2246467991473532e-16


