# Created by Octave 6.2.0, Thu Jul 29 03:32:49 2021 -03 <kuroneko@kuroneko-VirtualBox>
# name: xl
# type: matrix
# rows: 13
# columns: 1
 0
 0.083333333333333329
 0.16666666666666666
 0.25
 0.33333333333333331
 0.41666666666666663
 0.49999999999999994
 0.58333333333333326
 0.66666666666666663
 0.75
 0.83333333333333337
 0.91666666666666674
 1


# name: h
# type: scalar
0.083333333333333329


# name: u
# type: matrix
# rows: 13
# columns: 1
 -4.1526611366585531
 -3.8219797971980807
 -3.4686970212459918
 -3.0784758300905022
 -2.6475665195906575
 -2.1820739450974802
 -1.696676681230715
 -1.2128702686221779
 -0.75684108153045782
 -0.35710418206229128
 -0.042056068982320741
 0.16239968829893675
 0.23499977730564275


# name: p
# type: matrix
# rows: 13
# columns: 1
 0.1579489258819366
 0.41722584758219244
 0.55162704908084026
 0.57472617199577292
 0.5045326964828809
 0.36253901654091164
 0.17249918598997258
 -0.040973195252635375
 -0.25388862565883402
 -0.44434239234113349
 -0.59384972762643651
 -0.68846169576447758
 -0.71958325691090574


# name: x
# type: range
# base, limit, increment
0 1 0.083333333333333329


# name: exata
# type: matrix
# rows: 13
# columns: 1
 0
 0.25881904510252074
 0.49999999999999994
 0.70710678118654746
 0.8660254037844386
 0.9659258262890682
 1
 0.96592582628906842
 0.86602540378443871
 0.70710678118654757
 0.49999999999999994
 0.25881904510252057
 1.2246467991473532e-16


