# Created by Octave 6.2.0, Sat Jul 31 16:36:19 2021 -03 <kuroneko@kuroneko-VirtualBox>
# name: xl
# type: matrix
# rows: 37
# columns: 1
 0
 0.027777777777777776
 0.055555555555555552
 0.083333333333333329
 0.1111111111111111
 0.1388888888888889
 0.16666666666666669
 0.19444444444444448
 0.22222222222222227
 0.25000000000000006
 0.27777777777777785
 0.30555555555555564
 0.33333333333333343
 0.36111111111111122
 0.38888888888888901
 0.4166666666666668
 0.44444444444444459
 0.47222222222222238
 0.50000000000000011
 0.5277777777777779
 0.55555555555555569
 0.58333333333333348
 0.61111111111111127
 0.63888888888888906
 0.66666666666666685
 0.69444444444444464
 0.72222222222222243
 0.75000000000000022
 0.77777777777777801
 0.8055555555555558
 0.83333333333333359
 0.86111111111111138
 0.88888888888888917
 0.91666666666666696
 0.94444444444444475
 0.97222222222222254
 1.0000000000000002


# name: h
# type: scalar
0.083333333333333329


# name: u
# type: matrix
# rows: 37
# columns: 1
 3.8054231009773525
 -0.57468053263172469
 -0.70711634458355066
 1.4430867573221775
 -0.49279819566185235
 -0.45229112361641766
 1.2228316519277065
 -0.41199828160768692
 -0.38912884577529805
 0.92281237132835447
 -0.24304785543902585
 -0.29984708662567927
 0
 0
 0
 0
 0
 0
 0
 0
 0
 0
 0
 0
 0
 0
 0
 0
 0
 0
 0
 0
 0
 0
 0
 0
 0


# name: p
# type: matrix
# rows: 37
# columns: 1
 -0.0016066302744629501
 0.014459672472470597
 -0.014459672472470018
 0.00010518341464171854
 0.013513021738847816
 -0.013513021738847815
 0.00019935312625474864
 0.011718843603491812
 -0.011718843603491812
 0.00028100673009967303
 0.0091897830295752832
 -0.0091897830295751912
 0
 0
 0
 0
 0
 0
 0
 0
 0
 0
 0
 0
 0
 0
 0
 0
 0
 0
 0
 0
 0
 0
 0
 0
 0


# name: x
# type: range
# base, limit, increment
0 1 0.027777777777777776


# name: exata
# type: matrix
# rows: 37
# columns: 1
 0
 0.087155742747658166
 0.17364817766693033
 0.25881904510252074
 0.34202014332566871
 0.42261826174069944
 0.5
 0.57357643635104616
 0.64278760968653936
 0.70710678118654768
 0.76604444311897812
 0.81915204428899191
 0.86602540378443882
 0.90630778703665005
 0.93969262078590854
 0.96592582628906831
 0.98480775301220813
 0.99619469809174555
 1
 0.99619469809174555
 0.98480775301220802
 0.9659258262890682
 0.93969262078590821
 0.90630778703664983
 0.86602540378443826
 0.81915204428899147
 0.76604444311897779
 0.70710678118654691
 0.64278760968653881
 0.5735764363510456
 0.49999999999999956
 0.42261826174069866
 0.34202014332566805
 0.25881904510252013
 0.17364817766692939
 0.087155742747657305
 -7.6571373978538989e-16


