# Created by Octave 6.2.0, Sat Jul 31 16:36:19 2021 -03 <kuroneko@kuroneko-VirtualBox>
# name: xl
# type: matrix
# rows: 33
# columns: 1
 0
 0.03125
 0.0625
 0.09375
 0.125
 0.15625
 0.1875
 0.21875
 0.25
 0.28125
 0.3125
 0.34375
 0.375
 0.40625
 0.4375
 0.46875
 0.5
 0.53125
 0.5625
 0.59375
 0.625
 0.65625
 0.6875
 0.71875
 0.75
 0.78125
 0.8125
 0.84375
 0.875
 0.90625
 0.9375
 0.96875
 1


# name: h
# type: scalar
0.0625


# name: u
# type: matrix
# rows: 33
# columns: 1
 -9.4228638347255771
 -8.8410167249167237
 -8.270433435007071
 -7.707032326029247
 -7.1472750938654972
 -6.5880219312704096
 -6.0266450537977914
 -5.4608999648353969
 -4.8890146263868655
 -4.3095762113978262
 -3.7215961423447634
 -3.1244120139421172
 -2.5177289419706366
 -1.9015365591051032
 -1.2761273764442422
 -0.64202890294926762
 0
 0
 0
 0
 0
 0
 0
 0
 0
 0
 0
 0
 0
 0
 0
 0
 0


# name: p
# type: matrix
# rows: 33
# columns: 1
 3.460050270092017
 3.449206173829551
 3.4155000616358646
 3.3573370584336293
 3.273309536413652
 3.1622191277412197
 3.0230634741449158
 2.8550405670231145
 2.6575436058932755
 2.4301490341825329
 2.1726176166628668
 1.8848683172880714
 1.566983264692531
 1.2191703470263811
 0.84176933833406142
 0.43520674005070425
 0
 0
 0
 0
 0
 0
 0
 0
 0
 0
 0
 0
 0
 0
 0
 0
 0


# name: x
# type: range
# base, limit, increment
0 1 0.03125


# name: exata
# type: matrix
# rows: 33
# columns: 1
 0
 0.098017140329560604
 0.19509032201612825
 0.29028467725446233
 0.38268343236508978
 0.47139673682599764
 0.55557023301960218
 0.63439328416364549
 0.70710678118654746
 0.77301045336273699
 0.83146961230254524
 0.88192126434835494
 0.92387953251128674
 0.95694033573220894
 0.98078528040323043
 0.99518472667219682
 1
 0.99518472667219693
 0.98078528040323043
 0.95694033573220894
 0.92387953251128674
 0.88192126434835505
 0.83146961230254546
 0.7730104533627371
 0.70710678118654757
 0.63439328416364549
 0.55557023301960218
 0.47139673682599786
 0.38268343236508989
 0.29028467725446239
 0.19509032201612861
 0.098017140329560826
 1.2246467991473532e-16


