# Created by Octave 6.2.0, Sat Jul 31 16:47:23 2021 -03 <kuroneko@kuroneko-VirtualBox>
# name: xl
# type: matrix
# rows: 9
# columns: 1
 0
 0.125
 0.25
 0.375
 0.5
 0.625
 0.75
 0.875
 1


# name: h
# type: scalar
0.25


# name: u
# type: matrix
# rows: 9
# columns: 1
 -4.1561442104479562
 -3.6722996824739762
 -3.0953847381786481
 -2.4454042346065856
 -1.7095170728405891
 -0.99709014551295494
 -0.35526314286738142
 0.075875040960180579
 0.25784582872219186


# name: p
# type: matrix
# rows: 9
# columns: 1
 0.18937788677101125
 0.50985863623911598
 0.58999734903540746
 0.44120134722911697
 0.18295271834099885
 -0.14910278585791428
 -0.43015261734205679
 -0.64071241335259177
 -0.69342012106307993


# name: x
# type: range
# base, limit, increment
0 1 0.125


# name: exata
# type: matrix
# rows: 9
# columns: 1
 0
 0.38268343236508978
 0.70710678118654746
 0.92387953251128674
 1
 0.92387953251128674
 0.70710678118654757
 0.38268343236508989
 1.2246467991473532e-16


