# Created by Octave 6.2.0, Thu Jul 29 03:32:48 2021 -03 <kuroneko@kuroneko-VirtualBox>
# name: xl
# type: matrix
# rows: 9
# columns: 1
 0
 0.125
 0.25
 0.375
 0.5
 0.625
 0.75
 0.875
 1


# name: h
# type: scalar
0.125


# name: u
# type: matrix
# rows: 9
# columns: 1
 -4.1660011729306179
 -3.6701310130100975
 -3.1020973285087723
 -2.4408897933158387
 -1.7147389526203811
 -0.99061105048105802
 -0.35894296524176128
 0.084258650499804244
 0.25539169885550073


# name: p
# type: matrix
# rows: 9
# columns: 1
 0.19038220975645823
 0.51951082349583222
 0.5854780796285658
 0.44538915279157176
 0.17371441531549764
 -0.14726724641349967
 -0.43848629781530801
 -0.63482477215832733
 -0.69389636460074167


# name: x
# type: range
# base, limit, increment
0 1 0.125


# name: exata
# type: matrix
# rows: 9
# columns: 1
 0
 0.38268343236508978
 0.70710678118654746
 0.92387953251128674
 1
 0.92387953251128674
 0.70710678118654757
 0.38268343236508989
 1.2246467991473532e-16


