# Created by Octave 6.2.0, Sat Jul 31 16:36:20 2021 -03 <kuroneko@kuroneko-VirtualBox>
# name: xl
# type: matrix
# rows: 65
# columns: 1
 0
 0.015625
 0.03125
 0.046875
 0.0625
 0.078125
 0.09375
 0.109375
 0.125
 0.140625
 0.15625
 0.171875
 0.1875
 0.203125
 0.21875
 0.234375
 0.25
 0.265625
 0.28125
 0.296875
 0.3125
 0.328125
 0.34375
 0.359375
 0.375
 0.390625
 0.40625
 0.421875
 0.4375
 0.453125
 0.46875
 0.484375
 0.5
 0.515625
 0.53125
 0.546875
 0.5625
 0.578125
 0.59375
 0.609375
 0.625
 0.640625
 0.65625
 0.671875
 0.6875
 0.703125
 0.71875
 0.734375
 0.75
 0.765625
 0.78125
 0.796875
 0.8125
 0.828125
 0.84375
 0.859375
 0.875
 0.890625
 0.90625
 0.921875
 0.9375
 0.953125
 0.96875
 0.984375
 1


# name: h
# type: scalar
0.0625


# name: u
# type: matrix
# rows: 65
# columns: 1
 -1.7103932814158447
 -1.6541529789466416
 -1.5921399526871371
 -1.5240810364052557
 -1.4497223201206295
 -1.3688292439893313
 -1.2811866786549917
 -1.1865989280739035
 -1.0848897064081586
 -0.975902073756583
 -0.85949833233918993
 -0.73555984144051467
 -0.60398683087818406
 -0.46469817210683934
 -0.31763108395800121
 -0.16274075661468018
 0
 0
 0
 0
 0
 0
 0
 0
 0
 0
 0
 0
 0
 0
 0
 0
 0
 0
 0
 0
 0
 0
 0
 0
 0
 0
 0
 0
 0
 0
 0
 0
 0
 0
 0
 0
 0
 0
 0
 0
 0
 0
 0
 0
 0
 0
 0
 0
 0


# name: p
# type: matrix
# rows: 65
# columns: 1
 1.049865202343967
 1.0462500191430106
 1.0352515557755895
 1.0166477782895411
 0.99022653584613762
 0.95578568959506216
 0.91313323861804974
 0.86208738035645871
 0.80247654123945922
 0.73413937269677654
 0.65692472107837807
 0.57069152883392538
 0.47530872531502044
 0.37065508254548529
 0.25661902136394876
 0.13309834781243213
 0
 0
 0
 0
 0
 0
 0
 0
 0
 0
 0
 0
 0
 0
 0
 0
 0
 0
 0
 0
 0
 0
 0
 0
 0
 0
 0
 0
 0
 0
 0
 0
 0
 0
 0
 0
 0
 0
 0
 0
 0
 0
 0
 0
 0
 0
 0
 0
 0


# name: x
# type: range
# base, limit, increment
0 1 0.015625


# name: exata
# type: matrix
# rows: 65
# columns: 1
 0
 0.049067674327418015
 0.098017140329560604
 0.14673047445536175
 0.19509032201612825
 0.24298017990326387
 0.29028467725446233
 0.33688985339222005
 0.38268343236508978
 0.42755509343028208
 0.47139673682599764
 0.51410274419322166
 0.55557023301960218
 0.59569930449243336
 0.63439328416364549
 0.67155895484701833
 0.70710678118654746
 0.74095112535495911
 0.77301045336273699
 0.80320753148064483
 0.83146961230254524
 0.85772861000027212
 0.88192126434835494
 0.90398929312344334
 0.92387953251128674
 0.94154406518302081
 0.95694033573220894
 0.97003125319454397
 0.98078528040323043
 0.98917650996478101
 0.99518472667219682
 0.99879545620517241
 1
 0.99879545620517241
 0.99518472667219693
 0.98917650996478101
 0.98078528040323043
 0.97003125319454397
 0.95694033573220894
 0.94154406518302081
 0.92387953251128674
 0.90398929312344345
 0.88192126434835505
 0.85772861000027212
 0.83146961230254546
 0.80320753148064494
 0.7730104533627371
 0.74095112535495899
 0.70710678118654757
 0.67155895484701855
 0.63439328416364549
 0.59569930449243347
 0.55557023301960218
 0.51410274419322177
 0.47139673682599786
 0.42755509343028203
 0.38268343236508989
 0.33688985339222033
 0.29028467725446239
 0.24298017990326407
 0.19509032201612861
 0.1467304744553618
 0.098017140329560826
 0.049067674327417966
 1.2246467991473532e-16


