# Created by Octave 6.2.0, Thu Jul 29 03:32:49 2021 -03 <kuroneko@kuroneko-VirtualBox>
# name: xl
# type: matrix
# rows: 17
# columns: 1
 0
 0.0625
 0.125
 0.1875
 0.25
 0.3125
 0.375
 0.4375
 0.5
 0.5625
 0.625
 0.6875
 0.75
 0.8125
 0.875
 0.9375
 1


# name: h
# type: scalar
0.0625


# name: u
# type: matrix
# rows: 17
# columns: 1
 -4.146858072330299
 -3.8976534504247318
 -3.6391832542438447
 -3.3636317794944812
 -3.066598468498789
 -2.7470090834833667
 -2.4069235287638246
 -2.0512454220190723
 -1.6873425077946718
 -1.3245906296354175
 -0.97385709351150673
 -0.64694174646330604
 -0.355995866495181
 -0.11293994603853667
 0.071098384817091298
 0.18630571276817165
 0.22464435543962891


# name: p
# type: matrix
# rows: 17
# columns: 1
 0.14124279879014381
 0.35113816983478507
 0.4888328532671683
 0.55928267745859261
 0.56896478938508155
 0.52569952305468481
 0.43841441514906998
 0.31686006840422432
 0.17128935887710844
 0.012112842723306249
 -0.15045591127990193
 -0.30675098937815554
 -0.44798691522252126
 -0.56656037981841179
 -0.65630897242984898
 -0.71271664205149543
 -0.73305768676396554


# name: x
# type: range
# base, limit, increment
0 1 0.0625


# name: exata
# type: matrix
# rows: 17
# columns: 1
 0
 0.19509032201612825
 0.38268343236508978
 0.55557023301960218
 0.70710678118654746
 0.83146961230254524
 0.92387953251128674
 0.98078528040323043
 1
 0.98078528040323043
 0.92387953251128674
 0.83146961230254546
 0.70710678118654757
 0.55557023301960218
 0.38268343236508989
 0.19509032201612861
 1.2246467991473532e-16


