# Created by Octave 6.2.0, Thu Jul 29 03:32:49 2021 -03 <kuroneko@kuroneko-VirtualBox>
# name: xl
# type: matrix
# rows: 25
# columns: 1
 0
 0.041666666666666664
 0.083333333333333329
 0.125
 0.16666666666666666
 0.20833333333333331
 0.24999999999999997
 0.29166666666666663
 0.33333333333333331
 0.375
 0.41666666666666669
 0.45833333333333337
 0.5
 0.54166666666666663
 0.58333333333333326
 0.62499999999999989
 0.66666666666666652
 0.70833333333333315
 0.74999999999999978
 0.79166666666666641
 0.83333333333333304
 0.87499999999999967
 0.9166666666666663
 0.95833333333333293
 0.99999999999999956


# name: h
# type: scalar
0.125


# name: u
# type: matrix
# rows: 25
# columns: 1
 1.3073699561854288
 -0.11641921047882894
 -0.12950002938115626
 0.69957696603789821
 0.047375207964866856
 0.042736780513260055
 0.32150759304943899
 -0.1447143265940142
 -0.14468020460802369
 0.089230662590744997
 0.15427255460754771
 0.13755130345729161
 -0.12627494767001812
 0.14188333142887483
 0.10403696661435237
 -0.40154929565226904
 0.19181301610592577
 0.14085914496278251
 -0.65187532083829602
 0.19280091677559999
 0.15589071410804037
 -0.65132129452200704
 0.15016105301017965
 0.20632683616010922
 0.26865656455383452


# name: p
# type: matrix
# rows: 25
# columns: 1
 3719858963569.8213
 77146451757.238358
 -77146358878.003494
 2331223667852.7485
 217793691094.36749
 -217793690477.00006
 -1589062766289.3906
 -210599819965.81628
 210599819964.96301
 2201733993087.7397
 307840056619.94183
 -307840056619.94183
 -3339387026071.1372
 -255822147213.78748
 255822147213.78748
 1265411623777.0085
 81695302838.445114
 -81695302838.445114
 -205103827315.10403
 7628418040.3561468
 -7628418040.3561468
 -342415352041.66284
 -270231381271.6149
 -214405311706.55368
 160019274043.72046


# name: x
# type: range
# base, limit, increment
0 1 0.041666666666666664


# name: exata
# type: matrix
# rows: 25
# columns: 1
 0
 0.13052619222005157
 0.25881904510252074
 0.38268343236508978
 0.49999999999999994
 0.60876142900872054
 0.70710678118654746
 0.79335334029123505
 0.8660254037844386
 0.92387953251128674
 0.96592582628906831
 0.99144486137381038
 1
 0.99144486137381049
 0.96592582628906842
 0.92387953251128696
 0.86602540378443893
 0.79335334029123572
 0.70710678118654824
 0.60876142900872121
 0.50000000000000078
 0.38268343236509067
 0.25881904510252185
 0.13052619222005288
 1.4547323094649232e-15


