# Created by Octave 6.2.0, Thu Jul 29 03:32:50 2021 -03 <kuroneko@kuroneko-VirtualBox>
# name: xl
# type: matrix
# rows: 17
# columns: 1
 0
 0.0625
 0.125
 0.1875
 0.25
 0.3125
 0.375
 0.4375
 0.5
 0.5625
 0.625
 0.6875
 0.75
 0.8125
 0.875
 0.9375
 1


# name: h
# type: scalar
0.25


# name: u
# type: matrix
# rows: 17
# columns: 1
 -4.1442953877828232
 -3.8978393040452617
 -3.6384245235014641
 -3.3641877655620114
 -3.0648293114622347
 -2.7478101521266192
 -2.4066718897556689
 -2.0522451087712388
 -1.6859754648647807
 -1.325780597592872
 -0.97400336139082211
 -0.64835334240250519
 -0.35504826240556703
 -0.11455336832421802
 0.070544001943610393
 0.18452199828069521
 0.22527197474027708


# name: p
# type: matrix
# rows: 17
# columns: 1
 0.14113401586570579
 0.34883104946802346
 0.48800976537567631
 0.5576754403929205
 0.57019530323383205
 0.52482997057414338
 0.43903599460453224
 0.31661029418470993
 0.17369562394872115
 0.01216197466877271
 -0.1492398296172967
 -0.30678469341088044
 -0.44578042933683165
 -0.56714630008083666
 -0.65617604278977049
 -0.71427268044227266
 -0.7327794566387601


# name: x
# type: range
# base, limit, increment
0 1 0.0625


# name: exata
# type: matrix
# rows: 17
# columns: 1
 0
 0.19509032201612825
 0.38268343236508978
 0.55557023301960218
 0.70710678118654746
 0.83146961230254524
 0.92387953251128674
 0.98078528040323043
 1
 0.98078528040323043
 0.92387953251128674
 0.83146961230254546
 0.70710678118654757
 0.55557023301960218
 0.38268343236508989
 0.19509032201612861
 1.2246467991473532e-16


