# Created by Octave 6.2.0, Thu Jul 29 03:32:50 2021 -03 <kuroneko@kuroneko-VirtualBox>
# name: xl
# type: matrix
# rows: 49
# columns: 1
 0
 0.020833333333333332
 0.041666666666666664
 0.0625
 0.083333333333333329
 0.10416666666666666
 0.12499999999999999
 0.14583333333333331
 0.16666666666666666
 0.1875
 0.20833333333333334
 0.22916666666666669
 0.25
 0.27083333333333331
 0.29166666666666663
 0.31249999999999994
 0.33333333333333326
 0.35416666666666657
 0.37499999999999989
 0.3958333333333332
 0.41666666666666652
 0.43749999999999983
 0.45833333333333315
 0.47916666666666646
 0.49999999999999978
 0.52083333333333315
 0.54166666666666652
 0.56249999999999989
 0.58333333333333326
 0.60416666666666663
 0.625
 0.64583333333333337
 0.66666666666666674
 0.68750000000000011
 0.70833333333333348
 0.72916666666666685
 0.75000000000000022
 0.77083333333333359
 0.79166666666666696
 0.81250000000000033
 0.8333333333333337
 0.85416666666666707
 0.87500000000000044
 0.89583333333333381
 0.91666666666666718
 0.93750000000000056
 0.95833333333333393
 0.9791666666666673
 1.0000000000000007


# name: h
# type: scalar
0.0625


# name: u
# type: matrix
# rows: 49
# columns: 1
 0.40578305985831725
 -0.05485224796169999
 -0.076546282399746757
 0.10003752453436569
 -0.16668766168574295
 -0.13840277808935617
 0.27198635597918619
 -0.082889505330815044
 -0.074308963510620218
 0.2607207103430127
 -0.026490480687081375
 -0.026584747085378502
 0.18170744081109363
 -0.086492074349751508
 -0.079566845078183013
 0.17913965557046074
 -0.081098148528593317
 -0.090001483753029354
 0.042673660069328254
 0.0074162995476611676
 0.012127753525597029
 0.061095781238743818
 0.0001268947250609026
 -0.011681762676916986
 -0.060628667336459108
 -0.023524963863238213
 -0.032012902625950801
 -0.13060721241408246
 -0.0091613362121280156
 -0.011162594771094714
 -0.12058087444265198
 0.094899294756260133
 0.078214357245368404
 -0.22605830424427653
 0.075145607823912997
 0.048950464973501084
 -0.40103590870912953
 0.086327405732966156
 0.084363587374220117
 -0.32883873624404381
 0.11362904633701021
 0.10149824142176911
 -0.34544158872341235
 0.11614899429572656
 0.10757456979279922
 -0.32210417407434289
 0.077072604509531573
 0.11427806301050936
 0.12185010442492672


# name: p
# type: matrix
# rows: 49
# columns: 1
 652163903998.56543
 -11036958733.375999
 11036958733.326866
 850829161198.92969
 58331295412.792641
 -58331295412.791908
 -199134156231.26648
 -46151817838.668526
 46151817838.668541
 631598564864.81201
 33423160287.890095
 -33423160287.890091
 29981679682.827358
 11999989879.07897
 -11999989879.07897
 -186018138140.56018
 -1289265617.3384542
 1289265617.3384542
 -162811357028.45163
 -12737598429.255011
 12737598429.255011
 66465414698.160118
 3934818186.5964756
 -3934818186.5964756
 -4361312660.5730076
 1050259245.9022967
 -1050259245.9022967
 -23265979086.819614
 -1497918277.4619353
 1497918277.4619353
 3696549907.4824429
 -322009344.44645274
 322009344.44645274
 9492718107.4954224
 216343822.91210589
 -216343822.91210589
 5598529295.0457506
 331728028.92360908
 -331728028.92360908
 -372575225.60375726
 173450990.48783007
 -173450990.48783007
 -3494693054.4230976
 -383541583.3436541
 383541583.3436541
 3409055445.7202916
 474985935.12769967
 -491712976.5358637
 -5291234759.2921829


# name: x
# type: range
# base, limit, increment
0 1 0.020833333333333332


# name: exata
# type: matrix
# rows: 49
# columns: 1
 0
 0.065403129230143062
 0.13052619222005157
 0.19509032201612825
 0.25881904510252074
 0.32143946530316153
 0.38268343236508973
 0.44228869021900119
 0.49999999999999994
 0.55557023301960218
 0.60876142900872066
 0.65934581510006895
 0.70710678118654746
 0.75183980747897727
 0.79335334029123505
 0.83146961230254512
 0.86602540378443849
 0.89687274153268814
 0.92387953251128652
 0.94693012949510558
 0.9659258262890682
 0.98078528040323032
 0.99144486137381038
 0.99785892323860348
 1
 0.99785892323860359
 0.99144486137381049
 0.98078528040323054
 0.96592582628906842
 0.94693012949510569
 0.92387953251128674
 0.89687274153268837
 0.86602540378443849
 0.83146961230254512
 0.79335334029123483
 0.75183980747897716
 0.70710678118654691
 0.65934581510006829
 0.6087614290087201
 0.5555702330196014
 0.49999999999999917
 0.44228869021900014
 0.38268343236508862
 0.32143946530316009
 0.2588190451025193
 0.19509032201612686
 0.1305261922200498
 0.065403129230141341
 -2.0979813693355779e-15


