# Created by Octave 6.2.0, Sat Jul 31 16:36:19 2021 -03 <kuroneko@kuroneko-VirtualBox>
# name: xl
# type: matrix
# rows: 25
# columns: 1
 0
 0.041666666666666664
 0.083333333333333329
 0.125
 0.16666666666666666
 0.20833333333333331
 0.24999999999999997
 0.29166666666666663
 0.33333333333333331
 0.375
 0.41666666666666669
 0.45833333333333337
 0.5
 0.54166666666666663
 0.58333333333333326
 0.62499999999999989
 0.66666666666666652
 0.70833333333333315
 0.74999999999999978
 0.79166666666666641
 0.83333333333333304
 0.87499999999999967
 0.9166666666666663
 0.95833333333333293
 0.99999999999999956


# name: h
# type: scalar
0.083333333333333329


# name: u
# type: matrix
# rows: 25
# columns: 1
 -9.4228542827675899
 -8.6497521383820075
 -7.8942626337718815
 -7.1472471602688623
 -6.4012538446852156
 -5.6500682337347037
 -4.8890133831205702
 -4.1145608959866919
 -3.324522776730245
 -2.5177205095996587
 -1.6940712626917211
 -0.85431497964724723
 0
 0
 0
 0
 0
 0
 0
 0
 0
 0
 0
 0
 0


# name: p
# type: matrix
# rows: 25
# columns: 1
 3.460046133870931
 3.4405945878904189
 3.379529767157802
 3.273309251911249
 3.1189940976651318
 2.9142949450840696
 2.6575427431510015
 2.3476575608916206
 1.9841408826072273
 1.5669780529664825
 1.0966394126745307
 0.57393314985983324
 0
 0
 0
 0
 0
 0
 0
 0
 0
 0
 0
 0
 0


# name: x
# type: range
# base, limit, increment
0 1 0.041666666666666664


# name: exata
# type: matrix
# rows: 25
# columns: 1
 0
 0.13052619222005157
 0.25881904510252074
 0.38268343236508978
 0.49999999999999994
 0.60876142900872054
 0.70710678118654746
 0.79335334029123505
 0.8660254037844386
 0.92387953251128674
 0.96592582628906831
 0.99144486137381038
 1
 0.99144486137381049
 0.96592582628906842
 0.92387953251128696
 0.86602540378443893
 0.79335334029123572
 0.70710678118654824
 0.60876142900872121
 0.50000000000000078
 0.38268343236509067
 0.25881904510252185
 0.13052619222005288
 1.4547323094649232e-15


