# Created by Octave 6.2.0, Tue Jun 01 00:44:09 2021 -03 <kuroneko@kuroneko-VirtualBox>
# name: uu
# type: matrix
# rows: 64
# columns: 2
 -3.689439092592852e-05 0.0096073597983847604
 0.037930958810245767 0.084265193848727479
 0.14624463486626782 0.22221488349019916
 0.30841435846353088 0.40245483899193646
 0.4997512592565565 0.5975451610080641
 0.69112602857292915 0.77778511650980131
 0.8534035926008382 0.91573480615127278
 0.96187866326681404 0.99039264020161566
 1.0000368943909252 0.99039264020161566
 0.96206904118975434 0.91573480615127278
 0.85375536513373185 0.77778511650980109
 0.69158564153647017 0.59754516100806387
 0.50024874074344339 0.40245483899193574
 0.30887397142706979 0.22221488349019899
 0.14659640739916202 0.084265193848727257
 0.038121336733186073 0.0096073597983847743
 -3.6894390926045376e-05 0.0096073597983848229
 0.037930958810245455 0.084265193848727396
 0.14624463486626715 0.22221488349019911
 0.30841435846353016 0.4024548389919359
 0.4997512592565545 0.59754516100806443
 0.69112602857292915 0.77778511650980131
 0.8534035926008382 0.91573480615127278
 0.96187866326681348 0.99039264020161566
 1.0000368943909257 0.99039264020161544
 0.96206904118975456 0.9157348061512729
 0.85375536513373274 0.77778511650980109
 0.69158564153646962 0.59754516100806432
 0.50024874074344483 0.4024548389919359
 0.30887397142707085 0.22221488349019897
 0.14659640739916208 0.084265193848727368
 0.03812133673318624 0.0096073597983847778
 -3.6894390926044787e-05 0.0096073597983847778
 0.03793095881024483 0.084265193848727396
 0.14624463486626704 0.22221488349019891
 0.30841435846352977 0.4024548389919359
 0.49975125925655439 0.59754516100806443
 0.69112602857292837 0.7777851165098012
 0.85340359260083709 0.91573480615127323
 0.96187866326681359 0.99039264020161544
 1.0000368943909259 0.99039264020161566
 0.96206904118975489 0.91573480615127312
 0.85375536513373318 0.77778511650980131
 0.69158564153647095 0.59754516100806443
 0.50024874074344527 0.4024548389919359
 0.30887397142707146 0.22221488349019911
 0.14659640739916274 0.084265193848727424
 0.038121336733186163 0.0096073597983848246
 -3.6894390926099356e-05 0.0096073597983847726
 0.037930958810244358 0.084265193848727257
 0.14624463486626629 0.22221488349019897
 0.3084143584635286 0.40245483899193574
 0.49975125925655239 0.59754516100806399
 0.69112602857292726 0.7777851165098012
 0.85340359260083787 0.9157348061512729
 0.96187866326681359 0.99039264020161544
 1.0000368943909259 0.99039264020161566
 0.96206904118975523 0.91573480615127312
 0.85375536513373307 0.77778511650980164
 0.69158564153647117 0.59754516100806387
 0.50024874074344661 0.40245483899193646
 0.30887397142707224 0.22221488349019911
 0.14659640739916291 0.084265193848727479
 0.03812133673318651 0.0096073597983847587


# name: x
# type: range
# base, limit, increment
-2 2 0.03125


# name: h
# type: scalar
0.0625


# name: exata
# type: matrix
# rows: 129
# columns: 1
 5.9990391306474304e-32
 0.009607359798384757
 0.038060233744356797
 0.084265193848727452
 0.14644660940672671
 0.22221488349019913
 0.30865828381745508
 0.4024548389919364
 0.50000000000000022
 0.59754516100806399
 0.69134171618254525
 0.7777851165098012
 0.85355339059327351
 0.91573480615127278
 0.96193976625564337
 0.99039264020161533
 1
 0.99039264020161533
 0.96193976625564315
 0.91573480615127256
 0.85355339059327329
 0.77778511650980098
 0.69134171618254492
 0.59754516100806365
 0.49999999999999989
 0.40245483899193557
 0.3086582838174548
 0.22221488349019888
 0.14644660940672616
 0.08426519384872723
 0.038060233744356659
 0.0096073597983847726
 1.4997597826618576e-32
 0.0096073597983848194
 0.038060233744356756
 0.084265193848727396
 0.14644660940672632
 0.22221488349019908
 0.30865828381745508
 0.40245483899193585
 0.50000000000000011
 0.59754516100806432
 0.69134171618254525
 0.7777851165098012
 0.85355339059327373
 0.91573480615127278
 0.96193976625564337
 0.99039264020161533
 1
 0.9903926402016151
 0.96193976625564337
 0.91573480615127278
 0.85355339059327373
 0.77778511650980098
 0.69134171618254492
 0.59754516100806421
 0.49999999999999989
 0.40245483899193585
 0.30865828381745508
 0.22221488349019888
 0.14644660940672624
 0.084265193848727354
 0.038060233744356617
 0.009607359798384776
 0
 0.009607359798384776
 0.038060233744356617
 0.084265193848727354
 0.14644660940672624
 0.22221488349019888
 0.30865828381745508
 0.40245483899193585
 0.49999999999999989
 0.59754516100806421
 0.69134171618254492
 0.77778511650980098
 0.85355339059327373
 0.91573480615127278
 0.96193976625564337
 0.9903926402016151
 1
 0.99039264020161533
 0.96193976625564337
 0.91573480615127278
 0.85355339059327373
 0.7777851165098012
 0.69134171618254525
 0.59754516100806432
 0.50000000000000011
 0.40245483899193585
 0.30865828381745508
 0.22221488349019908
 0.14644660940672632
 0.084265193848727396
 0.038060233744356756
 0.0096073597983848194
 1.4997597826618576e-32
 0.0096073597983847726
 0.038060233744356659
 0.08426519384872723
 0.14644660940672616
 0.22221488349019888
 0.3086582838174548
 0.40245483899193557
 0.49999999999999989
 0.59754516100806365
 0.69134171618254492
 0.77778511650980098
 0.85355339059327329
 0.91573480615127256
 0.96193976625564315
 0.99039264020161533
 1
 0.99039264020161533
 0.96193976625564337
 0.91573480615127278
 0.85355339059327351
 0.7777851165098012
 0.69134171618254525
 0.59754516100806399
 0.50000000000000022
 0.4024548389919364
 0.30865828381745508
 0.22221488349019913
 0.14644660940672671
 0.084265193848727452
 0.038060233744356797
 0.009607359798384757
 5.9990391306474304e-32


# name: xl
# type: matrix
# rows: 129
# columns: 1
 -2
 -1.96875
 -1.9375
 -1.90625
 -1.875
 -1.84375
 -1.8125
 -1.78125
 -1.75
 -1.71875
 -1.6875
 -1.65625
 -1.625
 -1.59375
 -1.5625
 -1.53125
 -1.5
 -1.46875
 -1.4375
 -1.40625
 -1.375
 -1.34375
 -1.3125
 -1.28125
 -1.25
 -1.21875
 -1.1875
 -1.15625
 -1.125
 -1.09375
 -1.0625
 -1.03125
 -1
 -0.96875
 -0.9375
 -0.90625
 -0.875
 -0.84375
 -0.8125
 -0.78125
 -0.75
 -0.71875
 -0.6875
 -0.65625
 -0.625
 -0.59375
 -0.5625
 -0.53125
 -0.5
 -0.46875
 -0.4375
 -0.40625
 -0.375
 -0.34375
 -0.3125
 -0.28125
 -0.25
 -0.21875
 -0.1875
 -0.15625
 -0.125
 -0.09375
 -0.0625
 -0.03125
 0
 0.03125
 0.0625
 0.09375
 0.125
 0.15625
 0.1875
 0.21875
 0.25
 0.28125
 0.3125
 0.34375
 0.375
 0.40625
 0.4375
 0.46875
 0.5
 0.53125
 0.5625
 0.59375
 0.625
 0.65625
 0.6875
 0.71875
 0.75
 0.78125
 0.8125
 0.84375
 0.875
 0.90625
 0.9375
 0.96875
 1
 1.03125
 1.0625
 1.09375
 1.125
 1.15625
 1.1875
 1.21875
 1.25
 1.28125
 1.3125
 1.34375
 1.375
 1.40625
 1.4375
 1.46875
 1.5
 1.53125
 1.5625
 1.59375
 1.625
 1.65625
 1.6875
 1.71875
 1.75
 1.78125
 1.8125
 1.84375
 1.875
 1.90625
 1.9375
 1.96875
 2


