# Created by Octave 6.2.0, Tue Jun 01 00:44:09 2021 -03 <kuroneko@kuroneko-VirtualBox>
# name: uu
# type: matrix
# rows: 16
# columns: 2
 -0.0086825306439259967 0.14644660940672671
 0.48698557054358083 0.85355339059327395
 1.0086825306439258 0.85355339059327362
 0.51301442945641962 0.14644660940672619
 -0.0086825306439260817 0.14644660940672632
 0.4869855705435796 0.85355339059327395
 1.0086825306439258 0.85355339059327406
 0.51301442945642017 0.14644660940672627
 -0.0086825306439262152 0.14644660940672627
 0.48698557054357899 0.85355339059327395
 1.0086825306439262 0.85355339059327395
 0.5130144294564204 0.14644660940672632
 -0.008682530643926243 0.14644660940672616
 0.48698557054357822 0.85355339059327329
 1.0086825306439262 0.85355339059327373
 0.51301442945642139 0.14644660940672677


# name: x
# type: range
# base, limit, increment
-2 2 0.125


# name: h
# type: scalar
0.25


# name: exata
# type: matrix
# rows: 33
# columns: 1
 5.9990391306474304e-32
 0.14644660940672671
 0.50000000000000022
 0.85355339059327351
 1
 0.85355339059327329
 0.49999999999999989
 0.14644660940672616
 1.4997597826618576e-32
 0.14644660940672632
 0.50000000000000011
 0.85355339059327373
 1
 0.85355339059327373
 0.49999999999999989
 0.14644660940672624
 0
 0.14644660940672624
 0.49999999999999989
 0.85355339059327373
 1
 0.85355339059327373
 0.50000000000000011
 0.14644660940672632
 1.4997597826618576e-32
 0.14644660940672616
 0.49999999999999989
 0.85355339059327329
 1
 0.85355339059327351
 0.50000000000000022
 0.14644660940672671
 5.9990391306474304e-32


# name: xl
# type: matrix
# rows: 33
# columns: 1
 -2
 -1.875
 -1.75
 -1.625
 -1.5
 -1.375
 -1.25
 -1.125
 -1
 -0.875
 -0.75
 -0.625
 -0.5
 -0.375
 -0.25
 -0.125
 0
 0.125
 0.25
 0.375
 0.5
 0.625
 0.75
 0.875
 1
 1.125
 1.25
 1.375
 1.5
 1.625
 1.75
 1.875
 2


