# Created by Octave 6.2.0, Fri Jul 02 02:54:55 2021 -03 <kuroneko@kuroneko-VirtualBox>
# name: xl
# type: matrix
# rows: 11
# columns: 1
 0
 0.20000000000000001
 0.40000000000000002
 0.60000000000000009
 0.80000000000000004
 1
 1.2
 1.3999999999999999
 1.5999999999999999
 1.7999999999999998
 1.9999999999999998


# name: h
# type: scalar
0.20000000000000001


# name: deltaT
# type: scalar
0.040000000000000008


# name: U
# type: matrix
# rows: 11
# columns: 33
 0 1.12332718893748e-11 7.4436160781634811e-12 4.3146969877460411e-12 2.2766325176964056e-12 1.1217674942553966e-12 5.2506845684702247e-13 2.3626525672562774e-13 1.0307538391995259e-13 4.3873125859559464e-14 1.8305004978569142e-14 7.513251299296763e-15 3.042177761510972e-15 1.2178546378285334e-15 4.8286285214060582e-16 1.8988310841439806e-16 7.4145799918071839e-17 2.8776592978041216e-17 1.1109375092914497e-17 4.2690000732567307e-18 1.6337764460465181e-18 6.230113180658747e-19 2.3681697682685172e-19 8.9762546587076876e-20 3.3937047981538072e-20 1.2801572265929117e-20 4.8190574206185142e-21 1.8107448339913663e-21 6.7924285715700817e-22 2.5440924487758496e-22 9.5156896002755636e-23 3.5546769254327428e-23 1.3263545783910009e-23
 0 9.4504869959837816e-12 2.4317851648403784e-12 1.4433607671827969e-12 1.1129206922863072e-12 7.8025581619294013e-13 4.9420810136602515e-13 2.9541325468753207e-13 1.7285655874899448e-13 1.0089173931938388e-13 5.89424969239933e-14 3.4358674422342122e-14 1.9930337669267638e-14 1.1504488038356978e-14 6.7867885657447575e-15 1.2262396300927565e-14 2.6443066054348985e-13 5.4690350025989621e-12 8.0812368980362171e-11 8.8393163730593182e-10 7.4189859647549208e-09 4.9262622016950189e-08 2.6559420315896499e-07 1.1887776473731155e-06 4.5026884282605542e-06 1.467315544840001e-05 4.1736216667245853e-05 0.00010493336761609363 0.00023579534590002118 0.00047821692745954482 0.0008829762936012832 0.0014957582658423917 0.0023407794982026387
 0 7.4456762285119262e-12 2.7212689619268418e-12 6.7506898821877652e-13 2.0501822059943858e-13 1.0148570993727539e-13 6.1022052372569373e-14 3.4140009094549572e-14 1.6693956781196191e-14 7.2381655490648052e-15 2.9021220840142559e-15 1.1356133656663359e-15 4.5318611513504449e-16 1.8519298518742981e-16 -5.9669092254771594e-18 -4.0146706138343989e-15 -1.2453722938663025e-13 -2.5758610661796888e-12 -3.7681812078739728e-11 -4.0703129559927159e-10 -3.3658073445097222e-09 -2.1967463282931553e-08 -1.1614319981567325e-07 -5.0863516681319893e-07 -1.8808512810444496e-06 -5.9711852211587765e-06 -1.6512557248157219e-05 -4.028284578564339e-05 -8.766322735320117e-05 -0.00017186209213585721 -0.0003061950646556317 -0.00049962743111360293 -0.00075186557621810394
 0 6.5077803336665613e-12 4.4403282458783465e-12 2.4416412573950351e-12 1.5448566319789398e-12 1.0249251991788031e-12 6.5132379721974142e-13 3.9514106841868577e-13 2.3376091880175567e-13 1.3700331760569179e-13 8.0009763231388355e-14 4.6563510929522559e-14 2.6980177233257453e-14 1.5568722280088718e-14 9.1759291995046547e-15 1.6145426695832106e-14 3.4364034377047765e-13 7.0973097993316668e-12 1.0473291753682783e-10 1.1437915507337292e-09 9.583071163511164e-09 6.3509083585756952e-08 3.4169754483756204e-07 1.5261530103937597e-06 5.7681392824733651e-06 1.8757215764473633e-05 5.3244475131562045e-05 0.00013361224699000922 0.00029971618513008726 0.00060691418222008598 0.0011191159134169319 0.0018937211783964126 0.0029611111017553114
 0 4.8174840831909615e-12 3.4063208851783981e-12 1.1904126445685795e-12 2.755746660556014e-13 7.3004932713582471e-14 4.5570115213979776e-14 3.2763449551740293e-14 1.8613629711536777e-14 8.5185934117529109e-15 3.3575571769715502e-15 1.2383560584627243e-15 4.6835567544898834e-16 1.883921402343442e-16 -1.1555291336212451e-16 -9.562978235160475e-15 -2.9550382096219164e-13 -6.1139651583706042e-12 -8.9482696345205802e-11 -9.6715577760010008e-10 -8.0034850244650558e-09 -5.2282501634528807e-08 -2.7671145114346919e-07 -1.2133090089634343e-06 -4.4929311701864904e-06 -1.4286559075904414e-05 -3.9578265138382054e-05 -9.6743638652953661e-05 -0.0002109910907837096 -0.00041462422629399661 -0.00074059755073312584 -0.0012117656822590872 -0.0018288415547210229
 0 4.6309107992755143e-12 5.1992737296945865e-12 3.6398232064778981e-12 2.2661634603745934e-12 1.3992155044725732e-12 8.6156472309750612e-13 5.234835444690078e-13 3.1328808583042144e-13 1.8520170982650184e-13 1.0847778144323613e-13 6.3102324164198017e-14 3.6519552876890964e-14 2.1059972632529591e-14 1.2442623204097425e-14 2.3334572564253412e-14 5.1008139044808188e-13 1.051570789300723e-11 1.5468250022731918e-10 1.6827823525487465e-09 1.4035858551624862e-08 9.2549882526773099e-08 4.951876594869593e-07 2.1985223533515829e-06 8.2571114756920119e-06 2.6675605790213214e-05 7.521543487992793e-05 0.00018747187230163997 0.00041769986687463127 0.00084020628257511643 0.0015392484877733475 0.0025883456716700535 0.0040230425573299722
 0 2.914112254795261e-12 2.9419515274131961e-12 1.3874483363336309e-12 3.8244254538299886e-13 7.3085446806171941e-14 2.8850767003047747e-14 2.5112305612136049e-14 1.7055489155570928e-14 8.5825993989965835e-15 3.4900481556664288e-15 1.2577228180944009e-15 4.5020816307391515e-16 1.7221000634565707e-16 -2.9578895924803452e-16 -1.808338066558494e-14 -5.5759910528926027e-13 -1.1530289142776141e-11 -1.6864418742558907e-10 -1.8213646830002957e-09 -1.5059477157999156e-08 -9.8286033172315352e-08 -5.1970414578153367e-07 -2.2766628325083773e-06 -8.4231790272965601e-06 -2.676266003467075e-05 -7.4090893086492377e-05 -0.00018100944303016717 -0.00039462941846527433 -0.00077537520878160119 -0.0013850466038311732 -0.0022668577917363533 -0.003423005709434543
 0 3.5434711451864574e-12 5.5052353849666724e-12 4.7708576945093819e-12 3.2006144872032415e-12 1.9429510566063108e-12 1.1577107715374884e-12 6.9468188707805883e-13 4.1759941795021699e-13 2.4894191496005003e-13 1.4658271018365747e-13 8.5400182694342608e-14 4.9409311074566262e-14 2.8479572576795994e-14 1.6907556387100315e-14 3.5616314700636417e-14 8.1352225197052692e-13 1.6744738176710798e-11 2.4546395551732303e-10 2.659189582865512e-09 2.2070942128247757e-08 1.4471684851165974e-07 7.6948002350812253e-07 3.3930749934053188e-06 1.2650512212484515e-05 4.0553477073792434e-05 0.00011342440930825189 0.00028035561336060692 0.00061934783305898509 0.0012351278529281399 0.0022432766267366862 0.003739979389808665 0.0057640754137372185
 0 1.4044442712428518e-12 1.7624856611670189e-12 1.0230913158656897e-12 3.4603644643107944e-13 7.3317515164036831e-14 1.8028874219329226e-14 1.4082086538898509e-14 1.0971454946420633e-14 6.1283794391003788e-15 2.6548561245189473e-15 9.7718412654346856e-16 3.4128873984069077e-16 1.2006815599761572e-16 -6.0186586955306968e-16 -3.1922347069063534e-14 -9.8241257687650519e-13 -2.0290935974088922e-11 -2.9634999076744232e-10 -3.1950771050128895e-09 -2.636539133126016e-08 -1.7169603818819133e-07 -9.0571648975755139e-07 -3.9577447861533569e-06 -1.4605170210726119e-05 -4.6284266927036422e-05 -0.00012780777425275397 -0.00031147149590331571 -0.00067746546918039335 -0.0013282009835876914 -0.0023678774846342568 -0.0038686875229029523 -0.005833154768813833
 0 3.1098408863234565e-12 5.8803336520893511e-12 5.8773908093489442e-12 4.2708884961347418e-12 2.6522874165732315e-12 1.565987818836652e-12 9.2860749870269503e-13 5.5693851900274255e-13 3.3338791603763551e-13 1.9726147336063069e-13 1.1526387247716345e-13 6.6760558079625662e-14 3.8491580824959251e-14 2.301597318018428e-14 5.6070715409129745e-14 1.3414124541732561e-12 2.7572777790088101e-11 4.0291689779041693e-10 4.3479971834305948e-09 3.5923049700200404e-08 2.3431143763803255e-07 1.2385655121431504e-06 5.4263486536191025e-06 2.0090177604896809e-05 6.3923363593621686e-05 0.00017738431289699653 0.00043485448990392063 0.0009525154356088473 0.0018830268963756043 0.0033897435118490629 0.0056008278208554262 0.0085545730630121365
