# Created by Octave 6.2.0, Fri Jul 02 11:33:07 2021 -03 <kuroneko@kuroneko-VirtualBox>
# name: xlSUPG
# type: matrix
# rows: 11
# columns: 1
 0
 0.20000000000000001
 0.40000000000000002
 0.60000000000000009
 0.80000000000000004
 1
 1.2
 1.3999999999999999
 1.5999999999999999
 1.7999999999999998
 1.9999999999999998


# name: hSUPG
# type: scalar
0.20000000000000001


# name: deltaT
# type: scalar
0.040000000000000008


# name: U
# type: matrix
# rows: 11
# columns: 32
 0 1.12332718893748e-11 7.4436160781634811e-12 4.3146969877460411e-12 2.2766325176964056e-12 1.1217674942553966e-12 5.2506845684702247e-13 2.3626525672562774e-13 1.0307538391995259e-13 4.3873125859559464e-14 1.8305004978569142e-14 7.513251299296763e-15 3.042177761510972e-15 1.2178546378285334e-15 4.8286285214060582e-16 1.8988310841439806e-16 7.4145799918071839e-17 2.8776592978041216e-17 1.1109375092914497e-17 4.2690000732567307e-18 1.6337764460465181e-18 6.230113180658747e-19 2.3681697682685172e-19 8.9762546587076876e-20 3.3937047981538072e-20 1.2801572265929117e-20 4.8190574206185142e-21 1.8107448339913663e-21 6.7924285715700817e-22 2.5440924487758496e-22 9.5156896002755636e-23 3.5546769254327428e-23
 0 -0.017648233829894867 -0.028001531097551699 -0.032637925016318382 -0.033099378675572277 -0.030722476698720781 -0.026616410479047659 -0.021660268430742046 -0.016514931800614176 -0.01164510098326468 -0.0073474459431031496 -0.0037814942651245016 -0.0010005610604068389 0.001019278867424937 0.0023535238053755628 0.0031076552360933384 0.0033999200746233321 0.0033484074221507244 0.0030620733912115855 0.0026351938926965127 0.0021446338525581868 0.0016492968559164265 0.0011911458805701348 0.00079724874940243829 0.00048238840581022331 0.00025187757043632731 0.00010432061860218942 3.4163198851932572e-05 3.3951512593796342e-05 9.6277757817162456e-05 0.00021540966707234299 0.00038859271278035909
 0 0.29810889173198113 0.23277687077759751 0.17413451778132158 0.12350403149905999 0.081427421478180897 0.047827522351836592 0.022167897293099748 0.0036015849477960588 -0.0088981529567663462 -0.016429041347759084 -0.020074473331293103 -0.020841237034349508 -0.019618433602155493 -0.017154789224084577 -0.014051050030819065 -0.010763991363591643 -0.0076186929000620993 -0.0048260494698587914 -0.0025029311475477352 -0.00069291218479810212 0.00061399469579810954 0.0014636725007981665 0.0019229396437997529 0.0020675615490690735 0.0019732010799923456 0.0017090469627582142 0.0013337062131453419 0.00089287484085501245 0.00041831664282306492 -7.2223686685446355e-05 -0.00057439771760816358
 0 0.39311145103582157 0.39820095044177917 0.38654145883664237 0.361866071392342 0.32792349197330012 0.2882289570133198 0.24588936944958248 0.20349694452987854 0.16308226254692354 0.12611568380359989 0.093545392399815408 0.065860642988140414 0.043169823233378139 0.025284460793132773 0.011802071228525455 0.0021825738169388891 -0.0041852506732941459 -0.0079292265689985576 -0.0096518328527583127 -0.009900468449753402 -0.0091488235620274423 -0.0077877678199811092 -0.0061239124460306087 -0.0043839289616034328 -0.0027227627943853202 -0.0012340290447957021 3.8895612481494219e-05 0.0010922602315039344 0.0019525793426823574 0.0026688278970822795 0.0033060288376870347
 0 0.062036512477193877 0.12276137599810448 0.17782119003490962 0.22397687766768914 0.25921697715496816 0.28265657121168863 0.29437392255370148 0.29521141510832938 0.28656382494003119 0.27017248780294201 0.24793913996365929 0.22176852724543161 0.19344463093188172 0.16454176296898279 0.13636895026679249 0.10994398694851697 0.085992245551979429 0.064964717402182556 0.047069683231351245 0.032312768624426814 0.02054078478305988 0.01148557015171962 0.0048049209024074429 0.00011853284752332142 -0.0029623929091088749 -0.0048126215590629995 -0.0057776456279524336 -0.0061654074226168906 -0.0062440347771610802 -0.0062439765416977613 -0.00636238278728808
 0 -0.0042713117649106703 0.0027359486351223447 0.019921638214678225 0.045275855978240409 0.076240874762790345 0.11004495997699784 0.1439857991710988 0.17565065246949443 0.20306855884698849 0.22479660639873089 0.23994722434807253 0.24816668874979769 0.24957669695264958 0.24469119399679645 0.23431991423951565 0.21946863634298308 0.20124422978397363 0.18077045420694252 0.15911837197449158 0.13725331110040781 0.11599868279985961 0.096015685990078231 0.077797060684059449 0.061672596679313359 0.047824028599818609 0.036307126809275468 0.027078985940515693 0.020028435535716951 0.015007003654015314 0.011857127815927009 0.010433835619003686
 0 0.00029614633292968307 -0.00096226957301619154 -0.0015764776058739163 0.00030118387070307779 0.0059885676418818083 0.016190561048587689 0.030998702174800916 0.049955853330670125 0.07216605489053525 0.096429832996310846 0.1213871384882716 0.14565317428398242 0.16793608165020696 0.18712933238966439 0.20237533925486537 0.21309998097284477 0.21902027423598774 0.22012923912582527 0.21666310042394357 0.2090564067200234 0.19789052787144315 0.18384041078419502 0.16762351611715981 0.14995359394878002 0.13150051478712238 0.11285606588312669 0.094504983622348562 0.076801051710551405 0.059949911799295791 0.04400251179465399 0.028864354641376381
 0 -2.0532650189999957e-05 0.000120279517407804 -1.6885158542805232e-05 -0.00041955422040639636 -0.00071569106034327396 -0.00030087239417292302 0.001523472705140522 0.0054203540425088546 0.011910317594034839 0.021296051600196177 0.033621980013341962 0.04866787648771765 0.065972122357258051 0.084877958999392392 0.10459492106089525 0.12426745811049457 0.14304337088404803 0.16013588469732457 0.17487473244001428 0.18674331864066357 0.19540072777864911 0.20068894956795913 0.20262724978618096 0.20139718510366261 0.19732322266095459 0.19085466055740832 0.18255342541723688 0.1730884028677617 0.16323069658656963 0.15383821603891773 0.14581616598052113
 0 1.4227415001263842e-06 -1.2041876412004845e-05 1.9562358967165265e-05 4.2584640694322077e-05 -1.4291326274101936e-05 -0.00016615067226518116 -0.00032701925495539117 -0.00029546244568632001 0.00023249837197983797 0.0016293305853292332 0.0042886385550617518 0.00857275065644892 0.01476283864428625 0.023017772557631641 0.033346075154152915 0.045593331901552583 0.059445474283474499 0.074446668343892658 0.090029226629029832 0.10555206814523245 0.12034372906500686 0.1337455799277997 0.14515037096600028 0.15403018823405626 0.15994669578218609 0.16253685162014397 0.16147190560285507 0.1563981983526872 0.14688277359494042 0.13239756118588822 0.11237347369174822
 0 -9.6240318977445391e-08 1.0600181822486284e-06 -3.1685521147619826e-06 -1.2514325258530976e-06 9.8548320475149198e-06 1.718237798822241e-05 -9.20920878779231e-07 -5.8231002613172745e-05 -0.00014070032885481022 -0.0001883376278021289 -8.2916402915132509e-05 0.00035599958789051542 0.0013657940299718787 0.0032268050654693536 0.0062412524435613813 0.01070751940278135 0.016892621659670478 0.02500572873833724 0.035175331866263995 0.047432192179563556 0.061699790561018639 0.077794133977954608 0.09543623241987588 0.11428380570572373 0.13399237705270567 0.15431503450739412 0.17523795760147814 0.19712257038290351 0.22079368822380319 0.24749721449720075 0.27867241257734493
 0 1.4535033522001284e-80 3.9622403281429166e-67 1.0758042141813852e-56 2.2010432769344063e-48 1.2500788026109838e-41 4.7426265711290953e-36 2.218613982414948e-31 1.9888057853983341e-27 4.7291625223286955e-24 3.8116786852254326e-21 1.2570546516311827e-18 1.9648829840834523e-16 1.635434178352792e-14 7.9582936058320875e-13 2.4424921606231163e-11 5.031357148891784e-10 7.3238429662420093e-09 7.8644357811319706e-08 6.4592800190722582e-07 4.1841418479136506e-06 2.1943014463880156e-05 9.5280939201895681e-05 0.00034926373167220936 0.0010991141423155552 0.0030133015037492107 0.0072900601384936065 0.01574037635784566 0.030635707246983449 0.054226398992859685 0.087979354788221734 0.13176128659718059


# name: x
# type: range
# base, limit, increment
0 2 0.20000000000000001


