# Created by Octave 6.2.0, Wed Jun 02 15:13:59 2021 -03 <kuroneko@kuroneko-VirtualBox>
# name: xl
# type: matrix
# rows: 9
# columns: 1
 0
 0.125
 0.25
 0.375
 0.5
 0.625
 0.75
 0.875
 1


# name: h
# type: scalar
0.125


# name: u
# type: matrix
# rows: 9
# columns: 1
 0
 0.74040260925606349
 0.9323600267995853
 0.9814160925112454
 0.99121038183821331
 0.98243505533042053
 0.93655069078830588
 0.75661848988345781
 0


# name: x
# type: range
# base, limit, increment
0 1 0.125


# name: exata
# type: matrix
# rows: 9
# columns: 1
 0
 0.71334975571565107
 0.91736566859879498
 0.97455295530180519
 0.98652471777869544
 0.97455295530180519
 0.91736566859879498
 0.71334975571565096
 0


