# Created by Octave 6.2.0, Mon May 31 20:05:22 2021 -03 <kuroneko@kuroneko-VirtualBox>
# name: xl
# type: matrix
# rows: 1
# columns: 17
 0 0.0625 0.125 0.1875 0.25 0.3125 0.375 0.4375 0.5 0.5625 0.625 0.6875 0.75 0.8125 0.875 0.9375 1


# name: h
# type: scalar
0.0625


# name: u
# type: matrix
# rows: 17
# columns: 1
 0
 0.99999999999999956
 1
 1.0000000000000002
 0.99999999999999978
 1
 0.99999999999999978
 0.99999999999999978
 0.99999999999999956
 0.99999999999999956
 0.99999999999999956
 0.99999999999999956
 0.99999999999999956
 0.99999999999999956
 0.99999999999999956
 0.99999999999999956
 0


# name: x
# type: range
# base, limit, increment
0 1 0.0625


# name: exata
# type: matrix
# rows: 17
# columns: 1
 0
 0.86143607917265852
 0.98080003984402897
 0.99733957823425423
 0.99963136147995013
 0.99994891964669919
 0.99999291954689973
 0.99999900043614343
 0.99999972821135696
 0.99999900043614343
 0.99999291954689973
 0.99994891964669919
 0.99963136147995013
 0.99733957823425423
 0.98080003984402897
 0.86143607917265874
 0


