# Created by Octave 6.2.0, Mon May 31 23:45:47 2021 -03 <kuroneko@kuroneko-VirtualBox>
# name: xl
# type: matrix
# rows: 5
# columns: 1
 0
 0.25
 0.5
 0.75
 1


# name: h
# type: scalar
0.25


# name: u
# type: matrix
# rows: 5
# columns: 1
 0
 1.0067573742734675
 0.99990860752680777
 1.0067687117589601
 -0.0016779478529316038


# name: x
# type: range
# base, limit, increment
0 1 0.25


# name: exata
# type: matrix
# rows: 5
# columns: 1
 0
 0.91736566859879498
 0.98652471777869544
 0.91736566859879498
 0


