# Created by Octave 6.2.0, Sat Jun 19 19:45:48 2021 -03 <kuroneko@kuroneko-VirtualBox>
# name: xl
# type: matrix
# rows: 5
# columns: 1
 0
 0.25
 0.5
 0.75
 1


# name: h
# type: scalar
0.25


# name: u
# type: matrix
# rows: 5
# columns: 1
 0
 1.2363807831390152
 0.90386256314297375
 1.2094246762687861
 0


# name: x
# type: range
# base, limit, increment
0 1 0.25


# name: exata
# type: matrix
# rows: 5
# columns: 1
 0
 0.99963136147995013
 0.99999972821135696
 0.99963136147995013
 0


