# Created by Octave 6.2.0, Sun Jun 20 00:18:44 2021 -03 <kuroneko@kuroneko-VirtualBox>
# name: xlSU
# type: matrix
# rows: 6
# columns: 1
 0
 0.20000000000000001
 0.40000000000000002
 0.60000000000000009
 0.80000000000000004
 1


# name: hSU
# type: scalar
0.20000000000000001


# name: uSU
# type: matrix
# rows: 6
# columns: 1
 0
 0.4412589485871608
 0.28064759408053375
 -0.042560366909716485
 -0.38861730102763659
 1


# name: x
# type: range
# base, limit, increment
0 1 0.20000000000000001


# name: exata
# type: matrix
# rows: 6
# columns: 1
 1.0000000000065512e-05
 0.48614923012432243
 0.34132427622177541
 0.023051187242409732
 -0.31099446351826887
 1.0000064171738918


