# Created by Octave 6.2.0, Sun Jun 20 00:18:44 2021 -03 <kuroneko@kuroneko-VirtualBox>
# name: xlSU
# type: matrix
# rows: 11
# columns: 1
 0
 0.10000000000000001
 0.20000000000000001
 0.30000000000000004
 0.40000000000000002
 0.5
 0.59999999999999998
 0.69999999999999996
 0.79999999999999993
 0.89999999999999991
 0.99999999999999989


# name: hSU
# type: scalar
0.10000000000000001


# name: uSU
# type: matrix
# rows: 11
# columns: 1
 0
 0.36684266152637551
 0.47696124148866598
 0.44206342675167154
 0.32888562563875245
 0.17698464071461056
 0.0095197987372635066
 -0.16020948940409938
 -0.32455155902224753
 -0.46852062717702775
 1


# name: x
# type: range
# base, limit, increment
0 1 0.10000000000000001


# name: exata
# type: matrix
# rows: 11
# columns: 1
 1.0000000000065512e-05
 0.37259277099537869
 0.48614923012432243
 0.45329707734355251
 0.34132427622177541
 0.19012180274705592
 0.023051187242409732
 -0.14647233091184608
 -0.31099446351826865
 -0.46653832887609958
 1.0000064171738696


