# Created by Octave 6.2.0, Sun Jun 20 00:18:44 2021 -03 <kuroneko@kuroneko-VirtualBox>
# name: xlSU
# type: matrix
# rows: 51
# columns: 1
 0
 0.02
 0.040000000000000001
 0.059999999999999998
 0.080000000000000002
 0.10000000000000001
 0.12000000000000001
 0.14000000000000001
 0.16
 0.17999999999999999
 0.19999999999999998
 0.21999999999999997
 0.23999999999999996
 0.25999999999999995
 0.27999999999999997
 0.29999999999999999
 0.32000000000000001
 0.34000000000000002
 0.36000000000000004
 0.38000000000000006
 0.40000000000000008
 0.4200000000000001
 0.44000000000000011
 0.46000000000000013
 0.48000000000000015
 0.50000000000000011
 0.52000000000000013
 0.54000000000000015
 0.56000000000000016
 0.58000000000000018
 0.6000000000000002
 0.62000000000000022
 0.64000000000000024
 0.66000000000000025
 0.68000000000000027
 0.70000000000000029
 0.72000000000000031
 0.74000000000000032
 0.76000000000000034
 0.78000000000000036
 0.80000000000000038
 0.8200000000000004
 0.84000000000000041
 0.86000000000000043
 0.88000000000000045
 0.90000000000000047
 0.92000000000000048
 0.9400000000000005
 0.96000000000000052
 0.98000000000000054
 1.0000000000000004


# name: hSU
# type: scalar
0.02


# name: uSU
# type: matrix
# rows: 51
# columns: 1
 0
 0.10305116541275038
 0.19038550383879582
 0.26361569915334188
 0.32419865072010501
 0.37345034413426131
 0.41255930591848433
 0.44259877694474448
 0.4645377265288711
 0.47925081753973492
 0.48752742236415403
 0.49007978006715058
 0.48755037648990657
 0.48051862124863026
 0.46950688855869921
 0.45498598243944166
 0.43738008109200821
 0.41707121002829761
 0.39440328881064224
 0.36968579199270724
 0.34319706098908415
 0.31518730010570384
 0.28588128680046959
 0.25548082338176553
 0.22416695476308621
 0.19210197454904812
 0.15943123960803093
 0.12628481136845762
 0.092778940340101368
 0.059017408791587705
 0.025092745095250054
 -0.0089126780317745381
 -0.042925650312833227
 -0.07688122565870216
 -0.11072190962958105
 -0.14439692377666605
 -0.17786153729630108
 -0.21107645206769837
 -0.24400721079212098
 -0.27662354155730939
 -0.30889836165043072
 -0.34080552342607501
 -0.37231323793932225
 -0.40336291191787671
 -0.43379899106663683
 -0.46313445318756391
 -0.48976517487453675
 -0.50833634047462184
 -0.50091270026050727
 -0.40737344773909873
 1


# name: x
# type: range
# base, limit, increment
0 1 0.02


# name: exata
# type: matrix
# rows: 51
# columns: 1
 1.0000000000065512e-05
 0.10285070538589913
 0.18999490558604393
 0.2630533447813499
 0.32348116734278776
 0.37259277099537869
 0.41157524560817293
 0.44150053222370556
 0.46333642412986453
 0.4779565201856979
 0.48614923012432243
 0.48862592206584576
 0.48602829388609248
 0.47893504231697825
 0.46786789662384098
 0.45329707734355251
 0.43564623481114584
 0.41529691699435256
 0.39259261144276225
 0.36784240189410777
 0.34132427622177541
 0.31328811891640118
 0.28395841813543399
 0.25353671449618176
 0.22220381620149832
 0.19012180274705548
 0.15743583734162314
 0.12427580625578249
 0.090757801580835906
 0.056985462310975787
 0.023051187242409288
 -0.010962768101204556
 -0.044983299469742999
 -0.078945556818258211
 -0.11279213312492953
 -0.14647233091184675
 -0.17994149906371937
 -0.21316043324190614
 -0.24609483380986896
 -0.27871481562277478
 -0.31099446351826954
 -0.34291142014927001
 -0.37444643656326604
 -0.40558239762699944
 -0.43629924100371831
 -0.46653832887610047
 -0.49594091932248263
 -0.52191728004295368
 -0.52538067341777994
 -0.36533624696412104
 1.0000064171739602


