# Created by Octave 6.2.0, Sat Jul 31 20:23:39 2021 -03 <kuroneko@kuroneko-VirtualBox>
# name: xl
# type: matrix
# rows: 129
# columns: 1
 0
 0.0078125
 0.015625
 0.0234375
 0.03125
 0.0390625
 0.046875
 0.0546875
 0.0625
 0.0703125
 0.078125
 0.0859375
 0.09375
 0.1015625
 0.109375
 0.1171875
 0.125
 0.1328125
 0.140625
 0.1484375
 0.15625
 0.1640625
 0.171875
 0.1796875
 0.1875
 0.1953125
 0.203125
 0.2109375
 0.21875
 0.2265625
 0.234375
 0.2421875
 0.25
 0.2578125
 0.265625
 0.2734375
 0.28125
 0.2890625
 0.296875
 0.3046875
 0.3125
 0.3203125
 0.328125
 0.3359375
 0.34375
 0.3515625
 0.359375
 0.3671875
 0.375
 0.3828125
 0.390625
 0.3984375
 0.40625
 0.4140625
 0.421875
 0.4296875
 0.4375
 0.4453125
 0.453125
 0.4609375
 0.46875
 0.4765625
 0.484375
 0.4921875
 0.5
 0.5078125
 0.515625
 0.5234375
 0.53125
 0.5390625
 0.546875
 0.5546875
 0.5625
 0.5703125
 0.578125
 0.5859375
 0.59375
 0.6015625
 0.609375
 0.6171875
 0.625
 0.6328125
 0.640625
 0.6484375
 0.65625
 0.6640625
 0.671875
 0.6796875
 0.6875
 0.6953125
 0.703125
 0.7109375
 0.71875
 0.7265625
 0.734375
 0.7421875
 0.75
 0.7578125
 0.765625
 0.7734375
 0.78125
 0.7890625
 0.796875
 0.8046875
 0.8125
 0.8203125
 0.828125
 0.8359375
 0.84375
 0.8515625
 0.859375
 0.8671875
 0.875
 0.8828125
 0.890625
 0.8984375
 0.90625
 0.9140625
 0.921875
 0.9296875
 0.9375
 0.9453125
 0.953125
 0.9609375
 0.96875
 0.9765625
 0.984375
 0.9921875
 1


# name: h
# type: scalar
0.03125


# name: u
# type: matrix
# rows: 129
# columns: 1
 -2.9174236078571743
 3.9639589197369447
 2.5684643276302674
 3.3817624648491691
 2.2037948886921064
 3.2873224248256729
 2.9849311936712635
 3.1515889327973139
 2.8824494088844652
 3.1017444169088533
 3.0210177048714546
 3.0399097920751093
 2.9634921563407661
 2.9908912186797099
 2.9522548429168003
 2.9336940343284539
 2.8932269839929901
 2.8737681307623211
 2.8387395714115149
 2.8067093840632147
 2.7686495789519188
 2.7338237726322641
 2.6943696111392534
 2.6543069665781895
 2.6117104698607596
 2.5685970817787069
 2.5232939021702792
 2.4766894897438321
 2.4283915745240332
 2.3788587202823304
 2.3277542999639453
 2.2752949754669296
 2.2214214718962539
 2.1662591921341106
 2.1097619932546885
 2.0520042493500057
 1.9930008894593294
 1.9328078618310827
 1.8714439508402438
 1.8089550739890043
 1.7453743440257778
 1.6807447883033069
 1.6151012483304255
 1.5484854206961924
 1.4809362450497336
 1.4124957090714212
 1.3432038863403581
 1.2731031675276197
 1.2022353507473718
 1.1306436285852073
 1.0583706609168415
 0.98546026963867261
 0.91195615006830411
 0.83790285441241119
 0.76334473114732182
 0.68832685812740335
 0.61289428669745105
 0.53709262255982382
 0.46096737081695321
 0.38456448430430296
 0.30792991061989605
 0.23110989618936664
 0.15415064196516617
 0.077098544609887312
 1.0956918591129077e-12
 -0.07709854460954714
 -0.1541506419639323
 -0.23110989618917679
 -0.30792991061823827
 -0.38456448430405116
 -0.46096737081562827
 -0.53709262255945578
 -0.61289428669597623
 -0.68832685812701888
 -0.76334473114637358
 -0.83790285441224654
 -0.91195615006592734
 -0.98546026963840483
 -1.0583706609154475
 -1.1306436285851427
 -1.2022353507452332
 -1.2731031675276643
 -1.3432038863394824
 -1.4124957090711314
 -1.4809362450479697
 -1.548485420696087
 -1.615101248329657
 -1.6807447883026823
 -1.7453743440248684
 -1.8089550739885027
 -1.8714439508396148
 -1.9328078618306415
 -1.9930008894588787
 -2.0520042493495385
 -2.1097619932539642
 -2.1662591921338814
 -2.2214214718952165
 -2.2752949754664149
 -2.3277542999630625
 -2.3788587202820906
 -2.4283915745224913
 -2.4766894897436709
 -2.5232939021693097
 -2.5685970817783157
 -2.6117104698593496
 -2.6543069665778214
 -2.6943696111385087
 -2.733823772632086
 -2.768649578949947
 -2.8067093840630268
 -2.8387395714106272
 -2.8737681307622811
 -2.8932269839912017
 -2.9336940343282434
 -2.9522548429158619
 -2.9908912186792662
 -2.9634921563392185
 -3.0399097920748219
 -3.0210177048705815
 -3.1017444169082116
 -2.8824494088829442
 -3.1515889327969955
 -2.9849311936704761
 -3.2873224248251218
 -2.2037948886915082
 -3.3817624648492575
 -2.568464327631041
 -3.9639589197370051
 2.9174236078556754


# name: p
# type: matrix
# rows: 129
# columns: 1
 0
 0.026860985754010552
 0.049133846494931389
 0.074718214372570063
 0.098356773555278915
 0.12400409172148615
 0.14778862519024083
 0.1722358820546768
 0.19616006475797107
 0.22044109569786507
 0.24420471868431654
 0.26798379684610257
 0.29151171339353749
 0.3149669692433737
 0.33815023849540832
 0.36116543952282276
 0.38394435549206463
 0.40651477417374809
 0.42882320119620465
 0.45088159554652257
 0.47266496050005047
 0.49416911697178395
 0.51537251571449072
 0.53626785624968609
 0.5568400295088014
 0.57707856992555506
 0.59696943444964612
 0.61650182058882386
 0.6356634194964268
 0.6544431037740529
 0.67282916202468435
 0.69081077338456154
 0.70837698951849348
 0.72551731840873213
 0.74222134916857641
 0.75847907486995148
 0.77428067742089846
 0.78961665761025113
 0.80447775887803519
 0.81885504146374033
 0.83273983974821808
 0.84612379404394567
 0.85899883816953038
 0.87135721942035527
 0.8831914925233868
 0.89449452972271226
 0.90525952145881283
 0.91547998402616559
 0.92514976084308842
 0.93426302729309274
 0.94281429355403501
 0.95079840892959411
 0.95821056409750305
 0.9650462942272402
 0.97130148157312768
 0.97697235838998264
 0.98205550877554171
 0.98654787080301065
 0.99044673834492492
 0.99374976296550455
 0.99645495504589621
 0.998560685076749
 1.0000656845856077
 1.0009690470785659
 1.0012702283739092
 1.000969047078565
 1.000065684585606
 0.99856068507674689
 0.99645495504589532
 0.99374976296550421
 0.99044673834492281
 0.98654787080300643
 0.98205550877553827
 0.97697235838997976
 0.97130148157312435
 0.96504629422723776
 0.9582105640974995
 0.95079840892958944
 0.94281429355402868
 0.93426302729308563
 0.92514976084308176
 0.91547998402615927
 0.90525952145880817
 0.89449452972270738
 0.88319149252338147
 0.87135721942034983
 0.85899883816952627
 0.84612379404394045
 0.83273983974821231
 0.81885504146373422
 0.80447775887802897
 0.78961665761024491
 0.77428067742089324
 0.75847907486994748
 0.7422213491685713
 0.72551731840872702
 0.70837698951848882
 0.69081077338455632
 0.67282916202467813
 0.65444310377404691
 0.63566341949642058
 0.61650182058881831
 0.59696943444964112
 0.57707856992554962
 0.55684002950879596
 0.53626785624968032
 0.51537251571448517
 0.49416911697177951
 0.47266496050004464
 0.45088159554651602
 0.42882320119619877
 0.40651477417374354
 0.38394435549206096
 0.36116543952281899
 0.3381502384954051
 0.31496696924336987
 0.29151171339353293
 0.26798379684609797
 0.24420471868431268
 0.22044109569786044
 0.19616006475796471
 0.17223588205467036
 0.14778862519023542
 0.1240040917214804
 0.098356773555274377
 0.074718214372566927
 0.049133846494931938
 0.026860985754013012
 1.2246467991473532e-16


# name: x
# type: range
# base, limit, increment
0 1 0.0078125


