# Created by Octave 6.2.0, Sat Jul 31 20:23:46 2021 -03 <kuroneko@kuroneko-VirtualBox>
# name: xl
# type: matrix
# rows: 257
# columns: 1
 0
 0.00390625
 0.0078125
 0.01171875
 0.015625
 0.01953125
 0.0234375
 0.02734375
 0.03125
 0.03515625
 0.0390625
 0.04296875
 0.046875
 0.05078125
 0.0546875
 0.05859375
 0.0625
 0.06640625
 0.0703125
 0.07421875
 0.078125
 0.08203125
 0.0859375
 0.08984375
 0.09375
 0.09765625
 0.1015625
 0.10546875
 0.109375
 0.11328125
 0.1171875
 0.12109375
 0.125
 0.12890625
 0.1328125
 0.13671875
 0.140625
 0.14453125
 0.1484375
 0.15234375
 0.15625
 0.16015625
 0.1640625
 0.16796875
 0.171875
 0.17578125
 0.1796875
 0.18359375
 0.1875
 0.19140625
 0.1953125
 0.19921875
 0.203125
 0.20703125
 0.2109375
 0.21484375
 0.21875
 0.22265625
 0.2265625
 0.23046875
 0.234375
 0.23828125
 0.2421875
 0.24609375
 0.25
 0.25390625
 0.2578125
 0.26171875
 0.265625
 0.26953125
 0.2734375
 0.27734375
 0.28125
 0.28515625
 0.2890625
 0.29296875
 0.296875
 0.30078125
 0.3046875
 0.30859375
 0.3125
 0.31640625
 0.3203125
 0.32421875
 0.328125
 0.33203125
 0.3359375
 0.33984375
 0.34375
 0.34765625
 0.3515625
 0.35546875
 0.359375
 0.36328125
 0.3671875
 0.37109375
 0.375
 0.37890625
 0.3828125
 0.38671875
 0.390625
 0.39453125
 0.3984375
 0.40234375
 0.40625
 0.41015625
 0.4140625
 0.41796875
 0.421875
 0.42578125
 0.4296875
 0.43359375
 0.4375
 0.44140625
 0.4453125
 0.44921875
 0.453125
 0.45703125
 0.4609375
 0.46484375
 0.46875
 0.47265625
 0.4765625
 0.48046875
 0.484375
 0.48828125
 0.4921875
 0.49609375
 0.5
 0.50390625
 0.5078125
 0.51171875
 0.515625
 0.51953125
 0.5234375
 0.52734375
 0.53125
 0.53515625
 0.5390625
 0.54296875
 0.546875
 0.55078125
 0.5546875
 0.55859375
 0.5625
 0.56640625
 0.5703125
 0.57421875
 0.578125
 0.58203125
 0.5859375
 0.58984375
 0.59375
 0.59765625
 0.6015625
 0.60546875
 0.609375
 0.61328125
 0.6171875
 0.62109375
 0.625
 0.62890625
 0.6328125
 0.63671875
 0.640625
 0.64453125
 0.6484375
 0.65234375
 0.65625
 0.66015625
 0.6640625
 0.66796875
 0.671875
 0.67578125
 0.6796875
 0.68359375
 0.6875
 0.69140625
 0.6953125
 0.69921875
 0.703125
 0.70703125
 0.7109375
 0.71484375
 0.71875
 0.72265625
 0.7265625
 0.73046875
 0.734375
 0.73828125
 0.7421875
 0.74609375
 0.75
 0.75390625
 0.7578125
 0.76171875
 0.765625
 0.76953125
 0.7734375
 0.77734375
 0.78125
 0.78515625
 0.7890625
 0.79296875
 0.796875
 0.80078125
 0.8046875
 0.80859375
 0.8125
 0.81640625
 0.8203125
 0.82421875
 0.828125
 0.83203125
 0.8359375
 0.83984375
 0.84375
 0.84765625
 0.8515625
 0.85546875
 0.859375
 0.86328125
 0.8671875
 0.87109375
 0.875
 0.87890625
 0.8828125
 0.88671875
 0.890625
 0.89453125
 0.8984375
 0.90234375
 0.90625
 0.91015625
 0.9140625
 0.91796875
 0.921875
 0.92578125
 0.9296875
 0.93359375
 0.9375
 0.94140625
 0.9453125
 0.94921875
 0.953125
 0.95703125
 0.9609375
 0.96484375
 0.96875
 0.97265625
 0.9765625
 0.98046875
 0.984375
 0.98828125
 0.9921875
 0.99609375
 1


# name: h
# type: scalar
0.015625


# name: u
# type: matrix
# rows: 257
# columns: 1
 -2.9164201542273482
 3.9645836916039454
 2.5713545431942317
 3.3881262560653087
 2.2152230175150267
 3.3050209797193766
 3.0104332060220056
 3.1862511137431682
 2.9277049725401878
 3.1589332202491316
 3.0915435406092691
 3.1251292686634362
 3.0647691624870932
 3.1095585798416283
 3.0896485064632944
 3.0911274058568927
 3.0720026579259669
 3.0751679453728529
 3.0640322601331071
 3.0571433944197772
 3.0454555967748296
 3.0382109771443044
 3.0275275951900511
 3.017402626272554
 3.005888545536564
 2.9949778470467128
 2.9829738320086197
 2.9707391318666896
 2.9578556632869053
 2.9447542881944622
 2.9310710560029025
 2.9169935075729199
 2.9024332691018655
 2.8874849748560725
 2.8720720067526129
 2.8562366709116023
 2.8399618309971864
 2.823269888062927
 2.8061463298508142
 2.7886023742839772
 2.7706364331868518
 2.752255544003039
 2.7334587730973827
 2.714250836635999
 2.6946336919410863
 2.6746112593981652
 2.6541857240982702
 2.6333605917760008
 2.6121387738705377
 2.5905237063019695
 2.5685184336706799
 2.5461263852357421
 2.5233508622795866
 2.5001953771633776
 2.4766633410859473
 2.4527583446812806
 2.4284839510684129
 2.4038438632103936
 2.3788417460781561
 2.3534813960462921
 2.3277666036272961
 2.3017012798820637
 2.2752893121851652
 2.2485347049350932
 2.2214414613242814
 2.1940136967908637
 2.1662555068851859
 2.1381710968446277
 2.1097646717039753
 2.0810405425787599
 2.052003002292492
 2.0226564473161797
 1.9930052741397453
 1.9630539794315194
 1.9328070427255759
 1.902269041246867
 1.8714445522879353
 1.8403382473086707
 1.8089547816960034
 1.7772989024391068
 1.7453753565861188
 1.7131889791542005
 1.6807445901514466
 1.6480470949014732
 1.6151013987759293
 1.5819124886901115
 1.5484853376749288
 1.5148249975610548
 1.4809365202311431
 1.4468250324819678
 1.4124956483875319
 1.3779535541180632
 1.3432039358936305
 1.3082520480434812
 1.2731031333640623
 1.2377624998686501
 1.2022354556231722
 1.1665273698323575
 1.1306436013807069
 1.0945895673427748
 1.0583706848360142
 1.0219924250111139
 0.98546024992850645
 0.94877967267452779
 0.91195620636670782
 0.87499541092268507
 0.83790283841860358
 0.80068408466996577
 0.76334474552047327
 0.72589045624828119
 0.68832684557987445
 0.65065957857477597
 0.61289432032086233
 0.57503676788450286
 0.53709261307992417
 0.49906757656359074
 0.46096737901887225
 0.42279776557969589
 0.38456447743055799
 0.34627327704648714
 0.30792992692664201
 0.26954020642423293
 0.23110989227165224
 0.19264477487697018
 0.15415064466552175
 0.11563330130383463
 0.077098543139258749
 0.038552174569604088
 2.7621399768810973e-12
 -0.038552174569305458
 -0.077098543136269779
 -0.11563330130254355
 -0.15415064466098541
 -0.19264477487601459
 -0.23110989226854303
 -0.26954020642446336
 -0.30792992691890436
 -0.34627327704704458
 -0.3845644774273666
 -0.42279776557846682
 -0.46096737901386287
 -0.49906757656278128
 -0.53709261307690515
 -0.57503676788332814
 -0.61289432031460722
 -0.65065957857373624
 -0.68832684557679802
 -0.72589045624728654
 -0.7633447455155864
 -0.80068408466940866
 -0.83790283841610891
 -0.87499541092152944
 -0.91195620636431718
 -0.94877967267286822
 -0.98546024992655146
 -1.0219924250101515
 -1.0583706848330479
 -1.094589567341689
 -1.1306436013776615
 -1.1665273698322189
 -1.2022354556163839
 -1.2377624998687369
 -1.2731031333604399
 -1.3082520480430346
 -1.343203935887918
 -1.3779535541178844
 -1.4124956483846716
 -1.4468250324815726
 -1.4809365202255327
 -1.5148249975604546
 -1.5484853376718499
 -1.5819124886895553
 -1.6151013987710834
 -1.6480470949010928
 -1.6807445901490108
 -1.7131889791530879
 -1.7453753565825778
 -1.7772989024379606
 -1.808954781693509
 -1.8403382473083025
 -1.8714445522811485
 -1.9022690412467043
 -1.9328070427221273
 -1.963053979431814
 -1.9930052741313447
 -2.0226564473164892
 -2.0520030022893572
 -2.081040542578505
 -2.1097646716978691
 -2.1381710968439207
 -2.1662555068825009
 -2.1940136967901807
 -2.2214414613192721
 -2.2485347049339603
 -2.2752893121822333
 -2.3017012798820229
 -2.3277666036209874
 -2.3534813960462895
 -2.3788417460746412
 -2.4038438632096177
 -2.4284839510627574
 -2.4527583446809689
 -2.4766633410837597
 -2.5001953771624867
 -2.5233508622743872
 -2.5461263852345812
 -2.5685184336678288
 -2.5905237063011368
 -2.6121387738660538
 -2.6333605917749336
 -2.6541857240953082
 -2.6746112593984726
 -2.694633691934198
 -2.7142508366358351
 -2.7334587730935844
 -2.7522555440031975
 -2.7706364331795248
 -2.788602374283681
 -2.806146329847528
 -2.8232698880630229
 -2.8399618309900654
 -2.8562366709119758
 -2.8720720067499173
 -2.8874849748562852
 -2.9024332690945833
 -2.9169935075729962
 -2.9310710559995297
 -2.9447542881944657
 -2.9578556632815989
 -2.9707391318663623
 -2.9829738320057446
 -2.9949778470466497
 -3.0058885455316759
 -3.0174026262719997
 -3.0275275951870766
 -3.0382109771442654
 -3.045455596768921
 -3.0571433944199291
 -3.0640322601310386
 -3.0751679453730314
