# Created by Octave 6.2.0, Sat Jul 31 20:23:37 2021 -03 <kuroneko@kuroneko-VirtualBox>
# name: xl
# type: matrix
# rows: 65
# columns: 1
 0
 0.015625
 0.03125
 0.046875
 0.0625
 0.078125
 0.09375
 0.109375
 0.125
 0.140625
 0.15625
 0.171875
 0.1875
 0.203125
 0.21875
 0.234375
 0.25
 0.265625
 0.28125
 0.296875
 0.3125
 0.328125
 0.34375
 0.359375
 0.375
 0.390625
 0.40625
 0.421875
 0.4375
 0.453125
 0.46875
 0.484375
 0.5
 0.515625
 0.53125
 0.546875
 0.5625
 0.578125
 0.59375
 0.609375
 0.625
 0.640625
 0.65625
 0.671875
 0.6875
 0.703125
 0.71875
 0.734375
 0.75
 0.765625
 0.78125
 0.796875
 0.8125
 0.828125
 0.84375
 0.859375
 0.875
 0.890625
 0.90625
 0.921875
 0.9375
 0.953125
 0.96875
 0.984375
 1


# name: h
# type: scalar
0.0625


# name: u
# type: matrix
# rows: 65
# columns: 1
 -2.9214269611772341
 3.9614596847465897
 2.5569120936219192
 3.3563507697171899
 2.1582183736285101
 3.2168616084285118
 2.8836125696121608
 3.0142170786902525
 2.7035998124348035
 2.876465879238558
 2.7442015211078381
 2.7067569397112798
 2.5692965215585915
 2.5312147955941797
 2.4227880788905019
 2.3303788124150873
 2.2122102018557515
 2.1114592467261315
 1.9917777144537747
 1.872007639961585
 1.7433856828112833
 1.6154667148208541
 1.4806718330856865
 1.3433253285758537
 1.2018069676588508
 1.0584493171251712
 0.91189953339452745
 0.76337027308411221
 0.61280578538866992
 0.46098321967165928
 0.30792020168287904
 0.15415266519002066
 1.5134628713009844e-13
 -0.15415266518966197
 -0.30792020168253748
 -0.46098321967137684
 -0.61280578538799513
 -0.76337027308391814
 -0.9118995333941009
 -1.0584493171248266
 -1.2018069676586771
 -1.3433253285754316
 -1.480671833085313
 -1.6154667148206019
 -1.7433856828111489
 -1.8720076399613494
 -1.9917777144535636
 -2.1114592467258331
 -2.2122102018556098
 -2.3303788124148093
 -2.4227880788902572
 -2.5312147955939968
 -2.5692965215584556
 -2.706756939711128
 -2.7442015211077408
 -2.8764658792382698
 -2.7035998124348275
 -3.0142170786900664
 -2.8836125696118775
 -3.2168616084283479
 -2.1582183736282463
 -3.356350769717074
 -2.5569120936219725
 -3.9614596847466363
 2.9214269611768762


# name: p
# type: matrix
# rows: 65
# columns: 1
 0
 0.053701836985222094
 0.098142948032811081
 0.14903220109037019
 0.19576369383664433
 0.2461620384206315
 0.29239560871414089
 0.33943262320494316
 0.38481755611404733
 0.43022964454025442
 0.47384056579082695
 0.51663960442883217
 0.55801905825806974
 0.59826456182917498
 0.63690883187384051
 0.67409454245909861
 0.70962340496220699
 0.74349283609697991
 0.77554145191896284
 0.80574284563513521
 0.83400084209691994
 0.86026524726274578
 0.88445559126123152
 0.90652454954254147
 0.92641390755677422
 0.94407960872669261
 0.95947537820929862
 0.97256650017201696
 0.98332032656375923
 0.99171181723239432
 0.99771991646363034
 1.0013307123496382
 1.0025351607340536
 1.0013307123496382
 0.99771991646363001
 0.99171181723239443
 0.98332032656375834
 0.97256650017201651
 0.95947537820929907
 0.94407960872669194
 0.926413907556775
 0.90652454954254169
 0.88445559126122986
 0.86026524726274345
 0.83400084209691894
 0.80574284563513532
 0.77554145191896362
 0.74349283609698069
 0.70962340496220788
 0.67409454245909983
 0.63690883187384129
 0.59826456182917609
 0.55801905825807208
 0.51663960442883516
 0.47384056579083128
 0.43022964454025864
 0.38481755611405138
 0.33943262320494899
 0.29239560871414583
 0.24616203842063586
 0.19576369383664896
 0.14903220109037388
 0.098142948032813537
 0.053701836985223593
 1.2246467991473532e-16


# name: x
# type: range
# base, limit, increment
0 1 0.015625


# name: exata
# type: matrix
# rows: 65
# columns: 1
 0
 0.049067674327418015
 0.098017140329560604
 0.14673047445536175
 0.19509032201612825
 0.24298017990326387
 0.29028467725446233
 0.33688985339222005
 0.38268343236508978
 0.42755509343028208
 0.47139673682599764
 0.51410274419322166
 0.55557023301960218
 0.59569930449243336
 0.63439328416364549
 0.67155895484701833
 0.70710678118654746
 0.74095112535495911
 0.77301045336273699
 0.80320753148064483
 0.83146961230254524
 0.85772861000027212
 0.88192126434835494
 0.90398929312344334
 0.92387953251128674
 0.94154406518302081
 0.95694033573220894
 0.97003125319454397
 0.98078528040323043
 0.98917650996478101
 0.99518472667219682
 0.99879545620517241
 1
 0.99879545620517241
 0.99518472667219693
 0.98917650996478101
 0.98078528040323043
 0.97003125319454397
 0.95694033573220894
 0.94154406518302081
 0.92387953251128674
 0.90398929312344345
 0.88192126434835505
 0.85772861000027212
 0.83146961230254546
 0.80320753148064494
 0.7730104533627371
 0.74095112535495899
 0.70710678118654757
 0.67155895484701855
 0.63439328416364549
 0.59569930449243347
 0.55557023301960218
 0.51410274419322177
 0.47139673682599786
 0.42755509343028203
 0.38268343236508989
 0.33688985339222033
 0.29028467725446239
 0.24298017990326407
 0.19509032201612861
 0.1467304744553618
 0.098017140329560826
 0.049067674327417966
 1.2246467991473532e-16


