# Created by Octave 6.3.0, Fri Sep 24 20:22:23 2021 -03 <kuroneko@kuroneko-VirtualBox>
# name: beta
# type: scalar
1440


# name: Lambda
# type: matrix
# rows: 17
# columns: 1
 1
 0.75384671085667221
 0.27095193581639948
 -0.29678695559263057
 -0.77079540347002717
 -1.0020008837508614
 -0.91773006447678263
 -0.5445698099555395
 9.653006468065397e-08
 0.54456999930606675
 0.91773024284106364
 1.0020010442744522
 0.77079553998409855
 0.29678706285103146
 -0.27095186193553805
 -0.75384667319253906
 -1


# name: nen
# type: scalar
4


# name: nel
# type: scalar
16


# name: h
# type: scalar
0.0625


# name: xl
# type: matrix
# rows: 49
# columns: 1
 0
 0.020833333333333332
 0.041666666666666664
 0.0625
 0.083333333333333329
 0.10416666666666666
 0.12499999999999999
 0.14583333333333331
 0.16666666666666666
 0.1875
 0.20833333333333334
 0.22916666666666669
 0.25
 0.27083333333333331
 0.29166666666666663
 0.31249999999999994
 0.33333333333333326
 0.35416666666666657
 0.37499999999999989
 0.3958333333333332
 0.41666666666666652
 0.43749999999999983
 0.45833333333333315
 0.47916666666666646
 0.49999999999999978
 0.52083333333333315
 0.54166666666666652
 0.56249999999999989
 0.58333333333333326
 0.60416666666666663
 0.625
 0.64583333333333337
 0.66666666666666674
 0.68750000000000011
 0.70833333333333348
 0.72916666666666685
 0.75000000000000022
 0.77083333333333359
 0.79166666666666696
 0.81250000000000033
 0.8333333333333337
 0.85416666666666707
 0.87500000000000044
 0.89583333333333381
 0.91666666666666718
 0.93750000000000056
 0.95833333333333393
 0.9791666666666673
 1.0000000000000007


# name: U
# type: matrix
# rows: 16
# columns: 4
 -397.10774869096559 156.01441383490595 -163.89066000438979 389.22886618907057
 -237.57900109553552 85.698738199441578 -101.14941907961563 222.12051253090408
 -3.5732768604420388 -11.53050377588106 -6.6339710013159143 -14.603876908323397
 231.30972875114841 -105.08817306335375 89.924168494313093 -246.49079637233316
 393.20380990072624 -165.54592299142519 158.1525454697373 -400.61797881160891
 431.21392010072032 -173.89034310862624 176.592939506601 -428.53504442756429
 333.42663959781191 -127.50443708382832 139.45199985008071 -321.50481531785022
 130.65649524405165 -40.990631716358472 58.423560506940163 -113.25033358563871
 -113.25041844477818 58.423594995647306 -40.990666323773048 130.65657998448367
 -321.50489703460261 139.45203289469725 -127.50447048000431 333.42672096300481
 -428.53511986159799 176.59296983723988 -173.89037401016617 431.21399496385283
 -400.61804506403615 158.15257192080762 -165.54595021080081 393.203875384848
 -246.49085089711127 89.924190049317133 -105.08819555453937 231.30978233974497
 -14.60391761010071 -6.6339551707229001 -11.530520674555079 -3.5732372267457313
 222.12048721626863 -101.14940958179295 85.69872754268323 -237.57897693983566
 389.22885723440146 -163.89065720433177 156.01440982959562 -397.10774094154874


# name: P
# type: matrix
# rows: 16
# columns: 4
 0.72717926350616413 -1.4874364334418175 -1.4271235220130853 1.0266674469722834
 0.5944334559601081 -1.062161268290819 -0.63764591790460701 0.43036518959282344
 0.27497059461200618 -0.30223598385524675 0.35284281213485752 -0.30080561620724622
 -0.13071869597288396 0.55321633009406024 1.2327038842282421 -0.93686366553774758
 -0.49502718063196366 1.2350021677243046 1.7250881540657061 -1.2777691095717902
 -0.70337613585008729 1.5285500984272049 1.67503621975325 -1.2163548157806827
 -0.69026123660253536 1.3414193448800076 1.0982316923097788 -0.77203864152239421
 -0.45985898074659776 0.73238568037935481 0.17606944945876918 -0.084710736519060442
 -0.084710795407800521 -0.10704610481291957 -0.8014096598161744 0.62928088740374866
 0.31710111111353689 -0.91288700838022085 -1.5267646392058356 1.1451991273409861
 0.61910543935064721 -1.4317126199597914 -1.7718742607650331 1.3006258443617424
 0.72623277271166653 -1.5003883611116244 -1.45970245375258 1.0465638085640192
 0.60472724037701153 -1.0973892088510802 -0.68853141012669394 0.46285536001014438
 0.29276837434215414 -0.34956850681133528 0.29896137784562438 -0.26693317524566962
 -0.11153862533631378 0.50775353021964253 1.1920534708142208 -0.91325991091190339
 -0.48102594287695782 1.2048250937635814 1.7097347991699143 -1.272820730693806


# name: x
# type: range
# base, limit, increment
0 1 0.020833333333333332


# name: exata
# type: matrix
# rows: 49
# columns: 1
 1
 0.99785892323860348
 0.99144486137381038
 0.98078528040323043
 0.96592582628906831
 0.94693012949510569
 0.92387953251128674
 0.89687274153268837
 0.86602540378443871
 0.83146961230254524
 0.79335334029123517
 0.75183980747897738
 0.70710678118654757
 0.65934581510006895
 0.60876142900872077
 0.5555702330196024
 0.50000000000000033
 0.44228869021900163
 0.38268343236509023
 0.32143946530316192
 0.25881904510252118
 0.19509032201612875
 0.13052619222005216
 0.065403129230143714
 7.273661547324616e-16
 -0.065403129230142493
 -0.13052619222005116
 -0.19509032201612778
 -0.25881904510252041
 -0.32143946530316136
 -0.38268343236508973
 -0.44228869021900113
 -0.50000000000000022
 -0.55557023301960229
 -0.60876142900872099
 -0.65934581510006918
 -0.70710678118654813
 -0.75183980747897783
 -0.79335334029123561
 -0.83146961230254579
 -0.86602540378443915
 -0.89687274153268892
 -0.92387953251128718
 -0.94693012949510613
 -0.96592582628906865
 -0.98078528040323076
 -0.9914448613738106
 -0.99785892323860359
 -1


