# Created by Octave 6.3.0, Fri Sep 24 20:22:35 2021 -03 <kuroneko@kuroneko-VirtualBox>
# name: beta
# type: scalar
23040


# name: Lambda
# type: matrix
# rows: 257
# columns: 1
 1
 -0.10989364885563906
 -1.1852123229548956
 -1.8876535184689842
 -1.9962245003675148
 -1.4767681066976202
 -0.49270882200719601
 0.64636166723213817
 1.5820841043241862
 2.0200739004101496
 1.8225365107390969
 1.0516185273989214
 -0.050144057519937064
 -1.1361293101098464
 -1.8646789518299658
 -2.006586357248954
 -1.5172065036183586
 -0.55050159600640713
 0.5893964803645001
 1.5438681015367006
 2.0126300561754036
 1.8482066682365181
 1.1023266388689064
 0.0096488483009134728
 -1.0860629098486341
 -1.8400903355507792
 -2.0152113234982498
 -1.5563316366843505
 -0.60781792478612651
 0.53192099708334517
 1.5043155733553872
 2.0034439075115453
 1.8722768531242091
 1.1520804419473405
 0.069433312129889263
 -1.0350564588410884
 -1.8139089515508391
 -2.0220919298647635
 -1.5941096343177557
 -0.66460818958501788
 0.47398497406883011
 1.4634607617733024
 1.9925234101925331
 1.8947262332953543
 1.2008368718947153
 0.12915758642719011
 -0.98315410587941032
 -1.7861574588963094
 -2.027222215475319
 -1.6305077894712989
 -0.72082322542654653
 0.41563856825325196
 1.4213390376756292
 1.9798780228899964
 1.9155353812447322
 1.2485537288974364
 0.18876997730658165
 -0.93040077374224672
 -1.7568598742691723
 -2.030597733080461
 -1.6654945880296939
 -0.77641436376963469
 0.35693229330914983
 1.3779868701246283
 1.9655186988863103
 1.9346862907843128
 1.2951897144935425
 0.24821888917707469
 -0.87684212041683429
 -1.7260415512889977
 -2.0322155530182
 -1.6990397362059892
 -0.83133347475698205
 0.29791697580137427
 1.3334417946669206
 1.9494578764670185
 1.9521623925018328
 1.3407044671917017
 0.30745286927323673
 -0.82252449971079455
 -1.6937291587032777
 -2.0320742658897251
 -1.7311141869069853
 -0.88553300902229803
 0.2386437110433004
 1.287742380692787
 1.9317094680032028
 1.9679485679512967
 1.385058597255014
 0.36642065203799568
 -0.76749492128522279
 -1.659950657462703
 -2.0301739839422543
 -1.7616901650423546
 -0.93896603901767595
 0.17916381869802933
 1.2409281978784326
 1.9122888477360034
 1.9820311625659111
 1.4282137206223513
 0.42507120332238413
 -0.71180101014077912
 -1.6247352766983201
 -2.0265163411548501
 -1.7907411917525353
 -0.99158629982227142
 0.1195287981661015
 1.1930397817433769
 1.8912128382769982
 1.9943979972854446
 1.4701324919410639
 0.48335376436720207
 -0.65549096558856568
 -1.5881134886180328
 -2.0211044920237899
 -1.8182421075310693
 -1.0433482293935823
 0.059790283801743775
 1.1441185983562148
 1.8684996958395834
 2.0050383788914306
 1.5107786366859757
 0.54121789553206123
 -0.59861351973775079
 -1.5501169823405978
 -2.0139431090449187
 -1.8441690942177085
 -1.0942070082227902
 1.4420028283797639e-13
 1.0942070082230577
 1.8441690942179201
 2.0139431090450577
 1.5501169823406717
 0.59861351973778831
 -0.54121789553201904
 -1.51077863668589
 -2.0050383788912765
 -1.868499695839358
 -1.144118598355939
 -0.059790283801455409
 1.0433482293938412
 1.8182421075312667
 2.021104492023913
 1.5881134886180932
 0.65549096558859565
 -0.48335376436716021
 -1.4701324919409717
 -1.9943979972852801
 -1.8912128382767632
 -1.1930397817430967
 -0.11952879816581664
 0.99158629982251878
 1.7907411917527145
 2.0265163411549527
 1.6247352766983629
 0.71180101014079822
 -0.42507120332234499
 -1.4282137206222547
 -1.9820311625657385
 -1.9122888477357614
 -1.2409281978781506
 -0.17916381869775025
 0.93896603901790932
 1.7616901650425139
 2.0301739839423294
 1.6599506574627167
 0.76749492128521768
 -0.36642065203797092
 -1.3850585972549201
 -1.9679485679511168
 -1.9317094680029487
 -1.2877423806924952
 -0.23864371104301971
 0.88553300902252119
 1.7311141869071227
 2.0320742658897761
 1.693729158703269
 0.82252449971077202
 -0.30745286927322235
 -1.3407044671916115
 -1.9521623925016527
 -1.9494578764667638
 -1.3334417946666319
 -0.29791697580110349
 0.83133347475718788
 1.6990397362061034
 2.0322155530182249
 1.7260415512889646
 0.87684212041679244
 -0.24821888917707277
 -1.2951897144934583
 -1.9346862907841345
 -1.9655186988860573
 -1.3779868701243452
 -0.35693229330889148
 0.77641436376982054
 1.665494588029782
 2.0305977330804574
 1.7568598742691115
 0.93040077374218322
 -0.18876997730659345
 -1.2485537288973585
 -1.9155353812445557
 -1.9798780228897448
 -1.4213390376753519
 -0.41563856825300732
 0.72082322542670973
 1.6305077894713571
 2.0272222154752817
 1.7861574588962164
 0.98315410587931951
 -0.12915758642722108
 -1.2008368718946483
 -1.8947262332951829
 -1.9925234101922853
 -1.4634607617730315
 -0.4739849740685978
 0.66460818958516099
 1.5941096343177863
 2.0220919298646942
 1.8139089515507143
 1.0350564588409694
 -0.069433312129941957
 -1.1520804419472879
 -1.8722768531240466
 -2.0034439075113042
 -1.5043155733551243
 -0.53192099708312601
 0.60781792478624908
 1.5563316366843534
 2.0152113234981477
 1.8400903355506202
 1.0860629098484849
 -0.0096488483009897954
 -1.1023266388688699
 -1.8482066682363654
 -2.0126300561751691
 -1.5438681015364459
 -0.58939648036429437
 0.55050159600650861
 1.5172065036183326
 2.0065863572488167
 1.8646789518297697
 1.1361293101096637
 0.050144057519835195
 -1.0516185273989012
 -1.8225365107389526
 -2.0200739004099195
 -1.5820841043239371
 -0.64636166723194433
 0.49270882200727634
 1.476768106697564
 1.9962245003673418
 1.8876535184687511
 1.1852123229546783
 0.10989364885550866
 -1


# name: nen
# type: scalar
4


# name: nel
# type: scalar
256


# name: h
# type: scalar
0.00390625


