# Created by Octave 6.3.0, Fri Sep 24 20:22:15 2021 -03 <kuroneko@kuroneko-VirtualBox>
# name: beta
# type: scalar
640


# name: Lambda
# type: matrix
# rows: 65
# columns: 1
 1
 0.44777520542636395
 -0.70148343280656233
 -0.91543132107706704
 0.091195135476224556
 0.97622707375630957
 0.5596216574499191
 -0.60314747394784485
 -0.96172172386065713
 -0.038002333475151744
 0.93638460708868299
 0.66225627950669019
 -0.49488310442764022
 -0.99218125131915524
 -0.1665741768381496
 0.88112848234961005
 0.75398965129542272
 -0.3784724161618237
 -1.0063084753956371
 -0.29240395006352782
 0.81136829984420245
 0.8333117917092272
 -0.25583160253043224
 -1.0038708186297918
 -0.41342035205500749
 0.72825240291986471
 0.89891701249912059
 -0.12897941801427645
 -0.98490838442528272
 -0.52763132240529009
 0.63314897354171251
 0.94972540952654616
 -3.9491276515395029e-06
 -0.94973329826802178
 -0.63315683376466902
 0.52762350963676696
 0.98490063793278004
 0.12897175645978587
 -0.89892457065817744
 -0.7282598394751898
 0.41341305501868258
 1.0038636786916062
 0.25582463689112583
 -0.83331856626875644
 -0.81137486700340788
 0.29239760612547133
 1.0063023699617681
 0.37846656394066075
 -0.75399523620530684
 -0.88113378649363183
 0.16656916623810983
 0.99217654633400565
 0.49487871639208703
 -0.66226034002142964
 -0.93638833030042079
 0.037998956535938842
 0.96171870132924575
 0.60314481310575341
 -0.55962395019243982
 -0.97622899287578435
 -0.091196676349336425
 0.91543016216235173
 0.7014826586421371
 -0.44777559297542724
 -1


# name: nen
# type: scalar
2


# name: nel
# type: scalar
64


# name: h
# type: scalar
0.015625


# name: xl
# type: matrix
# rows: 65
# columns: 1
 0
 0.015625
 0.03125
 0.046875
 0.0625
 0.078125
 0.09375
 0.109375
 0.125
 0.140625
 0.15625
 0.171875
 0.1875
 0.203125
 0.21875
 0.234375
 0.25
 0.265625
 0.28125
 0.296875
 0.3125
 0.328125
 0.34375
 0.359375
 0.375
 0.390625
 0.40625
 0.421875
 0.4375
 0.453125
 0.46875
 0.484375
 0.5
 0.515625
 0.53125
 0.546875
 0.5625
 0.578125
 0.59375
 0.609375
 0.625
 0.640625
 0.65625
 0.671875
 0.6875
 0.703125
 0.71875
 0.734375
 0.75
 0.765625
 0.78125
 0.796875
 0.8125
 0.828125
 0.84375
 0.859375
 0.875
 0.890625
 0.90625
 0.921875
 0.9375
 0.953125
 0.96875
 0.984375
 1


# name: U
# type: matrix
# rows: 64
# columns: 2
 -591.28807502484767 520.60330131942248
 23.871378624231539 -170.97648431804609
 607.20255431177361 -634.58788401039851
 380.93072378414996 -252.08253734532872
 -353.24816722122625 466.53225532107706
 -616.42876037275755 563.10326708553976
 -57.703429597121442 -91.131019221792428
 577.96088375027932 -623.85838773911962
 443.01192562511176 -324.77584365576706
 -282.6181990412706 407.33972743344157
 -631.42249997092563 596.33407404043078
 -138.32842228907953 -9.7854188545147736
 539.20541327272133 -602.85957607483545
 497.80070432515475 -392.1229987915861
 -207.33613034249692 341.44207071853026
 -636.02250948579126 619.74873911085524
 -216.67646472299353 71.721320088466058
 491.57406797724161 -571.93708355916965
 544.39516262270354 -453.0153833801935
 -128.64119576275561 269.92404375094509
 -630.15309143895638 632.96185839767963
 -291.45789918819196 152.04754472551545
 435.85088182591676 -531.59990148663496
 582.02829339188384 -506.45063367031167
 -47.828804334620855 193.9629169714045
 -613.91087988706863 635.75594991321327
 -361.44177260685507 229.8710295011403
 372.95309300086899 -482.51200070147797
 610.08060648244395 -551.54914254388495
 33.770785268660532 114.80909261255586
 -587.56324865159058 628.08503245764928
 -425.47609811497409 303.91074020723681
 303.9160462870251 -425.4814029769924
 628.09032697235955 -587.56853951593018
 114.81436280724466 33.765521148139044
 -551.54390936553625 610.07538178742618
 -482.50681714663426 372.94792031809095
 229.87615094481521 -361.44688081591448
 635.7609969076733 -613.91591131625125
 193.96787735799944 -47.833746862783528
 -506.44577184154855 582.02345167168301
 -531.5951499282495 435.8461525777883
 152.05217456658119 -291.46250457104611
 632.96635536769247 -630.15756186172791
 269.92839701630464 -128.64552045580808
 -453.01118430684767 544.39099407789377
 -571.9330487937425 491.5700656230411
 71.725180825854295 -216.68029124453824
 619.75241651930901 -636.02615095621468
 341.44555593883922 -207.33957798917618
 -392.11971415558946 497.79745880786436
 -602.85649993609309 539.20237770352765
 -9.7825586237247819 -138.33124059720538
 596.33671147267989 -631.425094228391
 407.34213571332805 -282.62056299827395
 -324.77367032997057 443.00979766351389
 -623.8564546031082 577.95899691050113
 -91.129330932664686 -57.705070769504061
 563.10470646050692 -616.43015192397513
 466.53344231428059 -353.24930579889531
 -252.08160559343384 380.92984092293005
 -634.58720974444486 607.20192929385757
 -170.97606916239835 23.871012955349954
 520.6034563645801 -591.28818046372544


# name: P
# type: matrix
# rows: 64
# columns: 2
 0.13145531661100751 1.316319937192499
 0.60012031092197726 -0.85382839328729321
 0.26878502829396889 -1.8856995408743293
 -0.4207708493913529 -0.40346499919915518
 -0.54914056428725799 1.616563205425305
 0.054834042888642819 1.4810152140777786
 0.58585165732987288 -0.62937685547952826
 0.3358865809790082 -1.9007550693408175
 -0.36177699806652919 -0.63794626043328351
 -0.57692391680136301 1.4753070767157279
 -0.022694914230856966 1.6213367724567247
 0.56193436191289658 -0.3945601322144337
 0.39745422759331639 -1.8845174482724514
 -0.29683278255433782 -0.86192143282153644
 -0.59521528435077209 1.3097708774357366
 -0.099854878492537574 1.7349743714012706
 0.52876266226898649 -0.15324399945607628
 0.45247510273282893 -1.8372545016347721
 -0.22700659453278735 -1.0717042768905916
 -0.60371287201516632 1.1226788334680871
 -0.1753749727259688 1.8200567297054446
 0.48688339894257304 0.090598505403911636
 0.50004436541256592 -1.7597450257954461
 -0.15344693779781177 -1.2638424307418563
 -0.60227585945370898 0.91710974948995905
 -0.24801108384502726 1.8751823710309423
 0.43698696572422691 0.33295252861383334
 0.53938004247575022 -1.6532659215527201
 -0.077363576703389295 -1.4351741878887696
 -0.59092677541772221 0.69644638298936079
 -0.31656640105192169 1.8994427500389746
 0.37989588381572903 0.56982754724946771
 0.56983583704775409 -1.5195711137771253
 -7.6879282104869162e-06 -1.582880478185686
 -0.56985119438326259 0.46431982669057675
 -0.37991118563314502 1.8924372754411061
 0.31655119161598488 0.79732312613917045
 0.59091169500409424 -1.3608626093492699
 0.077348661642115249 -1.7045312000085528
 -0.53939475625294109 0.22454981096782689
 -0.43700144277053815 1.8542799786259581
 0.2479968784060409 1.0116931979540351
 0.6022619598441572 -1.179754174054098
 0.1534333775030742 -1.7981251453491918
 -0.50005755372451388 -0.018918095481176598
 -0.48689618349990837 1.785597713622934
 0.1753626227223421 1.2094078038356042
 0.60370098631744951 -0.97922823090278444
 0.22699520177466398 -1.8621228652099022
 -0.45248597510517063 -0.26207735757684719
 -0.52877298806302142 1.6875199134165677
 0.099845124152534659 1.3872112736412185
 0.59520612496382153 -0.76258669397375123
 0.29682424018619447 -1.8954719388775503
 -0.39746213236330563 -0.50092635510034256
 -0.56194161004141596 1.5616600667425968
 0.022688340205171364 1.5421758836765207
 0.57691803271587494 -0.53339655145429099
 0.36177181809650139 -1.897624235404533
 -0.33589104435454481 -0.73153419296506328
 -0.58585539335822023 1.4100892161815699
 -0.054837042569387505 1.6717501046771455
 0.54913830818056963 -0.29543109749897739
 0.42076934229386043 -1.868544886892145


# name: x
# type: range
# base, limit, increment
0 1 0.015625


