# Created by Octave 6.3.0, Fri Sep 24 20:22:14 2021 -03 <kuroneko@kuroneko-VirtualBox>
# name: beta
# type: scalar
160


# name: Lambda
# type: matrix
# rows: 17
# columns: 1
 1
 -1.7615935408546721
 -2.1744557668461
 0.31183303244149946
 2.3821626065744286
 1.2760419936636269
 -1.5317438835253221
 -2.2975124789931671
 -0.00025912341950378262
 2.2970041901218554
 1.5312650858779795
 -1.2764729001619302
 -2.3825290624286204
 -0.31212095495860964
 2.1742574423669394
 1.7614924359119712
 -1


# name: nen
# type: scalar
2


# name: nel
# type: scalar
16


# name: h
# type: scalar
0.0625


# name: xl
# type: matrix
# rows: 17
# columns: 1
 0
 0.0625
 0.125
 0.1875
 0.25
 0.3125
 0.375
 0.4375
 0.5
 0.5625
 0.625
 0.6875
 0.75
 0.8125
 0.875
 0.9375
 1


# name: U
# type: matrix
# rows: 16
# columns: 2
 28.926890002847955 -117.29788331019759
 371.25318092569569 -384.46477215742152
 218.58955008197461 -139.02830850477142
 -225.50214793338398 291.75269430563787
 -368.89025020756071 333.49439059441499
 -20.382530587767718 -69.466617482278735
 355.35052122904699 -379.8551162840181
 257.33610399482768 -183.82399661647048
 -183.73733691273134 257.24976294605494
 -379.77146820912839 355.26781687332453
 -69.389195584846476 -20.458419968430661
 333.56261103429142 -368.95640822682549
 291.80909161471226 -225.55603217567199
 -138.98590164345956 218.55001035787711
 -384.43798541577041 371.22950520921154
 -117.28774608766651 28.919988138483404


# name: P
# type: matrix
# rows: 16
# columns: 2
 1.4588738905503082 -2.220455071706529
 0.60188505500935174 -4.5378977585910487
 -1.0551729262188769 -0.80739036632179328
 -1.3030606458395642 3.9971362801467829
 0.18848027015931662 3.4698218046232063
 1.4303926011193762 -1.6859832830755062
 0.76639273818867648 -4.5955284330979476
 -0.91863577951716446 -1.3790103327711862
 -1.3784697054195862 3.6753402622462579
 -0.00049191263726200418 3.8288818562463152
 1.3775047840718431 -1.1226013904502286
 0.91772684348246547 -4.5766313315285485
 -0.76721075900825897 -1.927359263087681
 -1.4310882706424981 3.2932841999147584
 -0.18902685419633655 4.1248133365943227
 1.3026841522066637 -0.54117935659624061


# name: x
# type: range
# base, limit, increment
0 1 0.0625


# name: exata
# type: matrix
# rows: 17
# columns: 1
 1
 0.98078528040323043
 0.92387953251128674
 0.83146961230254524
 0.70710678118654757
 0.55557023301960229
 0.38268343236508984
 0.19509032201612833
 6.123233995736766e-17
 -0.19509032201612819
 -0.38268343236508973
 -0.55557023301960196
 -0.70710678118654746
 -0.83146961230254535
 -0.92387953251128674
 -0.98078528040323043
 -1


