# Created by Octave 6.3.0, Fri Sep 24 20:22:18 2021 -03 <kuroneko@kuroneko-VirtualBox>
# name: beta
# type: scalar
2560


# name: Lambda
# type: matrix
# rows: 65
# columns: 1
 1
 0.96797957151214253
 0.9360208425748836
 0.90412359014215249
 0.87228744306559403
 0.84051188298869839
 0.80879624559556695
 0.777139722211307
 0.74554136175020058
 0.71400007300695378
 0.68251462728550527
 0.65108366135906293
 0.6197056807542366
 0.58837906335135537
 0.55710206329229583
 0.52587281518640749
 0.49468933860440195
 0.46354954284938105
 0.43245123199350816
 0.40139211016819087
 0.37036978709502977
 0.3393817838442082
 0.30842553880645124
 0.27749841386416729
 0.24659770074690412
 0.21572062755580979
 0.18486436544137921
 0.15402603541840104
 0.12320271530168486
 0.092391446745861333
 0.061589242372295384
 0.030793092965942973
 -2.5275186351039798e-08
 -0.030793143455425533
 -0.061589292679254226
 -0.092391496749102561
 -0.12320276488074629
 -0.15402608445384236
 -0.18486441381506974
 -0.21572067515121299
 -0.24659774744935853
 -0.27749845956116242
 -0.30842558338789916
 -0.33938182720270832
 -0.37036982912612781
 -0.40139215077063023
 -0.43245127106947395
 -0.46354958030473586
 -0.49468937434891241
 -0.52587284913396182
 -0.55710209536111155
 -0.58837909346417594
 -0.61970570883851772
 -0.65108368734714683
 -0.68251465111478438
 -0.71400009462002123
 -0.7455413810949888
 -0.77713973924121282
 -0.80879626026956397
 -0.84051189527143566
 -0.87228745292748133
 -0.90412359755943172
 -0.93602084752968617
 -0.96797957399253165
 -1


# name: nen
# type: scalar
3


# name: nel
# type: scalar
64


# name: h
# type: scalar
0.015625


# name: xl
# type: matrix
# rows: 129
# columns: 1
 0
 0.0078125
 0.015625
 0.0234375
 0.03125
 0.0390625
 0.046875
 0.0546875
 0.0625
 0.0703125
 0.078125
 0.0859375
 0.09375
 0.1015625
 0.109375
 0.1171875
 0.125
 0.1328125
 0.140625
 0.1484375
 0.15625
 0.1640625
 0.171875
 0.1796875
 0.1875
 0.1953125
 0.203125
 0.2109375
 0.21875
 0.2265625
 0.234375
 0.2421875
 0.25
 0.2578125
 0.265625
 0.2734375
 0.28125
 0.2890625
 0.296875
 0.3046875
 0.3125
 0.3203125
 0.328125
 0.3359375
 0.34375
 0.3515625
 0.359375
 0.3671875
 0.375
 0.3828125
 0.390625
 0.3984375
 0.40625
 0.4140625
 0.421875
 0.4296875
 0.4375
 0.4453125
 0.453125
 0.4609375
 0.46875
 0.4765625
 0.484375
 0.4921875
 0.5
 0.5078125
 0.515625
 0.5234375
 0.53125
 0.5390625
 0.546875
 0.5546875
 0.5625
 0.5703125
 0.578125
 0.5859375
 0.59375
 0.6015625
 0.609375
 0.6171875
 0.625
 0.6328125
 0.640625
 0.6484375
 0.65625
 0.6640625
 0.671875
 0.6796875
 0.6875
 0.6953125
 0.703125
 0.7109375
 0.71875
 0.7265625
 0.734375
 0.7421875
 0.75
 0.7578125
 0.765625
 0.7734375
 0.78125
 0.7890625
 0.796875
 0.8046875
 0.8125
 0.8203125
 0.828125
 0.8359375
 0.84375
 0.8515625
 0.859375
 0.8671875
 0.875
 0.8828125
 0.890625
 0.8984375
 0.90625
 0.9140625
 0.921875
 0.9296875
 0.9375
 0.9453125
 0.953125
 0.9609375
 0.96875
 0.9765625
 0.984375
 0.9921875
 1


# name: U
# type: matrix
# rows: 64
# columns: 3
 -22.619459299692849 8.1972293059509376 -22.465302463445596
 -22.575837129276206 8.1814342219296314 -22.422051670350015
 -22.532186743831261 8.1656962386325596 -22.379143144866703
 -22.488613300963284 8.1500532702395923 -22.336680257395301
 -22.445221772909591 8.1345430020319291 -22.294765304747898
 -22.402116693663306 8.1192027996048601 -22.25349926371814
 -22.359401907135901 8.1040696188485946 -22.212981547813342
 -22.3171803169902 8.0891799169212355 -22.17330976776077
 -22.275553638733168 8.0745695644192175 -22.134579496351535
 -22.234622154679883 8.060273758961781 -22.096884038202916
 -22.194484472360884 8.0463269403958257 -22.060314204975612
 -22.155237286967647 8.0327627078285069 -22.02495809660013
 -22.116975148409011 8.0196137386853898 -21.990900889039949
 -22.079790233526367 8.0069117099834521 -21.958224629089386
 -22.043772124036778 7.9946872220239094 -21.927008036720849
 -22.009007590722064 7.9829697246685747 -21.897326315440864
 -21.975580384387346 7.9717874463936447 -21.86925097111515
 -21.943571034100401 7.9611673262880309 -21.84284963970714
 -21.913056653189741 7.9511349491509087 -21.81818592433666
 -21.884110753472488 7.9417144838583305 -21.795319242055086
 -21.856803068155571 7.9329286251354993 -21.774304680702073
 -21.831199383845082 7.924798538885792 -21.755192866196865
 -21.807361382059756 7.9173438111993129 -21.738029840575223
 -21.785346490632204 7.9105824011675132 -21.722856951067513
 -21.765207745365814 7.9045305976200062 -21.709710750495219
 -21.746993662260948 7.8992029798812915 -21.698622909206051
 -21.730748120639408 7.8946123826492816 -21.689620138781095
 -21.71651025743413 7.8907698650744997 -21.682724127683088
 -21.704314372904605 7.8876846841187351 -21.677951489006716
 -21.694189848004751 7.8853642722528825 -21.675313720456444
 -21.686161073601795 7.8838142195525229 -21.674817176647686
 -21.680247391716605 7.8830382602302436 -21.676463053798063
 -21.67646304892688 7.8830382636401106 -21.680247386845423
 -21.674817162045809 7.8838142297738933 -21.686161058999915
 -21.675313696159058 7.885364289261144 -21.694189823707362
 -21.677951455072336 7.8876847078728325 -21.704314338970221
 -21.682724084193719 7.8907698955173906 -21.716510213944758
 -21.689620085841355 7.8946124197074674 -21.730748067699665
 -21.698622846943199 7.899203023465585 -21.746993599998092
 -21.709710679059327 7.904530647625446 -21.765207673929922
 -21.722856870630956 7.9105824574733639 -21.785346410195643
 -21.738029751330885 7.9173438736700028 -21.807361292815415
 -21.75519276836101 7.9247986073709136 -21.831199286009223
 -21.774304574510197 7.9329286994701498 -21.856802961963695
 -21.79531912776282 7.941714563863453 -21.884110639180221
 -21.818185802219219 7.9511350346339746 -21.9130565310723
 -21.842849510058485 7.9611674170425282 -21.943570904451747
 -21.869250834247737 7.971787542201124 -21.975580247519929
 -21.897326171684629 7.982969825298138 -22.009007446965825
 -21.927007886422178 7.9946873272339154 -22.043771973738103
 -21.958224472609501 8.0069118195204929 -22.079790077046482
 -21.990900726756738 8.0196138522841203 -22.116974986125797
 -22.024957928905152 8.0327628252153964 -22.15523711927267
 -22.060314032271393 8.0463270612881352 -22.194484299656665
 -22.09688386090578 8.0602738830699501 -22.234621977382744
 -22.134579314889969 8.074569691443795 -22.275553457271599
 -22.173309582571143 8.0891800465559491 -22.317180131800569
 -22.212981359341676 8.1040697507800097 -22.35940171866423
 -22.253499072418418 8.1192029335157905 -22.402116502363583
 -22.294765111080995 8.1345431376010957 -22.445221579242684
 -22.336680061826641 8.1500534071382127 -22.48861310539462
 -22.379142947870296 8.1656963765318515 -22.532186546834851
 -22.422051472397733 8.181434360497402 -22.57583693132392
 -22.465302265015897 8.1972294448532885 -22.619459101263146


