# Created by Octave 6.3.0, Fri Sep 24 20:22:16 2021 -03 <kuroneko@kuroneko-VirtualBox>
# name: beta
# type: scalar
2560


# name: Lambda
# type: matrix
# rows: 257
# columns: 1
 1
 -1.4636907596382018
 -1.9757938406827651
 0.14649486391790523
 2.0734570803553822
 1.2358098523726071
 -1.2495838503932166
 -2.068865758593406
 -0.12965999563256034
 1.9824257535377221
 1.4512771556877939
 -1.0149076597170275
 -2.1278822731367306
 -0.40368053434314355
 1.8587619039426546
 1.642855123011921
 -0.76352517021994126
 -2.1518719191004387
 -0.67105612610983034
 1.7045011504460328
 1.8073902075103236
 -0.49957436531550847
 -2.1404398052401903
 -0.92738552667084062
 1.5221827646633321
 1.9421740126834546
 -0.2274001142670346
 -2.0937741145468229
 -1.1684493220716641
 1.3148078722401033
 2.044987875025484
 0.048517348294296506
 -2.0126430065837759
 -1.3902793840386214
 1.0857900516069572
 2.114139385234453
 0.32363617108780385
 -1.8983819728850524
 -1.5892241889626226
 0.83889914338828342
 2.1484902468017708
 0.59342764916752189
 -1.7528718535553121
 -1.7620089252835123
 0.57819919541271381
 2.1474750134034744
 0.85345077050584561
 -1.5785078769387644
 -1.9057893998530318
 0.30798156480664507
 2.1111103966588032
 1.0994253190723253
 -1.3781602319919453
 -2.0181988559288717
 0.032694278370915396
 2.0399949910419806
 1.3273023310647829
 -1.1551268223748141
 -2.0973869321332432
 -0.24313118596720656
 1.9352994204753753
 1.5333307445193716
 -0.91307897997060294
 -2.1420501210762288
 -0.51495449138313054
 1.798747068800064
 1.7141191451866684
 -0.65600103143903843
 -2.1514532262674124
 -0.77830118020953121
 1.6325857113176758
 1.8666915922807696
 -0.38812471259217984
 -2.1254414641155877
 -1.0288363275603694
 1.4395505143740399
 1.9885366051590263
 -0.11385951019162323
 -2.0644430118066786
 -1.2624358981190169
 1.2228190120449671
 2.0776485045673074
 0.16227992219584136
 -1.9694619591194897
 -1.475254631493147
 0.98595880104870104
 2.1325604279364807
 0.43574807948339034
 -1.8420617801987877
 -1.6637893386819902
 0.73286881487411504
 2.1523684752684233
 0.70204342819326837
 -1.6843395973552868
 -1.8249365677388019
 0.46771514380568446
 2.1367465881484335
 0.9567825057733873
 -1.4988916605336948
 -1.9560436893995243
 0.19486245730572002
 2.0859519169620167
 1.1957720763595832
 -1.2887706106880297
 -2.0549525617619562
 -0.08119784239645772
 2.0008205879668037
 1.4150781552343579
 -1.0574352305477368
 -2.1200350552552649
 -0.35592155285143684
 1.8827539398974267
 1.611090765777023
 -0.80869350992249489
 -2.1502198531266914
 -0.62478647307606749
 1.7336954566612994
 1.780583362947219
 -0.54663996274233617
 -2.1450100862851706
 -0.8833668430757744
 1.5560987758340139
 1.9207659451374741
 -0.27558822765135371
 -2.1044915122163759
 -1.1274061958608932
 1.3528872995634733
 2.0293309801256183
 -6.1610236435161909e-08
 -2.0293311033368329
 -1.3528874227468879
 1.1274060727238617
 2.1044913891443051
 0.27558810466276767
 -1.9207660680240941
 -1.5560988986001771
 0.88336672044858677
 2.1450099638154603
 0.54663984044853842
 -1.7805834850467275
 -1.7336955785481478
 0.62478635142026429
 2.1502197317202896
 0.80869338878377184
 -1.6110908866298639
 -1.8827540604462052
 0.35592143262490233
 2.1200349353691181
 1.057435111020028
 -1.4150782743856687
 -2.0008207067237951
 0.081197724051697159
 2.0549524438472884
 1.2887704932212103
 -1.1957721933609047
 -2.0859520334802455
 -0.19486257332328358
 1.9560435739001392
 1.4988915455698832
 -0.95678262018435267
 -2.1367467019893511
 -0.46771525705938738
 1.8249364550894127
 1.6843394853271811
 -0.70204353958326071
 -2.1523685860035586
 -0.73286892493769595
 1.6637892293065843
 1.8420616715280362
 -0.43574818743316257
 -2.1325605351490506
 -0.98595890750790482
 1.475254525803388
 1.9694618542151039
 -0.16228002629909499
 -2.0776486078537886
 -1.2228191144991061
 1.2624357965126967
 2.064442911063495
 0.11385941032671024
 -1.9885367041306705
 -1.4395506124374997
 1.028836230419911
 2.125441367912781
 0.38812461734147652
 -1.8666916865650711
 -1.6325858046213686
 0.77830108790054953
 2.1514531349670682
 0.65600094116104679
 -1.7141192344287612
 -1.7987471569928146
 0.5149544042530555
 2.1420500350219811
 0.91307889500510908
 -1.5333308283833689
 -1.9352995032252467
 0.24313110434397592
 2.0973868516489804
 1.155126743041609
 -1.3273024092350389
 -2.0399950680375203
 -0.032694354180090431
 2.0181987813175182
 1.378160158589621
 -1.0994253912546248
 -2.1111104676102173
 -0.30798163451643612
 1.9057893313954062
 1.5785078097435907
 -0.85345083642850916
 -2.1474750780437173
 -0.57819925876075018
 1.7620088632372737
 1.7528717928201967
 -0.59342770858243155
 -2.148490304887551
 -0.83889920013613695
 1.5892241335612984
 1.8983819188385884
 -0.32363622377133372
 -2.1141394365471471
 -1.0857901015410421
 1.3902793354907284
 2.0126429594293804
 -0.048517394048159426
 -2.0449879193719629
 -1.3148079151724779
 1.168449280559926
 2.0937740744619746
 0.22740007561504652
 -1.942174049896807
 -1.5221828004324083
 0.92738549235149781
 2.1404397723757591
 0.49957433391087291
 -1.8073902374504875
 -1.7045011789171847
 0.67105609911205233
 2.1518718935801182
 0.76352514618085832
 -1.6428551455662062
 -1.8587619250087215
 0.40368051476854361
 2.1278822550565724
 1.0149076431339743
 -1.4512771707713108
 -1.9824257671194156
 0.12965998355481295
 2.0688657480214592
 1.2495838413286078
 -1.2358098599285849
 -2.073457086401584
 -0.14649486845334148
 1.97579383765882
 1.4636907581261538
 -1


# name: nen
# type: scalar
2


# name: nel
# type: scalar
256


# name: h
# type: scalar
0.00390625


