# Created by Octave 6.2.0, Tue Jul 06 15:03:19 2021 -03 <kuroneko@kuroneko-VirtualBox>
# name: xlSUPG
# type: matrix
# rows: 11
# columns: 1
 0
 0.20000000000000001
 0.40000000000000002
 0.60000000000000009
 0.80000000000000004
 1
 1.2
 1.3999999999999999
 1.5999999999999999
 1.7999999999999998
 1.9999999999999998


# name: hSUPG
# type: scalar
0.20000000000000001


# name: deltaT
# type: scalar
0.040000000000000008


# name: U
# type: matrix
# rows: 11
# columns: 32
 0 1.12332718893748e-11 7.4436160781634811e-12 4.3146969877460411e-12 2.2766325176964056e-12 1.1217674942553966e-12 5.2506845684702247e-13 2.3626525672562774e-13 1.0307538391995259e-13 4.3873125859559464e-14 1.8305004978569142e-14 7.513251299296763e-15 3.042177761510972e-15 1.2178546378285334e-15 4.8286285214060582e-16 1.8988310841439806e-16 7.4145799918071839e-17 2.8776592978041216e-17 1.1109375092914497e-17 4.2690000732567307e-18 1.6337764460465181e-18 6.230113180658747e-19 2.3681697682685172e-19 8.9762546587076876e-20 3.3937047981538072e-20 1.2801572265929117e-20 4.8190574206185142e-21 1.8107448339913663e-21 6.7924285715700817e-22 2.5440924487758496e-22 9.5156896002755636e-23 3.5546769254327428e-23
 0 -0.0021886613038298633 -0.0036587293822259062 -0.0045134301189452865 -0.0049258048190313356 -0.0050268443963553512 -0.0049147170373309134 -0.0046621186369598467 -0.0043221065988352774 -0.0039327120367424551 -0.0035205709399905275 -0.0031037698008270598 -0.0026940640850720587 -0.0022985974804819701 -0.0019212249794426657 -0.00156352259939649 -0.0012255501160474294 -0.00090641994080564389 -0.0006047149458210427 -0.00031879177017745411 -4.7009577303069847e-05 0.00021204787156003444 0.0004592155658916949 0.00069399723350057664 0.00091308173424462066 0.0011079242401546812 0.0012617300123025914 0.0013470531238986691 0.0013259497555745607 0.0011544917763364033 0.00079205151191262828 0.00021351775878795823
 0 0.31190341143622552 0.26393184428165994 0.22293007949030746 0.18797211096755048 0.15823519408843212 0.13299295566242333 0.11160768591525842 0.093522306113884499 0.078252361719852379 0.065378280851752124 0.054538054471451318 0.04542043244833071 0.037758683925430213 0.031324937518283393 0.025925093858851986 0.021394287497176204 0.017592865378445205 0.014402843977574381 0.011724807807451066 0.0094752258542559926 0.0075842091781923322 0.0059938390712550938 0.0046573529099537131 0.0035395653207011398 0.0026186716310320408 0.0018888056328979325 0.0013615533174915566 0.0010637814851300101 0.0010295998669318516 0.0012864658933441938 0.0018386092227349173
 0 0.35772282933961819 0.34210751011587526 0.32285087091390058 0.30137348252477231 0.27877016090373913 0.25587030671712585 0.2332887835380491 0.2114685281379822 0.19071599856473528 0.17123046709778572 0.15312806258574008 0.13646136492814054 0.12123525684100606 0.1074196466416226 0.094959591823528589 0.083783277236349873 0.073808233760138453 0.064946122545541163 0.057106351907332847 0.050198724019083873 0.04413519118830634 0.038830589287255503 0.034201920136536987 0.030165575879333099 0.026632268446787861 0.023500728272665233 0.020653220453723385 0.017957370150058747 0.015278037909133889 0.012499307318506021 0.0095513069379230767
 0 0.050893937638414773 0.091823980828426591 0.12386277674395102 0.14801939437775272 0.16530799164957355 0.17670950708799221 0.18314612462166419 0.1854655224505444 0.1844324875856006 0.18072595788843718 0.17493995428791692 0.16758719769083036 0.15910447754987642 0.14985906083484096 0.1401556090840568 0.13024321420780596 0.12032227695806792 0.1105510418812239 0.10105167997799872 0.091915902473785005 0.083210256339814007 0.074981572517661757 0.067263489288179698 0.060085219890772937 0.053483064348789508 0.047512971087128882 0.042259187354223716 0.037831757556146504 0.034347051963411208 0.031891747305708734 0.030479505512270653
 0 0.01247834727275212 0.028170364998177641 0.04542549324557691 0.062974101057498871 0.079872416308973737 0.095450131228411325 0.10926206395469723 0.1210446495779883 0.13067759079335159 0.13815068337440892 0.14353561631366213 0.14696240726381329 0.14860005201118648 0.14864092710403445 0.14728847559964522 0.14474771792309585 0.14121815567313742 0.13688866847792511 0.13193402807623134 0.12651262784004716 0.12076485364249608 0.11481107896876132 0.10874759759517307 0.10263847694909133 0.096502502906834611 0.09029807769197172 0.083914325172398038 0.077180299216791509 0.069901610441548731 0.06192327562259127 0.053203025406811627
 0 0.0030606398107065288 0.0082889022875753844 0.015436315961010019 0.02413921045970481 0.033976992568057807 0.04451516545977826 0.055335840902553307 0.06605819427628655 0.076350997539603768 0.085939055149669472 0.09460507499628254 0.10218823825021514 0.10858049259019949 0.11372138390694847 0.11759206184769865 0.12020894289107252 0.12161738914459795 0.12188566235694674 0.12109935550113853 0.11935655035066778 0.11676425143971654 0.11343740222931813 0.10950291218709901 0.10511166181441128 0.1004594558951515 0.095811776678912622 0.091518368041204459 0.087997953911004748 0.085678113419395893 0.08489310147857608 0.085766493803369065
 0 0.00075384928470400344 0.0023862108780762252 0.0050352603796391332 0.0087579929903857951 0.013539152078663469 0.019303523779733218 0.025929583312800333 0.03326309351293831 0.041129737348478794 0.049346234233260552 0.057729663896998212 0.066104918876421004 0.074310342762150344 0.082201699517463436 0.089654670760657765 0.096566102181424723 0.10285422416256253 0.10845805580464557 0.11333614148611182 0.11746456179857191 0.12083355279145112 0.12344073550531072 0.12527705690905369 0.12630066711685614 0.12639732789467642 0.12533611192264954 0.12274360533285475 0.11812884676932253 0.11098273382529543 0.10094568087598874 0.087997559584901283
 0 0.00018042268520704333 0.00064800691754333267 0.0015111446728650461 0.0028579502355094728 0.0047493853825375399 0.0072158176247749855 0.010256492988531143 0.013841317380356944 0.017914329196398938 0.022398284479423727 0.027199844674147333 0.032214941075321239 0.037333978764230023 0.042446628884734536 0.047446036831281665 0.052232342709682397 0.056715469248829906 0.060817190155638808 0.064472597731369402 0.067631420108782286 0.070260619198527122 0.072351860946145916 0.073940511693228794 0.075144110608674153 0.076222476510255405 0.077644640235908641 0.080124054476469378 0.084569317775667285 0.091912822655492055 0.1028301450066726 0.11742852519512656
 0 5.191407451712094e-05 0.00021415410256316693 0.00056042675763593342 0.0011728382031681054 0.002135997137172991 0.0035312720187850649 0.005431627525651123 0.0078973280217864116 0.010972673352965536 0.014683829216641421 0.019037732341819234 0.024021989420305329 0.029605646517894595 0.035740680171346413 0.042364049789241826 0.049400150332277563 0.056763509879865288 0.06436157095149686 0.072097294741954615 0.07987083931890239 0.087577988871447854 0.095099489759000941 0.10227048331516307 0.10881728574096711 0.11425864525392904 0.11779685811204224 0.11826303952626445 0.11420312071975014 0.10416416668622733 0.087155790693054777 0.063153453754220143
 0 1.4535033522001284e-80 3.9622403281429166e-67 1.0758042141813852e-56 2.2010432769344063e-48 1.2500788026109838e-41 4.7426265711290953e-36 2.218613982414948e-31 1.9888057853983341e-27 4.7291625223286955e-24 3.8116786852254326e-21 1.2570546516311827e-18 1.9648829840834523e-16 1.635434178352792e-14 7.9582936058320875e-13 2.4424921606231163e-11 5.031357148891784e-10 7.3238429662420093e-09 7.8644357811319706e-08 6.4592800190722582e-07 4.1841418479136506e-06 2.1943014463880156e-05 9.5280939201895681e-05 0.00034926373167220936 0.0010991141423155552 0.0030133015037492107 0.0072900601384936065 0.01574037635784566 0.030635707246983449 0.054226398992859685 0.087979354788221734 0.13176128659718059


# name: x
# type: range
# base, limit, increment
0 2 0.20000000000000001


# name: t
# type: range
# base, limit, increment
0 1.2400000000000002 0.040000000000000008


