# Created by Octave 6.2.0, Sun May 16 16:04:45 2021 -03 <kuroneko@kuroneko-VirtualBox>
# name: xl
# type: matrix
# rows: 1
# columns: 2049
 -2 -1.9947916666666667 -1.9895833333333335 -1.9843750000000002 -1.979166666666667 -1.9739583333333337 -1.9687500000000004 -1.9635416666666672 -1.9583333333333339 -1.9531250000000007 -1.9479166666666674 -1.9427083333333341 -1.9375000000000009 -1.9322916666666676 -1.9270833333333344 -1.9218750000000011 -1.9166666666666679 -1.9114583333333346 -1.9062500000000013 -1.9010416666666681 -1.8958333333333348 -1.8906250000000016 -1.8854166666666683 -1.880208333333335 -1.8750000000000018 -1.8697916666666685 -1.8645833333333353 -1.859375000000002 -1.8541666666666687 -1.8489583333333355 -1.8437500000000022 -1.838541666666669 -1.8333333333333357 -1.8281250000000024 -1.8229166666666692 -1.8177083333333359 -1.8125000000000027 -1.8072916666666694 -1.8020833333333361 -1.7968750000000029 -1.7916666666666696 -1.7864583333333364 -1.7812500000000031 -1.7760416666666698 -1.7708333333333366 -1.7656250000000033 -1.7604166666666701 -1.7552083333333368 -1.7500000000000036 -1.7447916666666703 -1.739583333333337 -1.7343750000000038 -1.7291666666666705 -1.7239583333333373 -1.718750000000004 -1.7135416666666707 -1.7083333333333375 -1.7031250000000042 -1.697916666666671 -1.6927083333333377 -1.6875000000000044 -1.6822916666666712 -1.6770833333333379 -1.6718750000000047 -1.6666666666666714 -1.6614583333333381 -1.6562500000000049 -1.6510416666666716 -1.6458333333333384 -1.6406250000000051 -1.6354166666666718 -1.6302083333333386 -1.6250000000000053 -1.6197916666666721 -1.6145833333333388 -1.6093750000000056 -1.6041666666666723 -1.598958333333339 -1.5937500000000058 -1.5885416666666725 -1.5833333333333393 -1.578125000000006 -1.5729166666666727 -1.5677083333333395 -1.5625000000000062 -1.557291666666673 -1.5520833333333397 -1.5468750000000064 -1.5416666666666732 -1.5364583333333399 -1.5312500000000067 -1.5260416666666734 -1.5208333333333401 -1.5156250000000069 -1.5104166666666736 -1.5052083333333404 -1.5000000000000071 -1.4947916666666738 -1.4895833333333406 -1.4843750000000073 -1.4791666666666741 -1.4739583333333408 -1.4687500000000075 -1.4635416666666743 -1.458333333333341 -1.4531250000000078 -1.4479166666666745 -1.4427083333333413 -1.437500000000008 -1.4322916666666747 -1.4270833333333415 -1.4218750000000082 -1.416666666666675 -1.4114583333333417 -1.4062500000000084 -1.4010416666666752 -1.3958333333333419 -1.3906250000000087 -1.3854166666666754 -1.3802083333333421 -1.3750000000000089 -1.3697916666666756 -1.3645833333333424 -1.3593750000000091 -1.3541666666666758 -1.3489583333333426 -1.3437500000000093 -1.3385416666666761 -1.3333333333333428 -1.3281250000000095 -1.3229166666666763 -1.317708333333343 -1.3125000000000098 -1.3072916666666765 -1.3020833333333433 -1.29687500000001 -1.2916666666666767 -1.2864583333333435 -1.2812500000000102 -1.276041666666677 -1.2708333333333437 -1.2656250000000104 -1.2604166666666772 -1.2552083333333439 -1.2500000000000107 -1.2447916666666774 -1.2395833333333441 -1.2343750000000109 -1.2291666666666776 -1.2239583333333444 -1.2187500000000111 -1.2135416666666778 -1.2083333333333446 -1.2031250000000113 -1.1979166666666781 -1.1927083333333448 -1.1875000000000115 -1.1822916666666783 -1.177083333333345 -1.1718750000000118 -1.1666666666666785 -1.1614583333333452 -1.156250000000012 -1.1510416666666787 -1.1458333333333455 -1.1406250000000122 -1.135416666666679 -1.1302083333333457 -1.1250000000000124 -1.1197916666666792 -1.1145833333333459 -1.1093750000000127 -1.1041666666666794 -1.0989583333333461 -1.0937500000000129 -1.0885416666666796 -1.0833333333333464 -1.0781250000000131 -1.0729166666666798 -1.0677083333333466 -1.0625000000000133 -1.0572916666666801 -1.0520833333333468 -1.0468750000000135 -1.0416666666666803 -1.036458333333347 -1.0312500000000138 -1.0260416666666805 -1.0208333333333472 -1.015625000000014 -1.0104166666666807 -1.0052083333333475 -1.0000000000000142 -0.99479166666668084 -0.98958333333334747 -0.9843750000000141 -0.97916666666668073 -0.97395833333334736 -0.96875000000001399 -0.96354166666668062 -0.95833333333334725 -0.95312500000001388 -0.94791666666668051 -0.94270833333334714 -0.93750000000001377 -0.9322916666666804 -0.92708333333334703 -0.92187500000001366 -0.91666666666668029 -0.91145833333334692 -0.90625000000001354 -0.90104166666668017 -0.8958333333333468 -0.89062500000001343 -0.88541666666668006 -0.88020833333334669 -0.87500000000001332 -0.86979166666667995 -0.86458333333334658 -0.85937500000001321 -0.85416666666667984 -0.84895833333334647 -0.8437500000000131 -0.83854166666667973 -0.83333333333334636 -0.82812500000001299 -0.82291666666667962 -0.81770833333334625 -0.81250000000001288 -0.80729166666667951 -0.80208333333334614 -0.79687500000001277 -0.7916666666666794 -0.78645833333334603 -0.78125000000001266 -0.77604166666667929 -0.77083333333334592 -0.76562500000001255 -0.76041666666667918 -0.7552083333333458 -0.75000000000001243 -0.74479166666667906 -0.73958333333334569 -0.73437500000001232 -0.72916666666667895 -0.72395833333334558 -0.71875000000001221 -0.71354166666667884 -0.70833333333334547 -0.7031250000000121 -0.69791666666667873 -0.69270833333334536 -0.68750000000001199 -0.68229166666667862 -0.67708333333334525 -0.67187500000001188 -0.66666666666667851 -0.66145833333334514 -0.65625000000001177 -0.6510416666666784 -0.64583333333334503 -0.64062500000001166 -0.63541666666667829 -0.63020833333334492 -0.62500000000001155 -0.61979166666667818 -0.61458333333334481 -0.60937500000001144 -0.60416666666667806 -0.59895833333334469 -0.59375000000001132 -0.58854166666667795 -0.58333333333334458 -0.57812500000001121 -0.57291666666667784 -0.56770833333334447 -0.5625000000000111 -0.55729166666667773 -0.55208333333334436 -0.54687500000001099 -0.54166666666667762 -0.53645833333334425 -0.53125000000001088 -0.52604166666667751 -0.52083333333334414 -0.51562500000001077 -0.5104166666666774 -0.50520833333334403 -0.50000000000001066 -0.49479166666667734 -0.48958333333334403 -0.48437500000001071 -0.4791666666666774 -0.47395833333334408 -0.46875000000001077 -0.46354166666667745 -0.45833333333334414 -0.45312500000001082 -0.44791666666667751 -0.4427083333333442 -0.43750000000001088 -0.43229166666667757 -0.42708333333334425 -0.42187500000001094 -0.41666666666667762 -0.41145833333334431 -0.40625000000001099 -0.40104166666667768 -0.39583333333334436 -0.39062500000001105 -0.38541666666667773 -0.38020833333334442 -0.3750000000000111 -0.36979166666667779 -0.36458333333334447 -0.35937500000001116 -0.35416666666667784 -0.34895833333334453 -0.34375000000001121 -0.3385416666666779 -0.33333333333334458 -0.32812500000001127 -0.32291666666667795 -0.31770833333334464 -0.31250000000001132 -0.30729166666667801 -0.30208333333334469 -0.29687500000001138 -0.29166666666667806 -0.28645833333334475 -0.28125000000001144 -0.27604166666667812 -0.27083333333334481 -0.26562500000001149 -0.26041666666667818 -0.25520833333334486 -0.25000000000001155 -0.2447916666666782 -0.23958333333334486 -0.23437500000001152 -0.22916666666667818 -0.22395833333334483 -0.21875000000001149 -0.21354166666667815 -0.20833333333334481 -0.20312500000001146 -0.19791666666667812 -0.19270833333334478 -0.18750000000001144 -0.18229166666667809 -0.17708333333334475 -0.17187500000001141 -0.16666666666667806 -0.16145833333334472 -0.15625000000001138 -0.15104166666667804 -0.14583333333334469 -0.14062500000001135 -0.13541666666667801 -0.13020833333334467 -0.12500000000001132 -0.119791666666678 -0.11458333333334467 -0.10937500000001134 -0.10416666666667801 -0.098958333333344681 -0.093750000000011352 -0.088541666666678023 -0.083333333333344695 -0.078125000000011366 -0.072916666666678037 -0.067708333333344708 -0.06250000000001138 -0.057291666666678044 -0.052083333333344708 -0.046875000000011373 -0.041666666666678037 -0.036458333333344702 -0.031250000000011366 -0.026041666666678034 -0.020833333333344702 -0.015625000000011369 -0.010416666666678037 -0.0052083333333447042 -1.1371112385027971e-14 