# Created by Octave 6.2.0, Sun May 16 16:04:43 2021 -03 <kuroneko@kuroneko-VirtualBox>
# name: xl
# type: matrix
# rows: 1
# columns: 2049
 -2 -1.9166666666666667 -1.8333333333333335 -1.7500000000000002 -1.666666666666667 -1.5833333333333337 -1.5000000000000004 -1.4166666666666672 -1.3333333333333339 -1.2500000000000007 -1.1666666666666674 -1.0833333333333341 -1.0000000000000009 -0.91666666666666752 -0.83333333333333415 -0.75000000000000078 -0.66666666666666741 -0.58333333333333404 -0.50000000000000067 -0.41666666666666735 -0.33333333333333404 -0.25000000000000072 -0.16666666666666741 -0.083333333333334078 -7.4940054162198066e-16 0.083333333333332579 0.16666666666666591 0.24999999999999922 0.33333333333333254 0.41666666666666585 0.49999999999999917 0.58333333333333248 0.66666666666666585 0.74999999999999922 0.83333333333333259 0.91666666666666596 0.99999999999999933 1.0833333333333326 1.1666666666666659 1.2499999999999991 1.3333333333333324 1.4166666666666656 1.4999999999999989 1.5833333333333321 1.6666666666666654 1.7499999999999987 1.8333333333333319 1.9166666666666652 1.9999999999999984 -1.904296875 -1.90234375 -1.900390625 -1.8984375 -1.896484375 -1.89453125 -1.892578125 -1.890625 -1.888671875 -1.88671875 -1.884765625 -1.8828125 -1.880859375 -1.87890625 -1.876953125 -1.875 -1.873046875 -1.87109375 -1.869140625 -1.8671875 -1.865234375 -1.86328125 -1.861328125 -1.859375 -1.857421875 -1.85546875 -1.853515625 -1.8515625 -1.849609375 -1.84765625 -1.845703125 -1.84375 -1.841796875 -1.83984375 -1.837890625 -1.8359375 -1.833984375 -1.83203125 -1.830078125 -1.828125 -1.826171875 -1.82421875 -1.822265625 -1.8203125 -1.818359375 -1.81640625 -1.814453125 -1.8125 -1.810546875 -1.80859375 -1.806640625 -1.8046875 -1.802734375 -1.80078125 -1.798828125 -1.796875 -1.794921875 -1.79296875 -1.791015625 -1.7890625 -1.787109375 -1.78515625 -1.783203125 -1.78125 -1.779296875 -1.77734375 -1.775390625 -1.7734375 -1.771484375 -1.76953125 -1.767578125 -1.765625 -1.763671875 -1.76171875 -1.759765625 -1.7578125 -1.755859375 -1.75390625 -1.751953125 -1.75 -1.748046875 -1.74609375 -1.744140625 -1.7421875 -1.740234375 -1.73828125 -1.736328125 -1.734375 -1.732421875 -1.73046875 -1.728515625 -1.7265625 -1.724609375 -1.72265625 -1.720703125 -1.71875 -1.716796875 -1.71484375 -1.712890625 -1.7109375 -1.708984375 -1.70703125 -1.705078125 -1.703125 -1.701171875 -1.69921875 -1.697265625 -1.6953125 -1.693359375 -1.69140625 -1.689453125 -1.6875 -1.685546875 -1.68359375 -1.681640625 -1.6796875 -1.677734375 -1.67578125 -1.673828125 -1.671875 -1.669921875 -1.66796875 -1.666015625 -1.6640625 -1.662109375 -1.66015625 -1.658203125 -1.65625 -1.654296875 -1.65234375 -1.650390625 -1.6484375 -1.646484375 -1.64453125 -1.642578125 -1.640625 -1.638671875 -1.63671875 -1.634765625 -1.6328125 -1.630859375 -1.62890625 -1.626953125 -1.625 -1.623046875 -1.62109375 -1.619140625 -1.6171875 -1.615234375 -1.61328125 -1.611328125 -1.609375 -1.607421875 -1.60546875 -1.603515625 -1.6015625 -1.599609375 -1.59765625 -1.595703125 -1.59375 -1.591796875 -1.58984375 -1.587890625 -1.5859375 -1.583984375 -1.58203125 -1.580078125 -1.578125 -1.576171875 -1.57421875 -1.572265625 -1.5703125 -1.568359375 -1.56640625 -1.564453125 -1.5625 -1.560546875 -1.55859375 -1.556640625 -1.5546875 -1.552734375 -1.55078125 -1.548828125 -1.546875 -1.544921875 -1.54296875 -1.541015625 -1.5390625 -1.537109375 -1.53515625 -1.533203125 -1.53125 -1.529296875 -1.52734375 -1.525390625 -1.5234375 -1.521484375 -1.51953125 -1.517578125 -1.515625 -1.513671875 -1.51171875 -1.509765625 -1.5078125 -1.505859375 -1.50390625 -1.501953125 -1.5 -1.498046875 -1.49609375 -1.494140625 -1.4921875 -1.490234375 -1.48828125 -1.486328125 -1.484375 -1.482421875 -1.48046875 -1.478515625 -1.4765625 -1.474609375 -1.47265625 -1.470703125 -1.46875 -1.466796875 -1.46484375 -1.462890625 -1.4609375 -1.458984375 -1.45703125 -1.455078125 -1.453125 -1.451171875 -1.44921875 -1.447265625 -1.4453125 -1.443359375 -1.44140625 -1.439453125 -1.4375 -1.435546875 -1.43359375 -1.431640625 -1.4296875 -1.427734375 -1.42578125 -1.423828125 -1.421875 -1.419921875 -1.41796875 -1.416015625 -1.4140625 -1.412109375 -1.41015625 -1.408203125 -1.40625 -1.404296875 -1.40234375 -1.400390625 -1.3984375 -1.396484375 -1.39453125 -1.392578125 -1.390625 -1.388671875 -1.38671875 -1.384765625 -1.3828125 -1.380859375 -1.37890625 -1.376953125 -1.375 -1.373046875 -1.37109375 -1.369140625 -1.3671875 -1.365234375 -1.36328125 -1.361328125 -1.359375 -1.357421875 -1.35546875 -1.353515625 -1.3515625 -1.349609375 -1.34765625 -1.345703125 -1.34375 -1.341796875 -1.33984375 -1.337890625 -1.3359375 -1.333984375 -1.33203125 -1.330078125 -1.328125 -1.326171875 -1.32421875 -1.322265625 -1.3203125 -1.318359375 -1.31640625 -1.314453125 -1.3125 -1.310546875 -1.30859375 -1.306640625 -1.3046875 -1.302734375 -1.30078125 -1.298828125 -1.296875 -1.294921875 -1.29296875 -1.291015625 -1.2890625 -1.287109375 -1.28515625 -1.283203125 -1.28125 -1.279296875 -1.27734375 -1.275390625 -1.2734375 -1.271484375 -1.26953125 -1.267578125 -1.265625 -1.263671875 -1.26171875 -1.259765625 -1.2578125 -1.255859375 -1.25390625 -1.251953125 -1.25 -1.248046875 -1.24609375 -1.244140625 -1.2421875 -1.240234375 -1.23828125 -1.236328125 -1.234375 -1.232421875 -1.23046875 -1.228515625 -1.2265625 -1.224609375 -1.22265625 -1.220703125 -1.21875 -1.216796875 -1.21484375 -1.212890625 -1.2109375 -1.208984375 -1.20703125 -1.205078125 -1.203125 -1.201171875 -1.19921875 -1.197265625 -1.1953125 -1.193359375 -1.19140625 -1.189453125 -1.1875 -1.185546875 -1.18359375 -1.181640625 -1.1796875 -1.177734375 -1.17578125 -1.173828125 -1.171875 -1.169921875 -1.16796875 -1.166015625 -1.1640625 -1.162109375 -1.16015625 -1.158203125 -1.15625 -1.154296875 -1.15234375 -1.150390625 -1.1484375 -1.146484375 -1.14453125 -1.142578125 -1.140625 -1.138671875 -1.13671875 -1.134765625 -1.1328125 -1.130859375 -1.12890625 -1.126953125 -1.125 -1.123046875 -1.12109375 -1.119140625 -1.1171875 -1.115234375 -1.11328125 -1.111328125 -1.109375 -1.107421875 -1.10546875 -1.103515625 -1.1015625 -1.099609375 -1.09765625 -1.095703125 -1.09375 -1.091796875 -1.08984375 -1.087890625 -1.0859375 -1.083984375 -1.08203125 -1.080078125 -1.078125 -1.076171875 -1.07421875 -1.072265625 -1.0703125 -1.068359375 -1.06640625 -1.064453125 -1.0625 -1.060546875 -1.05859375 -1.056640625 -1.0546875 -1.052734375 -1.05078125 -1.048828125 -1.046875 -1.044921875 -1.04296875 -1.041015625 -1.0390625 -1.037109375 -1.03515625 -1.033203125 -1.03125 -1.029296875 -1.02734375 -1.025390625 -1.0234375 -1.021484375 -1.01953125 -1.017578125 -1.015625 -1.013671875 -1.01171875 -1.009765625 -1.0078125 -1.005859375 -1.00390625 -1.001953125 -1 -0.998046875 -0.99609375 -0.994140625 -0.9921875 -0.990234375 -0.98828125 -0.986328125 -0.984375 -0.982421875 -0.98046875 -0.978515625 -0.9765625 -0.974609375 -0.97265625 -0.970703125 -0.96875 -0.966796875 -0.96484375 -0.962890625 -0.9609375 -0.958984375 -0.95703125 -0.955078125 -0.953125 -0.951171875 -0.94921875 -0.947265625 -0.9453125 -0.943359375 -0.94140625 -0.939453125 -0.9375 -0.935546875 -0.93359375 -0.931640625 -0.9296875 -0.927734375 -0.92578125 -0.923828125 -0.921875 -0.919921875 -0.91796875 -0.916015625 -0.9140625 -0.912109375 -0.91015625 -0.908203125 -0.90625 -0.904296875 -0.90234375 -0.900390625 -0.8984375 -0.896484375 -0.89453125 -0.892578125 -0.890625 -0.888671875 -0.88671875 -0.884765625 -0.8828125 -0.880859375 -0.87890625 -0.876953125 -0.875 -0.873046875 -0.87109375 -0.869140625 -0.8671875 -0.865234375 -0.86328125 -0.861328125 -0.859375 -0.857421875 -0.85546875 -0.853515625 -0.8515625 -0.849609375 -0.84765625 -0.845703125 -0.84375 -0.841796875 -0.83984375 -0.837890625 -0.8359375 -0.833984375 -0.83203125 -0.830078125 -0.828125 -0.826171875 -0.82421875 -0.822265625 -0.8203125 -0.818359375 -0.81640625 -0.814453125 -0.8125 -0.810546875 -0.80859375 -0.806640625 -0.8046875 -0.802734375 -0.80078125 -0.798828125 -0.796875 -0.794921875 -0.79296875 -0.791015625 -0.7890625 -0.787109375 -0.78515625 