# Created by Octave 6.2.0, Mon Aug 30 16:55:40 2021 -03 <kuroneko@kuroneko-VirtualBox>
# name: alfa
# type: scalar
0


# name: beta
# type: scalar
100


# name: h
# type: scalar
0.015625


# name: xlU1
# type: matrix
# rows: 64
# columns: 1
 0
 0.015625
 0.03125
 0.046875
 0.0625
 0.078125
 0.09375
 0.109375
 0.125
 0.140625
 0.15625
 0.171875
 0.1875
 0.203125
 0.21875
 0.234375
 0.25
 0.265625
 0.28125
 0.296875
 0.3125
 0.328125
 0.34375
 0.359375
 0.375
 0.390625
 0.40625
 0.421875
 0.4375
 0.453125
 0.46875
 0.484375
 0.5
 0.515625
 0.53125
 0.546875
 0.5625
 0.578125
 0.59375
 0.609375
 0.625
 0.640625
 0.65625
 0.671875
 0.6875
 0.703125
 0.71875
 0.734375
 0.75
 0.765625
 0.78125
 0.796875
 0.8125
 0.828125
 0.84375
 0.859375
 0.875
 0.890625
 0.90625
 0.921875
 0.9375
 0.953125
 0.96875
 0.984375


# name: xlU2
# type: matrix
# rows: 64
# columns: 1
 0.015625
 0.03125
 0.046875
 0.0625
 0.078125
 0.09375
 0.109375
 0.125
 0.140625
 0.15625
 0.171875
 0.1875
 0.203125
 0.21875
 0.234375
 0.25
 0.265625
 0.28125
 0.296875
 0.3125
 0.328125
 0.34375
 0.359375
 0.375
 0.390625
 0.40625
 0.421875
 0.4375
 0.453125
 0.46875
 0.484375
 0.5
 0.515625
 0.53125
 0.546875
 0.5625
 0.578125
 0.59375
 0.609375
 0.625
 0.640625
 0.65625
 0.671875
 0.6875
 0.703125
 0.71875
 0.734375
 0.75
 0.765625
 0.78125
 0.796875
 0.8125
 0.828125
 0.84375
 0.859375
 0.875
 0.890625
 0.90625
 0.921875
 0.9375
 0.953125
 0.96875
 0.984375
 1


# name: U
# type: matrix
# rows: 64
# columns: 2
 0.99922909196820175 0.99956605462325965
 0.99802609574463508 0.9959531590374876
 0.99441876723965816 0.98994092505640019
 0.98841579682360392 0.98154383667826761
 0.98003164617800287 0.97078212322449098
 0.96928651345612482 0.95768171060539486
 0.95620628462385937 0.94227415886243993
 0.94082247109815653 0.92459658613731632
 0.92317213383326224 0.90469157925109189
 0.90329779403763488 0.88260709110882807
 0.88124733073662831 0.85839632517683218
 0.85707386542772723 0.83211760731084716
 0.83083563410620653 0.80383424524395608
 0.80259584696951747 0.77361437607270789
 0.77242253613838519 0.74153080210888411
 0.74038839176147175 0.70766081549235271
 0.7065705868984411 0.67208601198753315
 0.67105059160329794 0.63489209441205385
 0.63391397665589255 0.59616866617115638
 0.59525020741441659 0.5560090153952445
 0.5551524282855187 0.51450989020060733
 0.51371723833127103 0.47177126561473343
 0.47104445855356802 0.42789610272771084
 0.42723689141658755 0.38299010064994515
 0.38240007318665237 0.33716144187374286
 0.33664201968612001 0.2905205316522122
 0.29007296607380534 0.2431797320233384
 0.24280510127882793 0.19525309111999131
 0.1949522977276546 0.14685606841798524
 0.14662983701545079 0.098105256584088057
 0.097954132182620113 0.049118100594073955
 0.049042447265592613 1.2614797491262985e-05
 1.261479749126289e-05 -0.049092901389243528
 -0.049017248060762179 -0.098080148476501317
 -0.097929024075033372 -0.14683111189527259
 -0.14660488049273815 -0.19522834630460192
 -0.19492755291226518 -0.24315525852769992
 -0.24278062778318946 -0.29049638843511921
 -0.2900488228567123 -0.33713768709832004
 -0.33661826491069718 -0.38296679154352725
 -0.38237676408023447 -0.42787329544397656
 -0.42721408413285328 -0.47174901509842748
 -0.47102220803726208 -0.51448825005517218
 -0.51369559818583599 -0.55598803775368555
 -0.55513145064395975 -0.59614840157045024
 -0.59522994281371044 -0.63487259167139831
 -0.63389447391523701 -0.67206731809073883
 -0.67103189770650362 -0.70764297547465393
 -0.70655274688074232 -0.74151385894844624
 -0.74037144860103399 -0.77359837058708891
 -0.77240653065276621 -0.80381921599177231
 -0.80258081771733369 -0.83210359049888394
 -0.83082161729424342 -0.85838335457281689
 -0.85706089482371195 -0.88259519796008179
 -0.88123543758788203 -0.9046807922092519
 -0.90328700699579489 -0.92458693118931135
 -0.92316247888525726 -0.94226565926788497
 -0.94081397150360158 -0.95767438684055817
 -0.95619896085902267 -0.97077599293296324
 -0.96928038316459708 -0.98153891462845821
 -0.98002672412819336 -0.98993722310595811
 -0.98841209487316195 -0.99595068610473558
 -0.99441629430690626 -0.99956481666570973
 -0.99802485778708505 -1.0007709080317984


# name: x
# type: range
# base, limit, increment
0 1 0.015625


# name: exata
# type: matrix
# rows: 65
# columns: 1
 1
 0.99879545620517241
 0.99518472667219693
 0.98917650996478101
 0.98078528040323043
 0.97003125319454397
 0.95694033573220882
 0.94154406518302081
 0.92387953251128674
 0.90398929312344334
 0.88192126434835505
 0.85772861000027212
 0.83146961230254524
 0.80320753148064494
 0.77301045336273699
 0.74095112535495911
 0.70710678118654757
 0.67155895484701833
 0.63439328416364549
 0.59569930449243347
 0.55557023301960229
 0.51410274419322166
 0.47139673682599781
 0.4275550934302822
 0.38268343236508984
 0.33688985339222005
 0.29028467725446233
 0.24298017990326398
 0.19509032201612833
 0.14673047445536175
 0.09801714032956077
 0.049067674327418126
 6.123233995736766e-17
 -0.049067674327418008
 -0.098017140329560645
 -0.14673047445536164
 -0.19509032201612819
 -0.24298017990326387
 -0.29028467725446216
 -0.33688985339221994
 -0.38268343236508973
 -0.42755509343028186
 -0.4713967368259977
 -0.51410274419322166
 -0.55557023301960196
 -0.59569930449243336
 -0.63439328416364538
 -0.67155895484701844
 -0.70710678118654746
 -0.74095112535495888
 -0.77301045336273699
 -0.80320753148064483
 -0.83146961230254535
 -0.85772861000027201
 -0.88192126434835494
 -0.90398929312344334
 -0.92387953251128674
 -0.9415440651830207
 -0.95694033573220882
 -0.97003125319454397
 -0.98078528040323043
 -0.98917650996478101
 -0.99518472667219682
 -0.99879545620517241
 -1


