# Created by Octave 6.3.0, Tue Sep 14 02:30:43 2021 -03 <kuroneko@kuroneko-VirtualBox>
# name: alfa
# type: scalar
0


# name: beta
# type: scalar
40960


# name: Lambda
# type: matrix
# rows: 257
# columns: 1
 0
 0.012271538287799687
 0.024541228527071492
 0.036807222947596863
 0.049067674335733932
 0.061320736312601133
 0.073564563612135064
 0.085797312358980748
 0.098017140346172468
 0.11022220731256341
 0.1224106752199622
 0.13458070852993467
 0.14673047448022924
 0.15885814336078419
 0.17096188878927523
 0.18303988798616191
 0.19509032204919152
 0.20711137622731915
 0.21910124019400246
 0.23105810831983031
 0.24298017994444374
 0.25486565964770891
 0.26671275752010082
 0.27851968943225675
 0.29028467730366014
 0.30200594937041264
 0.31368174045205516
 0.32531029221739782
 0.33688985344931777
 0.34841868030848661
 0.35989503659598565
 0.37131719401477126
 0.38268343242995023
 0.39399204012782557
 0.40524131407367425
 0.41642956016821814
 0.42755509350274901
 0.43861623861286964
 0.44961132973081236
 0.46053871103629812
 0.47139673690589651
 0.48218377216085018
 0.49289819231332765
 0.50353838381106486
 0.51410274428035974
 0.52458968276738449
 0.53499761997777717
 0.54532498851447719
 0.55557023311376985
 0.56573181087950353
 0.57580819151544382
 0.58579785755573111
 0.59569930459340459
 0.60551104150696045
 0.61523159068491018
 0.6248594882483024
 0.63439328427117836
 0.64383154299892509
 0.65317284306449452
 0.66241577770245708
 0.67155895496085438
 0.68060099791082262
 0.68954054485395255
 0.69837624952735688
 0.70710678130641202
 0.71573082540514565
 0.72424708307423802
 0.73265427179660936
 0.74095112548056219
 0.74913639465045023
 0.75720884663484411
 0.76516726575216765
 0.7730104534937754
 0.78073722870444318
 0.78834642776024522
 0.79583690474379287
 0.80320753161680425
 0.81045719838998342
 0.81758481329018107
 0.82458930292481036
 0.83146961244349693
 0.83822470569693508
 0.844853565392928
 0.85135519324958853
 0.85772861014567625
 0.86397285626804987
 0.87008699125621136
 0.87607009434392114
 0.88192126449786179
 0.88763962055333057
 0.89322430134693931
 0.89867446584630273
 0.90398929327669419
 0.9091679832446522
 0.91420975585851627
 0.91911385184587557
 0.92387953266791356
 0.92850608063062778
 0.93299279899291276
 0.93733901207148673
 0.94154406534264679
 0.94560732554083771
 0.94952818075401957
 0.95330604051581891
 0.95694033589445171
 0.96043051957840175
 0.96377606595884457
 0.96697647120880081
 0.97003125335901186
 0.97293995237052244
 0.97570213020396035
 0.97831737088550397
 0.98078528056952652
 0.98310548759790695
 0.98527764255600137
 0.98730141832526308
 0.98917651013250518
 0.99090263559579805
 0.9924795347669968
 0.99390697017088647
 0.99518472684094561
 0.99631261235171942
 0.99729045684779905
 0.99811811306940013
 0.99879545637453993
 0.99932238475780799
 0.9996988188657282
 0.99992470200870853
 1.0000000001695784
 0.99992470200871164
 0.99969881886573431
 0.99932238475781698
 0.9987954563745518
 0.99811811306941489
 0.99729045684781659
 0.9963126123517394
 0.99518472684096826
 0.9939069701709119
 0.992479534767025
 0.99090263559582892
 0.98917651013253838
 0.98730141832529883
 0.98527764255603956
 0.98310548759794747
 0.98078528056956915
 0.97831737088554893
 0.9757021302040072
 0.97293995237057151
 0.97003125335906304
 0.96697647120885388
 0.96377606595889964
 0.96043051957845937
 0.95694033589451133
 0.95330604051588053
 0.94952818075408307
 0.94560732554090299
 0.94154406534271329
 0.93733901207155412
 0.93299279899298104
 0.92850608063069706
 0.92387953266798417
 0.91911385184594763
 0.91420975585858932
 0.90916798324472647
 0.90398929327676936
 0.89867446584637867
 0.89322430134701591
 0.8876396205534075
 0.88192126449793906
 0.87607009434399852
 0.87008699125628886
 0.86397285626812759
 0.85772861014575441
 0.8513551932496668
 0.84485356539300638
 0.83822470569701335
 0.8314696124435752
 0.82458930292488852
 0.81758481329025923
 0.81045719839006169
 0.80320753161688241
 0.79583690474387114
 0.78834642776032371
 0.78073722870452167
 0.77301045349385389
 0.76516726575224581
 0.75720884663492172
 0.7491363946505275
 0.74095112548063902
 0.73265427179668552
 0.72424708307431396
 0.71573082540522148
 0.70710678130648785
 0.69837624952743249
 0.68954054485402816
 0.68060099791089823
 0.67155895496092999
 0.66241577770253279
 0.65317284306457024
 0.64383154299900081
 0.63439328427125408
 0.62485948824837789
 0.61523159068498545
 0.60551104150703561
 0.59569930459347953
 0.58579785755580582
 0.57580819151551788
 0.56573181087957669
 0.55557023311384224
 0.54532498851454847
 0.53499761997784734
 0.52458968276745355
 0.51410274428042724
 0.50353838381113103
 0.49289819231339266
 0.48218377216091401
 0.47139673690595923
 0.46053871103635979
 0.44961132973087276
 0.4386162386129287
 0.42755509350280668
 0.41642956016827437
 0.40524131407372899
 0.3939920401278787
 0.38268343243000186
 0.37131719401482144
 0.35989503659603433
 0.34841868030853396
 0.33688985344936373
 0.32531029221744223
 0.31368174045209807
 0.302005949370454
 0.29028467730369989
 0.27851968943229488
 0.26671275752013729
 0.25486565964774377
 0.24298017994447693
 0.23105810831986182
 0.21910124019403227
 0.20711137622734718
 0.19509032204921783
 0.18303988798618656
 0.17096188878929822
 0.15885814336080542
 0.1467304744802487
 0.13458070852995235
 0.12241067521997821
 0.11022220731257779
 0.098017140346185236
 0.085797312358991906
 0.073564563612144654
 0.061320736312609141
 0.049067674335740358
 0.03680722294760172
 0.024541228527074774
 0.012271538287801387
 1.2246467991473532e-16


# name: nen
# type: scalar
5


# name: nel
# type: scalar
256


# name: h
# type: scalar
0.00390625


