# Created by Octave 6.3.0, Tue Sep 14 02:30:37 2021 -03 <kuroneko@kuroneko-VirtualBox>
# name: alfa
# type: scalar
0


# name: beta
# type: scalar
640


# name: Lambda
# type: matrix
# rows: 5
# columns: 1
 0
 0.7071068072905673
 0.99999999999971745
 0.7071067550821285
 1.2246467991473532e-16


# name: nen
# type: scalar
5


# name: nel
# type: scalar
4


# name: h
# type: scalar
0.25


# name: xl
# type: matrix
# rows: 17
# columns: 1
 0
 0.0625
 0.125
 0.1875
 0.25
 0.3125
 0.375
 0.4375
 0.5
 0.5625
 0.625
 0.6875
 0.75
 0.8125
 0.875
 0.9375
 1


# name: U
# type: matrix
# rows: 4
# columns: 5
 -1.03684122050472e-06 0.19509416296048723 0.38268233494085258 0.55556454576911374 0.70710580736628814
 0.70710634089993041 0.83147136604545535 0.92387890140183881 0.9807831058970804 0.99999962273446119
 1.0000003772649739 0.98078389193817395 0.92387971895351273 0.83147221510770986 0.7071072214727655
 0.70710775500640777 0.55556652491981373 0.38268434560213299 0.19509620513234799 1.0368412206262364e-06


# name: x
# type: range
# base, limit, increment
0 1 0.0625


# name: exata
# type: matrix
# rows: 17
# columns: 1
 0
 0.19509032201612825
 0.38268343236508978
 0.55557023301960218
 0.70710678118654746
 0.83146961230254524
 0.92387953251128674
 0.98078528040323043
 1
 0.98078528040323043
 0.92387953251128674
 0.83146961230254546
 0.70710678118654757
 0.55557023301960218
 0.38268343236508989
 0.19509032201612861
 1.2246467991473532e-16


