# Created by Octave 6.3.0, Tue Sep 14 02:30:38 2021 -03 <kuroneko@kuroneko-VirtualBox>
# name: alfa
# type: scalar
0


# name: beta
# type: scalar
2560


# name: Lambda
# type: matrix
# rows: 17
# columns: 1
 0
 0.19509032202903565
 0.382683432386347
 0.55557023304491115
 0.70710678121203441
 0.83146961232490979
 0.92387953252792909
 0.9807852804123508
 1.0000000000006675
 0.98078528039541923
 0.92387953249587729
 0.8314696122812899
 0.70710678116200365
 0.55557023299503394
 0.38268343234434249
 0.19509032200348086
 1.2246467991473532e-16


# name: nen
# type: scalar
5


# name: nel
# type: scalar
16


# name: h
# type: scalar
0.0625


# name: xl
# type: matrix
# rows: 65
# columns: 1
 0
 0.015625
 0.03125
 0.046875
 0.0625
 0.078125
 0.09375
 0.109375
 0.125
 0.140625
 0.15625
 0.171875
 0.1875
 0.203125
 0.21875
 0.234375
 0.25
 0.265625
 0.28125
 0.296875
 0.3125
 0.328125
 0.34375
 0.359375
 0.375
 0.390625
 0.40625
 0.421875
 0.4375
 0.453125
 0.46875
 0.484375
 0.5
 0.515625
 0.53125
 0.546875
 0.5625
 0.578125
 0.59375
 0.609375
 0.625
 0.640625
 0.65625
 0.671875
 0.6875
 0.703125
 0.71875
 0.734375
 0.75
 0.765625
 0.78125
 0.796875
 0.8125
 0.828125
 0.84375
 0.859375
 0.875
 0.890625
 0.90625
 0.921875
 0.9375
 0.953125
 0.96875
 0.984375
 1


# name: U
# type: matrix
# rows: 16
# columns: 5
 -1.0810798051444309e-09 0.049067678317841576 0.098017139250293497 0.14673046832834188 0.19509032095027676
 0.19509032098718024 0.24298018376140432 0.29028467621594467 0.33688984752201484 0.38268343135136518
 0.38268343142375383 0.42755509700395672 0.47139673586436748 0.51410273880179347 0.55557023209348011
 0.55557023219857227 0.59569930764097156 0.63439328331266664 0.67155895013851052 0.70710678038071706
 0.70710678051447395 0.74095112795460849 0.77301045265250135 0.80320752763353698 0.83146961164565325
 0.83146961180293466 0.85772861194895389 0.88192126380412583 0.90398929028369202 0.92387953202683692
 0.92387953220159869 0.94154406640425259 0.95694033537345002 0.97003125146997393 0.9807852801086796
 0.98078528029420586 0.98917651041061638 0.99518472651182521 0.99879545566133265 0.99999999990608723
 1.0000000000952478 0.99879545585804297 0.99518472671608504 0.98917651062242573 0.98078528051356462
 0.98078528069909054 0.9700312520679345 0.95694033597895989 0.94154406701731186 0.92387953282220769
 0.92387953299696957 0.90398929126137406 0.88192126478935706 0.8577286129417343 0.83146961280326492
 0.83146961296054644 0.80320752895597958 0.77301045398249302 0.74095112929214935 0.7071067818595641
 0.70710678199332089 0.67155895175866376 0.63439328494036895 0.59569930927622294 0.55557023384137283
 0.55557023394646499 0.51410274066232775 0.47139673773245089 0.4275550988795892 0.38268343330693566
 0.38268343337932431 0.33688984955752327 0.29028467825900223 0.24298018581201108 0.1950903230453363
 0.19509032308223975 0.14673047046785406 0.098017141397354846 0.049067680472452108 1.0810799277484465e-09


# name: x
# type: range
# base, limit, increment
0 1 0.015625


# name: exata
# type: matrix
# rows: 65
# columns: 1
 0
 0.049067674327418015
 0.098017140329560604
 0.14673047445536175
 0.19509032201612825
 0.24298017990326387
 0.29028467725446233
 0.33688985339222005
 0.38268343236508978
 0.42755509343028208
 0.47139673682599764
 0.51410274419322166
 0.55557023301960218
 0.59569930449243336
 0.63439328416364549
 0.67155895484701833
 0.70710678118654746
 0.74095112535495911
 0.77301045336273699
 0.80320753148064483
 0.83146961230254524
 0.85772861000027212
 0.88192126434835494
 0.90398929312344334
 0.92387953251128674
 0.94154406518302081
 0.95694033573220894
 0.97003125319454397
 0.98078528040323043
 0.98917650996478101
 0.99518472667219682
 0.99879545620517241
 1
 0.99879545620517241
 0.99518472667219693
 0.98917650996478101
 0.98078528040323043
 0.97003125319454397
 0.95694033573220894
 0.94154406518302081
 0.92387953251128674
 0.90398929312344345
 0.88192126434835505
 0.85772861000027212
 0.83146961230254546
 0.80320753148064494
 0.7730104533627371
 0.74095112535495899
 0.70710678118654757
 0.67155895484701855
 0.63439328416364549
 0.59569930449243347
 0.55557023301960218
 0.51410274419322177
 0.47139673682599786
 0.42755509343028203
 0.38268343236508989
 0.33688985339222033
 0.29028467725446239
 0.24298017990326407
 0.19509032201612861
 0.1467304744553618
 0.098017140329560826
 0.049067674327417966
 1.2246467991473532e-16


