# Created by Octave 6.2.0, Mon Jun 21 16:32:27 2021 -03 <kuroneko@kuroneko-VirtualBox>
# name: xlSU
# type: matrix
# rows: 51
# columns: 1
 0
 0.02
 0.040000000000000001
 0.059999999999999998
 0.080000000000000002
 0.10000000000000001
 0.12000000000000001
 0.14000000000000001
 0.16
 0.17999999999999999
 0.19999999999999998
 0.21999999999999997
 0.23999999999999996
 0.25999999999999995
 0.27999999999999997
 0.29999999999999999
 0.32000000000000001
 0.34000000000000002
 0.36000000000000004
 0.38000000000000006
 0.40000000000000008
 0.4200000000000001
 0.44000000000000011
 0.46000000000000013
 0.48000000000000015
 0.50000000000000011
 0.52000000000000013
 0.54000000000000015
 0.56000000000000016
 0.58000000000000018
 0.6000000000000002
 0.62000000000000022
 0.64000000000000024
 0.66000000000000025
 0.68000000000000027
 0.70000000000000029
 0.72000000000000031
 0.74000000000000032
 0.76000000000000034
 0.78000000000000036
 0.80000000000000038
 0.8200000000000004
 0.84000000000000041
 0.86000000000000043
 0.88000000000000045
 0.90000000000000047
 0.92000000000000048
 0.9400000000000005
 0.96000000000000052
 0.98000000000000054
 1.0000000000000004


# name: hSU
# type: scalar
0.02


# name: uSU
# type: matrix
# rows: 51
# columns: 1
 0
 0.02
 0.040000000000000001
 0.059999999999999991
 0.080000000000000002
 0.10000000000000001
 0.12000000000000001
 0.14000000000000001
 0.16000000000000003
 0.18000000000000002
 0.20000000000000004
 0.22000000000000003
 0.24000000000000002
 0.26000000000000001
 0.28000000000000003
 0.30000000000000004
 0.32000000000000001
 0.34000000000000002
 0.36000000000000004
 0.38
 0.40000000000000002
 0.4200000000000001
 0.44000000000000006
 0.46000000000000008
 0.48000000000000009
 0.50000000000000011
 0.52000000000000013
 0.54000000000000015
 0.56000000000000016
 0.58000000000000018
 0.6000000000000002
 0.62000000000000022
 0.64000000000000001
 0.65999999999999859
 0.67999999999998784
 0.69999999999990803
 0.71999999999931796
 0.73999999999495836
 0.7599999999627447
 0.77999999972471623
 0.79999999796591037
 0.81999998496999571
 0.83999988894245226
 0.85999917938954684
 0.87999393646332325
 0.89995519618733533
 0.91966894211477201
 0.93755379471405387
 0.94192485191264008
 0.84644171678601487
 0


# name: x
# type: range
# base, limit, increment
0 1 0.02


# name: exata
# type: matrix
# rows: 51
# columns: 1
 0
 0.02
 0.040000000000000001
 0.059999999999999998
 0.080000000000000002
 0.10000000000000001
 0.12000000000000001
 0.14000000000000001
 0.16
 0.17999999999999999
 0.19999999999999998
 0.21999999999999997
 0.23999999999999996
 0.25999999999999995
 0.27999999999999997
 0.29999999999999999
 0.32000000000000001
 0.34000000000000002
 0.36000000000000004
 0.38000000000000006
 0.40000000000000008
 0.4200000000000001
 0.44000000000000011
 0.46000000000000013
 0.48000000000000015
 0.50000000000000011
 0.52000000000000013
 0.54000000000000015
 0.56000000000000016
 0.58000000000000018
 0.6000000000000002
 0.62000000000000022
 0.64000000000000001
 0.65999999999999859
 0.67999999999998761
 0.6999999999999067
 0.71999999999930886
 0.73999999999489119
 0.75999999996224898
 0.77999999972105361
 0.7999999979388468
 0.81999998477002067
 0.83999988746482568
 0.85999916847128133
 0.87999385578764711
 0.89995460007023798
 0.91966453737209797
 0.93752124782333401
 0.9416843611112653
 0.84466471676338017
 -4.2188474935755949e-14


